ID,longitude_predicted,latitude_predicted
0,-81.47341647723509,31.154477076582292
1,120.58358109999996,14.699997299999989
2,10.920095424006586,38.79095657454867
3,172.94416542443534,-43.41774380748054
4,-3.10552671563895,48.355467374564206
5,3.1876563908704156,51.34058838065594
6,-8.365720859048986,44.50172954362117
7,3.2397906065677144,51.3108391051717
8,29.28356882878591,40.84538339046789
9,16.463001233301842,38.27231834996564
10,-11.171927103399334,39.03474314868722
11,-5.4504684198021165,43.74402386155167
12,18.6570422174731,54.3780254270701
13,4.154545574196159,51.28691049538806
14,-74.60029614136403,40.38758028818855
15,10.368264168173082,59.522953869839945
16,153.15634271096854,-27.372767117827397
17,8.563531720012266,53.565274876562086
18,3.9584214923749004,51.378984541234
19,4.837273913954504,52.391223964986914
20,3.9717405702317388,53.09061894771491
21,4.093727626105386,51.32015510974701
22,103.75456528563613,1.1891091640610638
23,-122.4426421587378,47.31709908637828
24,-1.4235817426433304,50.901425508919054
25,3.170862653109353,51.321471425708424
26,-109.68861774989584,25.001756209403005
27,13.914370968812195,40.31694223979227
28,10.86069091787485,53.94371974789423
29,-15.400777366316502,28.164469228947542
30,134.84917328169652,34.70993240028449
31,18.655215056289414,54.40613216373785
32,4.118527756814444,51.29152409338405
33,16.47313480909092,37.5463243181818
34,10.873290326744831,53.952105516271786
35,14.86938304902107,56.46408725229981
36,8.549330615916983,53.574013926594404
37,116.0860556405583,6.040343507361939
38,8.552286756035498,53.57707281534212
39,0.9100679297343559,53.155920744568384
40,5.422454414423802,43.35796077354557
41,-73.89273812045455,20.71944293095959
42,3.868014237925401,54.383127650021095
43,10.475731924734955,41.63223186025801
44,106.76239636521322,10.639710551096407
45,-122.44304987338447,47.34506786491647
46,153.15831187145326,-27.3810720413557
47,-93.93670119285662,29.862782989762344
48,9.998444387593162,53.53161774058408
49,3.2415081180197594,51.31069317252357
50,16.04753761902685,37.3205095863822
51,3.2415081180197594,51.31069317252357
52,-4.552914100530955,36.66878005927906
53,-1.0818771344941474,50.72651190680921
54,-122.45491249264181,47.30272029561058
55,124.50442528405657,-33.09306535128624
56,174.5149145000001,-42.09562139999999
57,11.660749203098568,57.99119314541716
58,-0.30422163159145305,39.44401180935747
59,29.46792745591155,40.712426040664816
60,30.783982799404107,37.1865925004677
61,8.549330615916983,53.574013926594404
62,-8.770312516981056,42.23012018439146
63,8.069357239360723,53.83498331673192
64,115.67500730434581,-32.04397778129616
65,8.540834277034913,53.572709296998
66,0.015462227503194002,39.558016925240516
67,12.39936542505259,54.738605603570576
68,1.0075684736184276,50.88140592523226
69,-11.174820061592584,31.58084230951379
70,2.998287470337798,51.320329025333216
71,2.998287470337798,51.320329025333216
72,7.202928758011979,53.97752185877355
73,12.378020888343379,41.478595592626895
74,6.341509268853331,53.645952376142596
75,7.164424852958367,53.33524826222499
76,2.4430043140585997,52.17770430079184
77,174.9254520227058,-35.93253847846206
78,-122.59299026437067,37.4138336572826
79,16.875470779588746,37.84059891056431
80,0.3109843266666666,38.98811338666664
81,2.831446798704731,51.590013249866416
82,15.012391783482899,38.460649496068385
83,31.543898369109932,36.11607851937172
84,13.230462499999993,54.985035399999944
85,-12.73695102522727,30.529470252795832
86,11.86451254594099,54.54064834622579
87,31.104619612896837,36.40895143520854
88,-4.244635684325398,36.08902578702384
89,-7.860666878770969,36.438107588919095
90,9.811628817307087,42.11215028163194
91,12.61706311357512,54.66084470934078
92,-0.2463848040062549,54.70022139821027
93,-67.51426021120895,17.749557476969393
94,9.547182812974796,57.80099031267091
95,-73.40129003455296,40.41613353928
96,0.1439865740301741,49.491846617984194
97,-9.5217814071748,43.559274243462504
98,8.369323666222082,53.82774907750995
99,-1.7897839320549493,50.74425727760484
100,-81.30090447657018,30.45496202215851
101,-80.53883924206698,31.352419530554286
102,-15.879348355871674,26.00453432845354
103,2.8121143669702797,52.04301247677471
104,-8.753491631069856,42.22922571861085
105,5.10029601140677,52.64350299145681
106,-9.709269404112595,38.27219131511709
107,8.214826251822348,57.29580385911175
108,4.394432616247111,53.03956170282271
109,2.4176190565857043,51.5222587881338
110,-5.727337177765576,51.506079628929086
111,3.2866156152707804,51.46270239963877
112,2.254745552249959,51.31907447814105
113,-4.92895713347541,51.14413528037643
114,2.8612803760483363,51.35743776662191
115,14.974767539234367,55.48467849824347
116,2.0159886015265602,40.87699365168492
117,9.72173126666668,53.587703649999995
118,9.37757210424871,43.5622681627611
119,1.7065508181671751,40.75082335931299
120,115.66277789415872,-31.939586521314908
121,-4.39959091521394,50.31669860331628
122,-5.337690506035138,48.95749595101756
123,12.469362554909107,54.913864601536204
124,8.564686340709208,53.57819761704789
125,1.9538992340884354,51.247610823569666
126,13.402887600000003,54.96503969999999
127,9.26704477742912,57.51961606686914
128,14.1523697,56.08664504999999
129,9.93368972866979,42.18577293717515
130,1.801800279166667,51.4742236125
131,21.623622939109406,59.91159352744019
132,-11.30211875722139,39.45903188673773
133,3.4151054199208586,53.309143093401346
134,-4.430592959605956,50.315628278155835
135,0.31094412666666654,39.00200188666665
136,29.28356882878591,40.84538339046789
137,-11.151245316197846,31.604558920698004
138,-109.63323895008183,25.060663777506274
139,-4.552914100530955,36.66878005927906
140,13.212176799999991,54.99730129999993
141,4.837273913954504,52.391223964986914
142,134.84917154979962,34.70993652623213
143,-81.47341647723509,31.154477076582292
144,29.46792745591155,40.712426040664816
145,0.015462227503194002,39.558016925240516
146,-11.481350627835198,37.69226794785489
147,7.164424852958367,53.33524826222499
148,115.66277969415874,-31.93959192131491
149,18.657038574755866,54.37802732265257
150,-74.60029614136403,40.38758028818855
151,10.369449327049757,59.52135284906766
152,4.154545574196159,51.28691049538806
153,153.15634271096854,-27.372767117827397
154,3.9584214923749004,51.378984541234
155,8.563531720012266,53.565274876562086
156,4.093727626105386,51.32015510974701
157,3.971740470231739,53.09061883104825
158,103.75592074946962,1.1889585622517844
159,-7.901302913573059,36.44794413270544
160,-122.4426421587378,47.31709908637828
161,-1.4235814861162366,50.9014256529831
162,-8.34753832293158,44.54071237480922
163,10.86069091787485,53.94371974789423
164,3.170862653109353,51.321471425708424
165,9.463149071590069,57.77647247127813
166,13.914370768812196,40.316942539792265
167,-15.4007770663165,28.164469012280875
168,18.65521418209671,54.40613343498273
169,4.118527756814444,51.29152409338405
170,14.188491099999998,56.10208348666666
171,8.549330615916983,53.574013926594404
172,14.869378104576626,56.46407886063314
173,10.873290326744831,53.952105516271786
174,8.552286756035498,53.57707281534212
175,116.08605855722497,6.04034303236194
176,-73.88800952045456,20.72611563095959
177,0.9100679297343559,53.155920744568384
178,146.46969169653542,-17.941075011675817
179,5.421661614423801,43.35865417354557
180,3.2397906065677144,51.3108391051717
181,10.475731592360107,41.632231824708555
182,18.275348033333326,57.77992913333335
183,106.7623959382291,10.639710701890058
184,-122.44304987338447,47.34506786491647
185,153.15831187145326,-27.3810720413557
186,-93.93670119285662,29.862782989762344
187,-11.159080957130932,39.062459330232485
188,20.590166800000006,58.050614400000015
189,8.540834277034913,53.572709296998
190,9.998449435196793,53.53161508582058
191,3.2415081180197594,51.31069317252357
192,3.2415081180197594,51.31069317252357
193,-1.0824615344941473,50.72653340680921
194,-122.45491249264181,47.30272029561058
195,124.50143183961212,-33.09424964017514
196,9.191514316978717,57.492868482731154
197,-0.3042423849247864,39.443992231067426
198,11.660749203098568,57.99119314541716
199,-1.5220868753393773,50.07008883695069
200,2.4430351940586004,52.17697518079184
201,-3.1164738210101732,48.35095850889857
202,-122.59299026437067,37.4138336572826
203,12.347936177510048,41.49964072262688
204,16.051750869784424,37.322864542316545
205,16.462758375696502,38.27246532664064
206,-12.716790187132032,30.551183339700597
207,-8.753491631069856,42.22922571861085
208,6.343153668853331,53.64579794280926
209,-16.317220599847506,24.789529613687492
210,2.2691498927465616,51.32450281552271
211,30.780245199404114,37.1860975004677
212,11.852927906060035,54.53112892944007
213,-4.913012679174597,51.15119600269658
214,8.549330615916983,53.574013926594404
215,115.67500232767915,-32.043980977962825
216,8.009352441347723,53.85003549707594
217,174.5170151000001,-42.1110018
218,-67.52317616120894,17.74992899363606
219,-11.304906329443611,39.44227055340439
220,-9.471476407007229,40.78246042810888
221,-9.715169740832485,38.28801561491941
222,12.61706311357512,54.66084470934078
223,-5.642399546453132,43.75790736589502
224,1.9942355041228765,51.26867513059942
225,174.92344000616384,-35.96107868183277
226,9.737787133333338,53.57770470833334
227,8.564769271582225,53.57828035292089
228,31.104616012896845,36.40896163520854
229,-8.770312516981056,42.23012018439146
230,9.93337292866979,42.179194137175145
231,-81.30090447657018,30.45496202215851
232,8.369323666222082,53.82774907750995
233,31.543801169109944,36.116129919371716
234,3.275916757626671,51.46383609011497
235,2.8121143669702797,52.04301247677471
236,2.998287470337798,51.320329025333216
237,2.998287470337798,51.320329025333216
238,3.8665093379254016,54.3828721500211
239,16.42882260909092,37.55260541818179
240,8.112059460873018,57.25004020769839
241,7.024021218682123,53.95146042356746
242,15.115501218700459,55.52726007527089
243,-0.3644947284564853,54.72523457334779
244,14.971845630755624,38.45943152788655
245,0.14486756569684076,49.49188642631752
246,-4.116817665697947,36.10448399295523
247,13.378606700000004,54.96070049999999
248,12.360700479338304,54.69273654849121
249,-1.7897839320549493,50.74425727760484
250,-5.333898085439898,48.9594886513747
251,9.811628817307087,42.11215028163194
252,12.469384754909106,54.91350595153621
253,172.94417765199134,-43.417557827193434
254,-73.40567528975498,40.41536404897697
255,9.406718272074212,43.50457471096588
256,21.607982411029433,59.95111128454639
257,5.101302049978199,52.64194672859968
258,1.7717920577380952,51.465197762500004
259,2.86550146969913,51.366893995193344
260,-80.548162570097,31.340014091145726
261,-15.85963963057946,26.03726682726306
262,2.4107882301536825,51.522041926091006
263,16.917606117366518,37.84177534879793
264,2.8301825487047307,51.596952999866424
265,1.7312967181671752,40.76954445931299
266,0.9973849037007527,50.876017798335816
267,-9.472794771940734,43.636005173873166
268,-5.730624585881519,51.541672536605056
269,2.109558855153319,40.88368704895532
270,4.422632366321583,53.067728203225315
271,146.4692149965354,-17.940694911675813
272,-16.317220599847506,24.789529613687492
273,-7.932319070243694,36.45483702218772
274,-15.85963963057946,26.03726682726306
275,18.29416329999999,57.795850100000024
276,-4.552914100530955,36.66878005927906
277,120.65746969999998,14.668802799999995
278,3.9584214923749004,51.378984541234
279,-8.342046332034055,44.548656056550925
280,29.28356882878591,40.84538339046789
281,-11.473448600959296,37.710608629985124
282,-81.47341647723509,31.154477076582292
283,-5.678267973038212,43.76026534456636
284,7.164424852958367,53.33524826222499
285,115.6627836386032,-31.939594962981573
286,18.657041008971326,54.378029100826744
287,-74.60029614136403,40.38758028818855
288,10.369449840285053,59.521352740407536
289,4.154545574196159,51.28691049538806
290,153.15634271096854,-27.372767117827397
291,8.563531720012266,53.565274876562086
292,4.837273913954504,52.391223964986914
293,3.9717405868984046,53.09061879961967
294,4.093727626105386,51.32015510974701
295,103.75592074946962,1.1889585622517844
296,-1.4235814861162366,50.9014256529831
297,-122.4426421587378,47.31709908637828
298,13.914812641443689,40.31697249647666
299,14.225978266666665,56.08752138190475
300,-0.4820690887280804,54.74835461726638
301,-15.4007770663165,28.164469012280875
302,18.65521466786594,54.40613426049555
303,134.8491595173136,34.70996913728255
304,4.118527756814444,51.29152409338405
305,10.873290326744831,53.952105516271786
306,14.870921779576628,56.46446314396648
307,8.549330615916983,53.574013926594404
308,8.552286756035498,53.57707281534212
309,116.08605985722502,6.040381349028606
310,0.9100679297343559,53.155920744568384
311,5.421661614423801,43.35865417354557
312,3.2397906065677144,51.3108391051717
313,10.475733400052416,41.63223183240087
314,-109.56548440149427,25.132320017401806
315,106.76239633822914,10.639710001890057
316,0.3121375599999999,39.020573653333315
317,-1.5223312753393776,50.06803623695069
318,-122.44304987338447,47.34506786491647
319,153.15831187145326,-27.3810720413557
320,-93.93670119285662,29.862782989762344
321,9.998452243004182,53.531614178594864
322,8.540834277034913,53.572709296998
323,3.2415081180197594,51.31069317252357
324,3.2415081180197594,51.31069317252357
325,-1.0824924724941474,50.72652606180922
326,-73.88690552045455,20.73211123095959
327,124.5020674396121,-33.09366184017513
328,20.61213940000001,58.076347200000015
329,-122.45491249264181,47.30272029561058
330,11.660749203098568,57.99119314541716
331,29.46792745591155,40.712426040664816
332,-0.30424301349621496,39.4439928029289
333,16.525961125716382,38.25280248192632
334,9.399802443440404,57.7527081455477
335,30.778524099404116,37.185909700467704
336,16.032842356229647,37.303577089799056
337,8.549330615916983,53.574013926594404
338,12.293399385404786,41.53595299262689
339,115.67500232767915,-32.043980977962825
340,-8.753491631069856,42.22922571861085
341,-8.770312516981056,42.23012018439146
342,-12.698151987132032,30.57261883970059
343,0.015462227503194002,39.558016925240516
344,-81.30090447657018,30.45496202215851
345,6.343153668853331,53.64579794280926
346,-11.125430076197842,31.626192387364686
347,172.94422985199134,-43.417600627193444
348,-122.59299026437067,37.4138336572826
349,9.151415241437594,57.477578865198666
350,-9.496557545487635,40.709679276742584
351,174.5113044000001,-42.11554679999999
352,2.829620248704731,51.600296942723574
353,16.363075509090905,37.56721231818181
354,3.170862653109353,51.321471425708424
355,2.0479927218407585,39.527386262166075
356,13.04136808809524,55.089320783333314
357,-4.04873200042017,36.11544676962188
358,14.940590892660389,38.465337292172265
359,-67.54023837939077,17.7569813299997
360,-9.432945976777471,43.693033640957225
361,-73.40567528975498,40.41536404897697
362,-1.7896793397472572,50.74421886991253
363,0.14501659694684077,49.49192207881753
364,5.109217426616855,52.640039952913405
365,-80.56429778061552,31.326523823541308
366,2.4430626940586,52.176729680791844
367,-11.308475751189643,39.41954254142026
368,-5.724605996858093,51.57812999793307
369,3.276751057626671,51.46421209011496
370,1.7350588181671753,40.774957859312984
371,0.9902007247182522,50.872391817108756
372,21.614315684131885,59.954014511140905
373,4.444770568896687,53.09102585238549
374,2.4107882301536825,51.522041926091006
375,12.61706311357512,54.66084470934078
376,2.8121143669702797,52.04301247677471
377,2.0353955857938586,51.295074809752904
378,2.271706846382925,51.328153203704524
379,2.998287470337798,51.320329025333216
380,2.998287470337798,51.320329025333216
381,2.1087126557862303,40.88384860169795
382,3.8706338589338056,54.38174405044128
383,-9.71829497347739,38.29887534821719
384,8.090149989873739,57.23658801220777
385,6.980367840766226,53.95087149121919
386,15.223318341172439,55.562422951154424
387,7.9391435034314695,53.86651269531245
388,9.749026477777779,53.56845225277776
389,174.92082902378354,-35.968886748167215
390,-4.895462169710676,51.15702407599576
391,12.279287919338303,54.61246903849122
392,9.40808296379642,43.496206232990374
393,9.811628817307087,42.11215028163194
394,12.469384754909106,54.91350595153621
395,8.564839100642983,53.57835227309927
396,31.10289491289685,36.40877383520854
397,13.369155000000005,54.96064529999998
398,-5.333898085439898,48.9594886513747
399,10.86069091787485,53.94371974789423
400,11.857626858440987,54.533585896323196
401,8.384749437965636,53.82610796680682
402,17.324917666241223,37.73720942132504
403,9.92917602866979,42.167448687175145
404,31.543803269109944,36.11612941937172
405,1.773491257738095,51.4659547625
406,2.8593530300021603,51.36642266600143
407,29.28356882878591,40.84538339046789
408,-11.117384447626414,31.633244573078972
409,120.65781059999999,14.669254399999993
410,-16.285851019535848,24.874065166756004
411,-12.693766693084413,30.61122213315298
412,-3.647948171130072,51.31883802856658
413,-15.815787037473767,26.12829303505648
414,29.46792745591155,40.712426040664816
415,3.858159185220755,54.4083344410493
416,-3.9445272823646116,36.126724906844075
417,-8.113061749423888,36.49784819670346
418,-5.751570775119742,43.76530959792492
419,20.7689408,58.137748300000005
420,-5.369584123748659,47.897632722540685
421,4.118527756814444,51.29152409338405
422,-9.723863103666549,38.317889869462284
423,9.99844775938137,53.531616896179436
424,3.2415081180197594,51.31069317252357
425,-1.0801240634974547,50.72681254198087
426,-81.47341647723509,31.154477076582292
427,7.793056824801177,53.90514910934497
428,124.50442909397718,-33.09306074168307
429,-122.45491249264181,47.30272029561058
430,12.607279494630209,54.66151602462274
431,11.660749203098568,57.99119314541716
432,-0.30422035562464206,39.44401427009338
433,16.52538082596924,38.25298831298385
434,-11.435592314875803,37.81986945600746
435,30.78560019940411,37.185456700467704
436,8.549330615916983,53.574013926594404
437,115.67501741434585,-32.04397986796282
438,0.015462227503194002,39.558016925240516
439,-8.770312641981057,42.23012025939147
440,2.9982875879848563,51.3203289018038
441,2.9982875879848563,51.3203289018038
442,9.723672077777778,53.570667027777766
443,7.164424852958367,53.33524826222499
444,9.02488078540585,57.44494308043675
445,115.66277789415872,-31.939586521314908
446,18.65703785610367,54.37802560246334
447,-74.60029614136403,40.38758028818855
448,10.374362087567393,59.516510349992394
449,4.154545574196159,51.28691049538806
450,-16.757080875408505,23.930476987770763
451,153.15634271096854,-27.372767117827397
452,8.563531720012266,53.565274876562086
453,3.958601139743321,51.378977841234
454,-5.732892182387641,51.62111066294361
455,12.193341528655699,41.59668173735216
456,4.093727626105386,51.32015510974701
457,3.9706049077317385,53.09432436715936
458,4.837273913954504,52.391223964986914
459,103.75592074946962,1.1889585622517844
460,-1.4235831932430285,50.90142460466846
461,-122.4426421587378,47.31709908637828
462,146.6818940388907,-18.348344291074387
463,-8.214801555156274,44.69532353834655
464,3.170862653109353,51.321471425708424
465,13.914873636580229,40.31697638573623
466,-73.88744606545454,20.73646478095959
467,16.349978209090917,37.57071461818181
468,-15.400383033814185,28.173970966675146
469,-4.5440612280810795,50.30934322706651
470,18.65521484385815,54.40613306102454
471,8.549330615916983,53.574013926594404
472,134.8491668396798,34.70993547779148
473,10.873290326744831,53.952105516271786
474,2.171893774064702,51.375091468150224
475,14.870924199021069,56.464468502299816
476,116.08556016227821,6.040013213915825
477,0.9100679297343559,53.155920744568384
478,8.552286756035498,53.57707281534212
479,13.75977307803705,39.8146614731103
480,3.2397906065677144,51.3108391051717
481,174.5114291000001,-42.115789799999995
482,14.214025475000001,56.10360577857143
483,6.337912897424759,53.64786204280926
484,172.94444190228896,-43.41753135698992
485,10.47573287989979,41.632231708160944
486,106.76239513918152,10.639710508556725
487,6.785458359499837,53.92558579062767
488,-8.753491631069856,42.22922571861085
489,9.31888271652156,57.71746967516614
490,15.951402160630913,37.23520995046154
491,0.9411854650693534,50.85503161898824
492,-93.93670119285662,29.862782989762344
493,-122.44304987338447,47.34506786491647
494,14.898669431827056,38.451593619672266
495,153.15831187145326,-27.3810720413557
496,-0.49719202128940326,54.761179641725406
497,-5.3513991519875175,48.956768590660424
498,2.4430043140585997,52.17770430079184
499,174.92181102955112,-35.95732033153463
500,2.8121143669702797,52.04301247677471
501,2.000079603841412,40.86556227421062
502,21.70857627199412,60.052429791782124
503,2.1438197113535957,39.52375384717116
504,-4.687643344197248,51.15411919251314
505,8.564612781885678,53.57812063469494
506,-122.59299026437067,37.4138336572826
507,-81.30090447657018,30.45496202215851
508,9.815811104509308,42.13855227564503
509,11.82568853745107,54.528487540550195
510,31.54676566910993,36.113541619371716
511,31.107487912896843,36.406415535208545
512,8.384749437965636,53.82610796680682
513,17.40079072737911,37.72979695719068
514,9.934056597270981,42.1604903243099
515,-11.12554296509848,39.13098580593034
516,2.866447366957427,51.357115257531014
517,-11.34332365824592,39.31767347774061
518,-9.383762396963977,43.75241379169882
519,4.478528084290148,53.12778421663543
520,10.86069091787485,53.94371974789423
521,-67.54618197939078,17.756158529999695
522,5.422454414423802,43.35796077354557
523,3.216348751024273,51.46041423072868
524,12.89942448809524,55.14534528333333
525,-9.516543349794995,40.647200037938475
526,2.8259575022761596,51.58393847367594
527,1.7065261657862225,40.750807595027275
528,8.00655673099567,57.187628661544004
529,0.13721672554241185,49.49368643144574
530,3.2415081180197594,51.31069317252357
531,2.405515899002889,51.522809344146566
532,15.339726271708377,55.60502515669064
533,13.346463829782223,40.89882242878407
534,-73.41242301566926,40.41561095131971
535,5.107591008073437,52.640881598123485
536,12.245568587781525,54.58271577819819
537,-1.7897840557391598,50.74425721313115
538,-80.58699691803977,31.306833154254214
539,12.490514514115516,54.94822176392643
540,-4.553239541440044,36.66723732291542
541,8.540834277034913,53.572709296998
542,2.30916059097167,51.343611023495285
543,13.323099100000004,54.9528166
544,9.460501063253439,43.40012013533376
545,-1.5472760107148718,50.041998148222575
546,1.7354421267857145,51.44159576964285
547,-5.499151848212895,35.958839095261425
548,120.6567275,14.668587599999993
549,0.33464614999999986,39.05091948333332
550,-11.122861829174052,39.149415615434386
551,-81.47341647723509,31.154477076582292
552,29.46792745591155,40.712426040664816
553,2.208193590717188,51.4019133757799
554,0.015462227503194002,39.558016925240516
555,20.746524100000002,58.13863090000001
556,7.763267431982603,53.916954835289644
557,13.704003835146418,39.07608249551501
558,-8.188447743500866,44.73738698586281
559,13.914873636580229,40.31697638573623
560,174.919907237797,-35.95836838831504
561,-11.405829585659937,39.196991630508094
562,3.2397906065677144,51.3108391051717
563,10.475732313550584,41.632231580303795
564,-122.44304987338447,47.34506786491647
565,153.15831187145326,-27.3810720413557
566,-93.93670119285662,29.862782989762344
567,29.28356882878591,40.84538339046789
568,-4.60320591761733,50.2982095352125
569,9.998447877566155,53.53161646299038
570,3.2415081180197594,51.31069317252357
571,8.540834277034913,53.572709296998
572,-4.551953417251733,36.66501227264485
573,3.2415081180197594,51.31069317252357
574,-1.0827710700889333,50.726457742653885
575,11.611785218298559,41.873034353899754
576,-122.45491249264181,47.30272029561058
577,174.51039140000012,-42.112677399999995
578,124.50380005469147,-33.09333123811164
579,-5.281012267495889,47.80550764786763
580,146.62527979104416,-18.2418544627859
581,11.660749203098568,57.99119314541716
582,-0.304241658496215,39.44399296106742
583,-3.102931021010174,48.35837320889856
584,16.526436192831987,38.252702654552486
585,8.549330615916983,53.574013926594404
586,30.780245199404114,37.1860975004677
587,115.67500345434583,-32.04398165462949
588,-8.770312516981056,42.23012038094319
589,2.9982875879848563,51.3203289018038
590,2.9982875879848563,51.3203289018038
591,8.950162717970784,57.42684641207097
592,9.761635877777776,53.55677805277777
593,5.106197079978199,52.64145733526634
594,7.164424852958367,53.33524826222499
595,3.1876563908704156,51.34058838065594
596,-12.648313497012985,30.6595843053752
597,115.66277969415874,-31.93959192131491
598,3.170862653109353,51.321471425708424
599,18.657036005908623,54.378026568049506
600,-74.60029614136403,40.38758028818855
601,4.154545574196159,51.28691049538806
602,153.15634271096854,-27.372767117827397
603,8.563531720012266,53.565274876562086
604,3.958601139743321,51.378977841234
605,10.373932458507559,59.51344093806934
606,0.14490797200994432,49.49191863739378
607,-16.188611655630798,25.069842210774027
608,-8.753491631069856,42.22922571861085
609,4.837273913954504,52.391223964986914
610,3.9706044160650724,53.09432433382602
611,103.75592074946962,1.1889585622517844
612,4.093727626105386,51.32015510974701
613,9.815811104509308,42.13855227564503
614,-122.4426421587378,47.31709908637828
615,-5.729805659126639,51.67606006566379
616,-1.4235814861162366,50.9014256529831
617,-73.87660766545454,20.763986680959587
618,-9.314452973051168,43.84592947869045
619,-3.634937301733035,51.334858140508274
620,-9.54631745545678,40.593818311340954
621,172.94412706597944,-43.41760759687087
622,-11.372432878806642,38.00660691762947
623,9.201345415450692,57.673956516716515
624,-15.400617902188928,28.16311630525003
625,4.514512474570096,53.16958367116337
626,4.118527756814444,51.29152409338405
627,2.8340836522761594,51.592401723675955
628,0.9352068153302961,50.85015965532662
629,18.65521297279503,54.406132772670865
630,6.709321480070818,53.91671406989861
631,-4.6007434886842535,51.14349719696676
632,134.84916668825903,34.70993871897722
633,-0.6689423891132268,54.78744125961086
634,10.873290326744831,53.952105516271786
635,-1.5576191437917948,50.04773700924821
636,13.798082270224095,39.80731576959746
637,14.870919699021075,56.46446010229981
638,2.1631325335041947,39.524344067924225
639,14.879210868255631,38.43190944538656
640,-9.731201962957572,38.350086737764876
641,-122.59299026437067,37.4138336572826
642,8.552286756035498,53.57707281534212
643,31.543893569109937,36.11608791937172
644,-81.30090447657018,30.45496202215851
645,-8.243030759029471,36.528915375334506
646,31.104615012896843,36.408960635208544
647,8.398110068146261,53.82423707197377
648,116.08556347894488,6.040013438915825
649,8.549330615916983,53.574013926594404
650,14.2173191,56.10891227499999
651,11.789415429858789,54.52746662881181
652,-67.54226421835182,17.754971831731297
653,15.905300637317419,37.19268297198931
654,0.9100679297343559,53.155920744568384
655,2.874433160608221,51.36873168610245
656,10.86069091787485,53.94371974789423
657,3.1893404017198725,51.46080838998823
658,12.61706311357512,54.66084470934078
659,16.274641437662343,37.581788046753246
660,1.7090699657862225,40.75345299502728
661,-1.7897840557391598,50.74425721313115
662,7.838322240803692,57.07354381119157
663,15.481013745928571,55.64760987542426
664,12.88072688809524,55.160251683333335
665,9.491921732516055,43.33388520442395
666,-80.60954341546544,31.27733795032839
667,2.4430351940586004,52.17697518079184
668,2.402740959442449,51.52239686063008
669,5.421661614423801,43.35865417354557
670,2.371693954337859,51.370650044741026
671,13.293119300000003,54.946360000000006
672,12.137551678946329,54.51178084531304
673,-5.363452771388459,48.95711368745504
674,2.8121143669702797,52.04301247677471
675,12.493247667680732,54.95260500123078
676,13.392627730792615,40.87361927855163
677,-73.42358298460572,40.415981758019925
678,21.709993965003918,60.06470565712786
679,6.337912897424759,53.64786204280926
680,106.76239513918152,10.639710508556725
681,8.564612781885678,53.57812063469494
682,1.998341264880373,40.866943132652175
683,17.427204594451457,37.72239481942614
684,9.937683556604313,42.138615179597764
685,1.6905693577380954,51.42084446250001
686,146.6154048993775,-18.225803871119236
687,13.704003835146418,39.07608249551501
688,-15.728382794023327,26.280173521473984
689,29.46792745591155,40.712426040664816
690,-8.753491631069856,42.22922571861085
691,-4.677370184306854,50.27930856096997
692,6.695474330070818,53.91418299489862
693,-121.80936591508588,34.20361710044185
694,11.195954355798564,42.07451457889975
695,-8.163465404186352,44.76935719130639
696,134.84916182541588,34.709949360741945
697,116.08557087894495,6.040049555582491
698,29.28356882878591,40.84538339046789
699,-9.568537150694874,40.54635928060682
700,11.660749203098568,57.99119314541716
701,-3.113085221010173,48.35233955889858
702,0.3388130499999999,39.05102248333332
703,13.818890210732865,39.802433099123775
704,-5.188525452712216,36.00278433798133
705,-12.371491201944444,34.279451879746645
706,14.870921829576632,56.46446309396648
707,4.118527756814444,51.29152409338405
708,-81.30090447657018,30.45496202215851
709,18.655213157433185,54.40613363184787
710,8.549330615916983,53.574013926594404
711,10.873290326744831,53.952105516271786
712,0.9100679297343559,53.155920744568384
713,8.552286756035498,53.57707281534212
714,10.475733729576225,41.6322317879961
715,3.2397906065677144,51.3108391051717
716,-9.739691585357905,38.399737631662994
717,-122.44304987338447,47.34506786491647
718,153.15831187145326,-27.3810720413557
719,-93.93670119285662,29.862782989762344
720,8.540834277034913,53.572709296998
721,9.998450113652106,53.531614143437764
722,3.2415081180197594,51.31069317252357
723,-4.5590873049184,36.66082093753374
724,3.2415081180197594,51.31069317252357
725,-4.586686978533924,51.13600516718148
726,-81.47341647723509,31.154477076582292
727,-1.087837924880088,50.72649364117969
728,174.5083978000001,-42.117346000000005
729,-122.45491249264181,47.30272029561058
730,124.50206928524703,-33.093658352000524
731,-0.3042886784817849,39.44447497295415
732,120.65711925,14.668391374999993
733,8.90936288433442,57.40320613293676
734,16.525961125716382,38.25280248192632
735,174.91659324384761,-35.98708724387694
736,115.6750086210125,-32.04397990462949
737,8.549330615916983,53.574013926594404
738,30.778524099404116,37.185909700467704
739,-8.770312516981056,42.23012038094319
740,0.015462227503194002,39.558016925240516
741,2.9982875879848563,51.3203289018038
742,2.9982875879848563,51.3203289018038
743,9.764023377777779,53.55369115277776
744,5.109217426616855,52.640039952913405
745,7.164424852958367,53.33524826222499
746,-0.6634924391132269,54.78281975961086
747,115.66290125319156,-31.939392116568325
748,18.657036424292713,54.378030058195456
749,10.369444023666292,59.508358928942336
750,4.154545574196159,51.28691049538806
751,-74.60029614136403,40.38758028818855
752,9.095760378363197,57.64305224039036
753,153.15634271096854,-27.372767117827397
754,8.563531720012266,53.565274876562086
755,3.958601139743321,51.378977841234
756,-5.719691049262838,51.73348428414264
757,2.2908221484176168,51.45383156558913
758,0.14532861784327766,49.49194362489379
759,12.61706311357512,54.66084470934078
760,3.9706048618984044,53.094324599619675
761,-12.61873254367965,30.693311103708528
762,4.837273913954504,52.391223964986914
763,4.093727626105386,51.32015510974701
764,103.75592074946962,1.1889585622517844
765,-122.4426421587378,47.31709908637828
766,-3.634937301733035,51.334858140508274
767,-73.87083116545453,20.77370958095959
768,-1.423581503357616,50.901425366776195
769,9.815811104509308,42.13855227564503
770,20.7671522,58.13927500000002
771,31.102895312896848,36.40878243520854
772,6.339557297424759,53.64770760947592
773,3.1308168781359575,51.45853036810261
774,172.94416618264611,-43.41764941353755
775,13.914873436580228,40.31697668573623
776,-5.213739308033596,47.73709939751961
777,5.421661614423801,43.35865417354557
778,15.834739429182912,37.128937453256796
779,12.874522888095239,55.18009278333332
780,2.4700964986624574,51.376570593766644
781,3.170862653109353,51.321471425708424
782,2.095760979166087,40.87508120408075
783,1.6228952823412695,51.390430769246024
784,2.8121143669702797,52.04301247677471
785,8.564765541819451,53.578275290746326
786,4.568072482411821,53.22930250727497
787,-122.59462421576903,37.41971641285406
788,11.711196025388494,54.535575739585305
789,15.608678723911973,55.69222877906058
790,-68.23342360981971,36.79641834088793
791,8.398110068146261,53.82423707197377
792,11.820457738845498,54.38337028464638
793,16.240243909090907,37.59390401818182
794,31.543802969109944,36.116134719371715
795,2.404104626109116,51.521746127296744
796,9.505601116293299,43.29629740074114
797,18.856351799999988,58.18316209999999
798,2.864520020911251,51.36610015691053
799,-8.34799713232935,36.55279717259219
800,106.7623956391815,10.639709908556725
801,-5.376609092726843,48.952155087581296
802,12.493247667680732,54.95260500123078
803,13.219566600000002,54.922141700000005
804,-73.56958937477903,40.42629970776022
805,21.74287726645772,60.075615303093585
806,-67.54375941835183,17.755618431731296
807,14.28405328,56.09732392666665
808,9.937681056604314,42.12366132959776
809,-1.5643103545060808,50.044306725319636
810,-11.414203947088508,39.16653141314879
811,-11.365038025075746,38.03099141807618
812,-9.266222788825804,43.899640004042816
813,13.560751889472183,40.77847344217521
814,17.433208087784788,37.71803871609281
815,-15.400617902188928,28.16311630525003
816,2.8332154445320517,51.59900990592704
817,0.9261113334092462,50.84560000663452
818,-80.63417485457184,31.2544322860401
819,10.86069091787485,53.94371974789423
820,7.75472406363024,53.92107719038075
821,14.86477578849373,38.43423819836275
822,1.7399844857862228,40.77958829502727
823,-1.7896794634314677,50.74421880543884
824,7.757419164297527,56.97380243564666
825,2.4430629940585997,52.17672978079184
826,2.169148598781972,39.52394484368986
827,29.28356882878591,40.84538339046789
828,-81.47341647723509,31.154477076582292
829,-3.1064214656389497,48.36078757456421
830,-5.190669465966496,47.71952951440633
831,10.934315951018496,42.210788258954
832,146.46408294315017,-17.96917484081502
833,3.958601139743321,51.378977841234
834,-16.079821201858298,25.221399621489603
835,-12.393727911944444,34.25720045974665
836,-4.5590873049184,36.66082093753374
837,174.49272501428584,-42.13129012857143
838,29.46792745591155,40.712426040664816
839,-5.390031507503485,48.94263873810022
840,0.015462227503194002,39.558016925240516
841,2.828715902276159,51.58813727367595
842,18.65703848385318,54.378023806302025
843,4.154545574196159,51.28691049538806
844,153.15634271096854,-27.372767117827397
845,10.369308350067394,59.507521420825725
846,8.563531720012266,53.565274876562086
847,-74.60029614136403,40.38758028818855
848,3.9705077477317388,53.09498552715936
849,4.837273913954504,52.391223964986914
850,4.093727626105386,51.32015510974701
851,103.75592074946962,1.1889585622517844
852,120.67508004999999,14.662498874999997
853,-122.4426421587378,47.31709908637828
854,-1.4235829482430282,50.90142458966846
855,-8.150690509449511,44.78068051762215
856,13.914873636580229,40.31697638573623
857,-15.400223527188928,28.172621250250028
858,4.118527756814444,51.29152409338405
859,-81.30090447657018,30.45496202215851
860,134.84916352241783,34.709932434101006
861,18.655212674927256,54.40613143664564
862,14.870923367354402,56.464467893966486
863,10.873290326744831,53.952105516271786
864,-5.058396969262331,36.01912325548799
865,8.552286756035498,53.57707281534212
866,8.549330615916983,53.574013926594404
867,116.08557717553653,6.040013830226979
868,0.9100679297343559,53.155920744568384
869,3.2397906065677144,51.3108391051717
870,2.322792761361473,51.47533201084847
871,10.475733125018998,41.63223107409886
872,106.76239546239577,10.639710646056724
873,-122.44304987338447,47.34506786491647
874,153.15831187145326,-27.3810720413557
875,-93.93670115135183,29.86278277043606
876,8.540834277034913,53.572709296998
877,3.2415081180197594,51.31069317252357
878,3.2415081180197594,51.31069317252357
879,174.91580847076304,-35.98060640051263
880,-1.085299424880088,50.726823391179686
881,-9.202839953363293,43.97410736142385
882,124.50443267969148,-33.093044771444966
883,-16.64028863244631,24.113515235583563
884,-118.54592939999992,25.922312499999997
885,-122.45491249264181,47.30272029561058
886,11.660749203098568,57.99119314541716
887,-0.30426745324368965,39.44449391604938
888,-15.649060100966697,26.447651925118006
889,13.851373584874402,39.75609840952726
890,16.525380397590865,38.252988545686556
891,-4.532456862575033,51.159688609716596
892,8.73850273310988,57.353461692512575
893,-10.981783937031175,31.73951730569801
894,115.6750385685125,-32.04397915546282
895,0.13767500064526783,49.493734654556256
896,8.549330615916983,53.574013926594404
897,30.78560019940411,37.185456700467704
898,-73.84898917128204,20.847168839444443
899,-8.770312516981056,42.23012038094319
900,19.07291224999999,58.34517185833336
901,3.1876563908704156,51.34058838065594
902,2.9982875879848563,51.3203289018038
903,2.9982875879848563,51.3203289018038
904,13.683741241792088,40.70651002037619
905,8.432873641447161,53.82045642168549
906,-11.359522732456334,38.05637232595757
907,5.422454414423802,43.35796077354557
908,6.352319328575554,53.652086310789045
909,9.761584777777776,53.55390772777776
910,20.959734900000004,58.24296120000001
911,172.94441275132743,-43.41755946948993
912,5.107591008073437,52.640881598123485
913,2.557751277578804,51.4027673028848
914,15.733693121636225,37.04002756095238
915,7.164424852958367,53.33524826222499
916,12.554436583212958,55.08849604272417
917,8.9812064739621,57.5996853220217
918,9.969911826348845,42.0904003385674
919,9.808964557530837,42.08951346152125
920,31.54469126910994,36.11573201937172
921,-9.759485730472448,38.547072073358656
922,14.836630955235606,38.40742020004446
923,2.871632206957427,51.35668449753101
924,11.659832347843212,54.53919448675404
925,31.10541251289684,36.408604935208544
926,-67.55538311835181,17.751938831731298
927,3.1209180099094618,51.45705792479064
928,-0.6863295420665793,54.798327177501534
929,17.468325754128102,37.71061080994352
930,-1.7897840557391598,50.74425721313115
931,-80.64419962061521,31.248486904695326
932,-11.439626499317946,39.10546740985874
933,7.745870814862355,53.92546684772618
934,-3.6298009603628394,51.335235542414864
935,1.7159980657862228,40.760192995027275
936,0.9155385489283435,50.8401983045231
937,7.670004357675212,56.89944997773535
938,-5.723030988696902,51.82563586216072
939,12.61706311357512,54.66084470934078
940,15.745717446785719,55.737830960930715
941,-68.26042291223908,36.80054720782341
942,12.788892462820511,55.336908783333335
943,9.598547641973541,43.15500307610916
944,115.66290324698237,-31.939379473063426
945,4.5840549543189475,53.24936610239559
946,2.4430043140585997,52.17770430079184
947,2.815490535129234,52.05003895386601
948,2.259704718750307,39.51160589641869
949,9.998458923903241,53.53161008017031
950,-4.7153466544242555,50.26475645319712
951,-73.59519729150678,40.427170791715724
952,11.604870324163192,54.30230272759557
953,16.231358337662336,37.602528080086564
954,-8.504740915185444,36.58963647664524
955,2.402825537220227,51.52215490507452
956,-122.59464707155075,37.42361023326973
957,12.839223844444446,54.76408983333334
958,1.9949196648803733,40.862690632652175
959,21.748578054218598,60.08296020101174
960,13.69243592722876,39.03925740599985
961,14.26881189619048,56.108611085357154
962,8.564612781885678,53.57812063469494
963,-1.535115391172747,49.991116071986305
964,1.584718518055555,51.36947020138888
965,3.170862653109353,51.321471425708424
966,10.86069091787485,53.94371974789423
967,-15.652312117936395,26.458981507845273
968,146.4583448204229,-17.95829044990593
969,13.865167261209056,39.75942169567139
970,6.367880036979134,53.88220746598051
971,-118.5241924999999,25.910209100000003
972,-16.63343637744631,24.130759505583555
973,-0.6863295420665793,54.798327177501534
974,134.84916031130672,34.70994171219624
975,106.76239546239577,10.639710646056724
976,-9.16519986127163,44.026643621344185
977,10.847899719458677,42.26583571500247
978,9.975111376348844,42.08550297190073
979,-8.140226555972067,44.79364018647831
980,116.08558139220321,6.040014855226978
981,29.28356882878591,40.84538339046789
982,-4.559439512854907,36.6609328962639
983,174.4733206428572,-42.13882288571429
984,5.421661614423801,43.35865417354557
985,-8.770312516981056,42.23012038094319
986,2.437458252391934,52.17080496829184
987,172.9441144275179,-43.417624005204225
988,115.6629050469824,-31.939384873063428
989,18.657035606798484,54.378027649954696
990,3.9674654980766553,51.37396964847084
991,-74.60029614136403,40.38758028818855
992,10.370352926007564,59.50166021056933
993,153.15634271096854,-27.372767117827397
994,8.563531720012266,53.565274876562086
995,0.14502387185738905,49.49191818788959
996,4.154545574196159,51.28691049538806
997,4.837273913954504,52.391223964986914
998,3.9705072560650727,53.09498549382602
999,103.75592074946962,1.1889585622517844
1000,4.093727626105386,51.32015510974701
1001,-122.4426421587378,47.31709908637828
1002,-1.4235812411162363,50.901425637983095
1003,2.83716435227616,51.596049723675954
1004,13.914873636580229,40.31697638573623
1005,-15.400263715032215,28.149789486253695
1006,4.118527756814444,51.29152409338405
1007,14.870918317354407,56.464459293966485
1008,-81.30090447657018,30.45496202215851
1009,-10.86446115513799,39.4569466324047
1010,10.873290326744831,53.952105516271786
1011,18.655212901775087,54.406131370135626
1012,8.549330615916983,53.574013926594404
1013,0.9100679297343559,53.155920744568384
1014,8.552286756035498,53.57707281534212
1015,3.2397906065677144,51.3108391051717
1016,7.745870814862355,53.92546684772618
1017,10.475732742003126,41.63223084624172
1018,-122.44304987338447,47.34506786491647
1019,153.15831187145326,-27.3810720413557
1020,-93.93670115135183,29.86278277043606
1021,120.67593615333331,14.662333446666661
1022,8.540834277034913,53.572709296998
1023,-12.428827133611108,34.169343098556176
1024,-81.47341647723509,31.154477076582292
1025,3.2415081180197594,51.31069317252357
1026,15.686153309278247,36.997701107517145
1027,3.2415081180197594,51.31069317252357
1028,-1.0859303308040493,50.72676154834149
1029,2.4560340080073293,51.581949342143254
1030,8.88611039015439,57.568337406176205
1031,124.50339283524703,-33.09338866033386
1032,29.46792745591155,40.712426040664816
1033,8.578316128798285,57.286090400446504
1034,-122.45491249264181,47.30272029561058
1035,11.660749203098568,57.99119314541716
1036,-0.30428752729130876,39.4444738146641
1037,0.9143304455084301,50.83950505569675
1038,-3.1145702710101735,48.353956908898574
1039,16.52502456445361,38.253012687255186
1040,30.780245199404114,37.1860975004677
1041,115.67502977517915,-32.04397919212949
1042,0.015462227503194002,39.558016925240516
1043,8.549330615916983,53.574013926594404
1044,-73.85315178794872,20.87253958111111
1045,13.75635716692505,40.6666605789487
1046,-68.24708081223908,36.80098630782342
1047,174.9156342369473,-35.98973720569278
1048,-122.59464707155075,37.42361023326973
1049,3.0506201580641914,51.45633628824941
1050,8.470308586970527,53.81539884155116
1051,12.557147536778174,55.093237930028515
1052,2.9982875879848563,51.3203289018038
1053,2.9982875879848563,51.3203289018038
1054,-11.30679209923558,38.19949480377357
1055,2.815490535129234,52.05003895386601
1056,8.564612781885678,53.57812063469494
1057,9.76140317777778,53.55432945277776
1058,-5.7283933521998645,51.87902652084215
1059,2.0920269791660875,40.870473104080745
1060,1.715979965786223,40.76010699502728
1061,-4.955971768818915,36.03530660492535
1062,9.615454817346341,43.12541532996965
1063,14.79756523796288,38.4137218165596
1064,21.73478870922401,60.0717913634847
1065,9.808964557530837,42.08951346152125
1066,2.3923958526048423,51.52213168968991
1067,-4.5215758378210005,51.162768665506476
1068,-10.935872584650223,31.79190702284087
1069,7.164424852958367,53.33524826222499
1070,14.28064867542484,56.11753371898693
1071,-73.6659419120862,40.41501862231086
1072,-1.5952522489973862,49.990987999829485
1073,11.50593972341658,54.54492607841226
1074,31.104615012896843,36.408960635208544
1075,5.109952846644866,52.640593118599675
1076,31.54380016910994,36.11612891937172
1077,1.5544646823412698,51.34378589424604
1078,-11.489634871470654,38.96724355692695
1079,21.1856367,58.342796499999984
1080,17.488870657420026,37.7018850521873
1081,3.1876563908704156,51.34058838065594
1082,2.877711682830443,51.36738886388022
1083,-67.54837723501846,17.75263756506463
1084,16.191836037662338,37.61698318008657
1085,3.9642359088430505,54.32754227331196
1086,10.86069091787485,53.94371974789423
1087,-5.134283225324674,47.673714392139246
1088,2.261773118750307,39.51297149641869
1089,-9.771335250849408,38.61653657744229
1090,-1.7897840557391598,50.74425721313115
1091,7.556781345596229,56.75524138477508
1092,19.104441649999984,58.376269858333316
1093,-80.66257102673644,31.231998326375166
1094,4.6067268876407255,53.277310646686026
1095,15.888361689694745,55.77884188919107
1096,2.7048520553054543,51.434168519543334
1097,-4.720888012302407,50.263291521789554
1098,12.674491644444442,54.699064633333336
1099,-3.6298009603628394,51.335235542414864
1100,11.46847174554371,54.24082347237984
1101,-12.522669293333331,30.777629012698416
1102,-8.623529549882083,36.61660506177942
1103,-5.399601088311682,48.93799233798065
1104,12.61706311357512,54.66084470934078
1105,9.998449601098395,53.53161133604537
1106,6.353963728575554,53.65193187745571
1107,12.820611346153846,55.40396183333334
1108,3.170862653109353,51.321471425708424
1109,13.69243592722876,39.03925740599985
1110,120.67593615333331,14.662333446666661
1111,9.97879041271248,42.080174880991635
1112,-5.130584364718614,47.66423101410894
1113,29.46792745591155,40.712426040664816
1114,-3.115277571010173,48.353330758898565
1115,16.525960767995276,38.25280281204686
1116,15.644371103563962,36.9576451348981
1117,13.914873436580228,40.31697668573623
1118,115.46598820107997,-31.89312750229039
1119,134.84915523780163,34.70998673765633
1120,-81.30090447657018,30.45496202215851
1121,106.76239596239577,10.639710046056726
1122,-5.40232781426369,48.9326492454512
1123,124.50207383524703,-33.09364156033386
1124,11.660749203098568,57.99119314541716
1125,-0.304288262529404,39.44447426319224
1126,30.778524099404116,37.185909700467704
1127,115.67502977517915,-32.04397919212949
1128,8.549330615916983,53.574013926594404
1129,0.015462227503194002,39.558016925240516
1130,-8.770312516981056,42.23012038094319
1131,2.9982875879848563,51.3203289018038
1132,2.9982875879848563,51.3203289018038
1133,8.521272751888036,53.8098304663508
1134,9.760959411111108,53.55409761944441
1135,7.164424852958367,53.33524826222499
1136,5.1146160432835215,52.63937493624674
1137,172.9441540441846,-43.417666321870904
1138,115.66290899142685,-31.93938791473009
1139,18.65703390379838,54.378030375290464
1140,4.154545574196159,51.28691049538806
1141,10.386121580504918,59.48734881281394
1142,153.15634271096854,-27.372767117827397
1143,8.563531720012266,53.565274876562086
1144,3.9674654980766553,51.37396964847084
1145,-74.60029614136403,40.38758028818855
1146,0.14544447769072236,49.49194323538959
1147,4.093727626105386,51.32015510974701
1148,4.837273913954504,52.391223964986914
1149,3.9705077018984047,53.094985759619675
1150,103.75592074946962,1.1889585622517844
1151,-122.4426421587378,47.31709908637828
1152,-8.11066235597207,44.83729098647831
1153,-1.4235812583576157,50.90142535177619
1154,-15.400446252429091,28.149801838983258
1155,18.6552125462931,54.406130155192734
1156,4.118527756814444,51.29152409338405
1157,2.836296144532051,51.60265790592703
1158,14.870920105052823,56.464461132061714
1159,10.873290326744831,53.952105516271786
1160,8.549330615916983,53.574013926594404
1161,8.552286756035498,53.57707281534212
1162,-73.84968115461538,20.88620528111111
1163,116.08558464220324,6.040055471893645
1164,0.9100679297343559,53.155920744568384
1165,3.2397906065677144,51.3108391051717
1166,-12.45080327162489,34.111006929251666
1167,10.475734067003128,41.63223154624172
1168,-12.507332679047618,30.795504705555558
1169,-93.93670115135183,29.86278277043606
1170,-122.44304987338447,47.34506786491647
1171,153.15831187145326,-27.3810720413557
1172,8.538461771392084,57.260068830240854
1173,8.789128533855143,57.535087789794076
1174,2.4429939745824516,52.166585970545285
1175,-68.25891591223908,36.79960730782342
1176,174.91522711876547,-35.991660729935205
1177,-8.660443010568192,36.62660306422704
1178,29.28356882878591,40.84538339046789
1179,2.5384356036845497,51.65145236337664
1180,5.435584364423802,43.35494994604557
1181,7.745870814862355,53.92546684772618
1182,-4.557250299336533,36.65910868056385
1183,8.540834277034913,53.572709296998
1184,3.2415081180197594,51.31069317252357
1185,-5.720648081693788,51.89192887003008
1186,-122.59230501625436,37.43214298075798
1187,13.78803766196629,40.64989075202355
1188,1.7557380857862228,40.79724879502727
1189,31.543802969109944,36.116134719371715
1190,3.9868292946938997,54.31587768306827
1191,-9.75292060518648,40.06518337581191
1192,31.102895312896848,36.40878243520854
1193,3.1876563908704156,51.34058838065594
1194,-5.920042176349344,52.87306261833359
1195,9.808964557530837,42.08951346152125
1196,3.041527663619748,51.45797108602719
1197,11.39058566413121,54.55006468245906
1198,2.815490535129234,52.05003895386601
1199,-4.487826887974009,51.1760362317899
1200,-10.875474881793082,31.868772508555168
1201,-67.55009903501846,17.753095765064632
1202,-10.619435704354787,39.65738787691756
1203,2.869679743133473,51.3658387346883
1204,3.170862653109353,51.321471425708424
1205,12.631228044444443,54.68884793333334
1206,-81.47341647723509,31.154477076582292
1207,2.792397336907119,51.477345311580706
1208,-1.7896794634314677,50.74421880543884
1209,-1.0839498198124125,50.72713782707507
1210,-15.486285313920682,26.68807600563152
1211,8.561921820296327,53.57814803795526
1212,12.812255846153846,55.42027703333334
1213,16.16289400909091,37.62517555151513
1214,0.9143304455084301,50.83950505569675
1215,7.513251411344617,56.67558632826094
1216,19.13070194999999,58.4014828583333
1217,-80.69210467468783,31.20026239708398
1218,3.2415081180197594,51.31069317252357
1219,16.046345128536736,55.82097505854533
1220,2.2669399187503068,39.5162789964187
1221,9.998445093344749,53.531609357785754
1222,9.649786950581873,43.05297007616104
1223,-9.780713503791866,38.678434157705915
1224,4.613043087371936,53.28544054078332
1225,-4.873093105461995,36.04599354829225
1226,12.61706311357512,54.66084470934078
1227,-3.624988056838739,51.33567541853981
1228,11.41280425052755,54.21596105859187
1229,14.750089594947003,38.40672815993263
1230,13.69243592722876,39.03925740599985
1231,-4.779925520899268,50.257816153659824
1232,2.091479579166087,40.87038250408075
1233,174.43313114285718,-42.166473185714274
1234,21.747110226874387,60.07382435934359
1235,2.3620928528310867,51.52129412136411
1236,14.323882405000004,56.10494879749999
1237,12.557147536778174,55.093237930028515
1238,-73.69873929084599,40.41883433704872
1239,-1.6057053799497671,49.98801912125805
1240,1.452953263758382,51.265210352534794
1241,6.37429768881365,53.65516729507474
1242,-122.45491249264181,47.30272029561058
1243,-11.55605535858559,38.84487821786829
1244,-11.267578910611729,38.29992865856225
1245,10.86069091787485,53.94371974789423
1246,21.661319699999993,58.56150209999998
1247,17.505616899086693,37.696807385520636
1248,-118.52722809999989,25.9276756
1249,13.955356290287114,39.61794819445881
1250,115.63509157018875,-34.58432823186548
1251,115.46230933530158,-31.8899002985249
1252,-15.476912605638406,26.710085677155558
1253,7.7054220416952015,53.92520317061522
1254,-5.433059598619946,48.92277197188846
1255,13.914873636580229,40.31697638573623
1256,2.8307756022761597,51.591291473675945
1257,29.46792745591155,40.712426040664816
1258,-3.1100733117897423,48.3658852396396
1259,0.013954760836527335,39.55839669190719
1260,-8.0996700345435,44.84508349362117
1261,116.08558378405732,6.040003850182981
1262,29.28356882878591,40.84538339046789
1263,-81.47341647723509,31.154477076582292
1264,174.42279680158737,-42.08344783015873
1265,11.660749203098568,57.99119314541716
1266,-122.45491249264181,47.30272029561058
1267,-0.30426554419607066,39.444490514144604
1268,16.525380397590865,38.252988545686556
1269,15.601705014331465,36.90804421761455
1270,30.78560019940411,37.185456700467704
1271,8.549330615916983,53.574013926594404
1272,8.458605419893164,57.19986033392232
1273,115.6750385685125,-32.04397915546282
1274,-8.770312516981056,42.23012038094319
1275,-68.26893825152479,36.7999653685377
1276,2.9982875879848563,51.3203289018038
1277,2.9982875879848563,51.3203289018038
1278,8.554278845582516,53.80942506534454
1279,5.1998008247401035,52.672042743956816
1280,9.755113411111111,53.554787994444425
1281,7.164424852958367,53.33524826222499
1282,172.94440070334207,-43.41755921133974
1283,115.66290324698237,-31.939379473063426
1284,55.387336482555135,25.37910275996536
1285,18.657036335691274,54.378024524637134
1286,10.310400595239352,59.41305501136399
1287,-74.60029614136403,40.38758028818855
1288,153.15634271096854,-27.372767117827397
1289,3.976267809505227,51.36897949704226
1290,8.563531720012266,53.565274876562086
1291,4.154545574196159,51.28691049538806
1292,0.1449154151907224,49.49192801455625
1293,4.093727626105386,51.32015510974701
1294,4.837273913954504,52.391223964986914
1295,3.970507239398405,53.0949851104927
1296,103.75592074946962,1.1889585622517844
1297,1.7259973657862226,40.77151459502728
1298,-12.440026164047616,30.83994160079365
1299,-122.4426421587378,47.31709908637828
1300,-1.42358149764333,50.90142549391905
1301,8.660749039016075,57.49065238861933
1302,-15.406821078266708,28.14421524819758
1303,9.716595949764109,42.92225237985459
1304,4.118527756814444,51.29152409338405
1305,-81.30090447657018,30.45496202215851
1306,134.8491746311005,34.70993531230688
1307,18.655211176625507,54.4061290073648
1308,-73.851457738663,20.9358254063492
1309,10.873290326744831,53.952105516271786
1310,14.870922643247258,56.46446739664507
1311,8.549330615916983,53.574013926594404
1312,8.552286756035498,53.57707281534212
1313,17.511848281586698,37.69367109504444
1314,0.9100679297343559,53.155920744568384
1315,3.2397906065677144,51.3108391051717
1316,174.9127303030351,-36.00427264129524
1317,12.61995963408036,54.66693087178186
1318,-12.495838171862985,33.99796400972786
1319,-16.537222316439816,24.352660227899584
1320,-122.59230501625436,37.43214298075798
1321,21.784800299999997,58.61963449999998
1322,-122.44304987338447,47.34506786491647
1323,6.121423768591349,53.863703120387484
1324,153.15831187145326,-27.3810720413557
1325,2.4431496444420198,52.15998691305262
1326,-93.93670169820032,29.862783352967917
1327,-8.753491631069856,42.22922571861085
1328,14.57740018400378,38.43332206061025
1329,3.2415081180197594,51.31069317252357
1330,2.824283804522367,51.49265161541049
1331,14.321494306190482,56.12534374809524
1332,3.2415081180197594,51.31069317252357
1333,1.985098084880373,40.85391634265218
1334,-10.748349820038172,31.983088200152462
1335,-4.552805424116295,36.657088516379325
1336,2.6258124275575296,51.71726441135192
1337,9.998456659839183,53.531609425649634
1338,0.3195259724761903,39.232905911523815
1339,-5.728283675336095,51.9256737556391
1340,13.894430577592923,40.58529722099681
1341,21.74017435922401,60.07428487681802
1342,8.540834277034913,53.572709296998
1343,-73.71310055580852,40.420871092776196
1344,3.9972409918631793,54.30999026243235
1345,5.422454414423802,43.35796077354557
1346,16.163947292157285,55.8534521169264
1347,31.543898369109932,36.11607851937172
1348,-9.783552400966798,38.70135686029603
1349,3.1876563908704156,51.34058838065594
1350,3.170862653109353,51.321471425708424
1351,106.76239546239577,10.639710646056724
1352,9.80831172898366,42.085093005002946
1353,-4.742328649185242,36.058331272400835
1354,2.356358869021563,51.518912138189506
1355,11.084496542935074,54.54822253019272
1356,31.104619612896837,36.40895143520854
1357,-4.479027526307342,51.179726785123236
1358,-3.606321674498752,51.33717918275789
1359,11.425162293860875,54.22822621716329
1360,-8.679397718369755,36.63168802254899
1361,-5.921062519960454,52.8842290327489
1362,-67.55583983501847,17.75235516506463
1363,2.9226522394693806,51.442050724687135
1364,2.815490535129234,52.05003895386601
1365,12.565127659887725,55.111825563487926
1366,-10.525482571981328,39.839535456752714
1367,-1.0833654198124125,50.727116327075066
1368,10.475733125018998,41.63223107409886
1369,13.601281322718291,38.71584955741666
1370,-4.808686699954743,50.252076209010056
1371,12.55988324444444,54.644674833333355
1372,-1.6060807266164339,49.97763587125805
1373,1.3857584576659443,51.20388031534991
1374,2.871632206957427,51.35668449753101
1375,-11.60355623183451,38.74815863314102
1376,-11.173948785061032,38.517674767008565
1377,8.564612781885678,53.57812063469494
1378,124.50443825236464,-33.09304351565493
1379,-1.7897840557391598,50.74425721313115
1380,19.169206749999994,58.41125825833335
1381,-80.71228611019552,31.178461133073828
1382,2.321444140559872,39.502059800086066
1383,12.805226179487182,55.44770913333332
1384,16.102234437662343,37.66170358008655
1385,0.8512433803569148,50.80599583240671
1386,4.621398889026741,53.29355315686205
1387,6.439566384880926,53.66583721544668
1388,10.86069091787485,53.94371974789423
1389,-9.809766146930679,39.94944027859343
1390,7.343256884100498,56.521060333825815
1391,0.3195259724761903,39.232905911523815
1392,21.794217499999995,58.61887229999998
1393,13.92084588163136,40.56827322029691
1394,10.716257202792013,42.34669101500246
1395,-81.47341647723509,31.154477076582292
1396,-3.1100736201230763,48.36588542575072
1397,10.07175892945131,41.82171616003416
1398,-8.753491631069856,42.22922571861085
1399,-5.407407437800953,48.87816923233438
1400,12.61995963408036,54.66693087178186
1401,-16.527680241439825,24.434923612899578
1402,-12.495509769640764,33.98471166716375
1403,29.46792745591155,40.712426040664816
1404,55.38733688644404,25.3791044569098
1405,7.709726565882644,53.91279652392001
1406,29.28356882878591,40.84538339046789
1407,-4.553102062678386,36.657199063002416
1408,-8.770312516981056,42.23012038094319
1409,8.564612781885678,53.57812063469494
1410,2.8392240522761596,51.59920392367596
1411,-12.402641704047612,30.859000800238096
1412,-15.36847482815374,26.938611398292263
1413,-122.44304987338447,47.34506786491647
1414,153.15831187145326,-27.3810720413557
1415,-8.689748212708961,36.634739014914906
1416,-93.93670169820032,29.862783352967917
1417,8.540834277034913,53.572709296998
1418,3.2415081180197594,51.31069317252357
1419,21.73478870922401,60.0717913634847
1420,3.2415081180197594,51.31069317252357
1421,2.815490535129234,52.05003895386601
1422,-1.0839498198124125,50.72713782707507
1423,174.44466650158734,-42.06380513015873
1424,124.50339880792018,-33.09338740454382
1425,-122.45491249264181,47.30272029561058
1426,-0.3080221166747032,39.44441206705114
1427,11.660749203098568,57.99119314541716
1428,16.52502456445361,38.253012687255186
1429,5.760662537121509,53.77507206248551
1430,115.67502977517915,-32.04397919212949
1431,8.549330615916983,53.574013926594404
1432,30.780245199404114,37.1860975004677
1433,2.9982875879848563,51.3203289018038
1434,2.9982875879848563,51.3203289018038
1435,0.013004494169860657,39.55865885857386
1436,8.642639963010328,53.799679469150306
1437,9.755657211111114,53.55527171944442
1438,7.164424852958367,53.33524826222499
1439,115.46154967530157,-31.8912950185249
1440,5.196764046644866,52.67241928109967
1441,172.94410247953255,-43.4176236887207
1442,115.6629050469824,-31.939384873063428
1443,2.8645291444111893,51.4361938319657
1444,18.657034251443402,54.378025605623606
1445,4.154545574196159,51.28691049538806
1446,3.976267809505227,51.36897949704226
1447,-74.60029614136403,40.38758028818855
1448,153.15634271096854,-27.372767117827397
1449,8.563531720012266,53.565274876562086
1450,10.349368555504919,59.3498582705917
1451,-4.392794816121187,51.20053267997588
1452,174.91267779033308,-36.00967741146949
1453,4.837273913954504,52.391223964986914
1454,0.14502383185738904,49.49191800788959
1455,-10.69008508888529,32.05377891599207
1456,3.970507289398406,53.09498541604826
1457,103.75592074946962,1.1889585622517844
1458,4.093727626105386,51.32015510974701
1459,-8.087428334543498,44.85941919362118
1460,-122.4426421587378,47.31709908637828
1461,-1.4235812411162363,50.901425637983095
1462,19.16353214999999,58.412063858333305
1463,10.94513394848909,54.542247335336796
1464,2.67110545160084,51.75381310468865
1465,13.914873436580228,40.31697668573623
1466,15.599472924331462,36.88686993178122
1467,-15.416797540784852,28.13914839367333
1468,-73.80862697199636,21.0573759263492
1469,18.6552116910636,54.4061288025393
1470,8.542075028707337,57.448167724882396
1471,-5.926229093462139,52.93404131646943
1472,4.118527756814444,51.29152409338405
1473,-81.30090447657018,30.45496202215851
1474,5.421661614423801,43.35865417354557
1475,134.84917146247017,34.70993252396049
1476,10.873290326744831,53.952105516271786
1477,14.888306698802817,56.467613804978384
1478,-122.59230501625436,37.43214298075798
1479,8.552286756035498,53.57707281534212
1480,116.085587600724,6.040004175182982
1481,2.8758281828304426,51.36631006388022
1482,3.1876563908704156,51.34058838065594
1483,8.549330615916983,53.574013926594404
1484,0.9100679297343559,53.155920744568384
1485,-4.569219689417372,36.08178693989936
1486,-80.71435948615813,31.17234325085696
1487,14.34278293571429,56.13777828809524
1488,9.998447135705188,53.53161058122499
1489,12.825388354487187,55.46021710833334
1490,2.8642230655144307,51.51477538429938
1491,2.080443967221643,40.861074900273564
1492,3.2397906065677144,51.3108391051717
1493,10.86069091787485,53.94371974789423
1494,3.9957360918631797,54.30973476243234
1495,31.104616012896845,36.40896163520854
1496,-73.71519047120582,40.420866166959776
1497,11.34394391481326,54.184390944306145
1498,14.331236700969313,38.49242199422443
1499,31.543801169109944,36.116129919371716
1500,2.3577225356882296,51.518261404856176
1501,-9.825053311540332,39.9106894482677
1502,9.7709562336018,42.808510650371325
1503,9.80831172898366,42.085093005002946
1504,-67.54841973501847,17.752634365064633
1505,10.475732642003125,41.63223114624172
1506,13.601281322718291,38.71584955741666
1507,12.565127659887725,55.111825563487926
1508,-4.908497228586782,50.28431295637022
1509,12.557280644444438,54.64065323333336
1510,17.526447391247867,37.68770144925079
1511,-3.606321674498752,51.33717918275789
1512,-1.6062442066164337,49.98502655792471
1513,1.367960710186953,51.19366118467766
1514,-10.524826958984551,40.03476459510987
1515,3.170862653109353,51.321471425708424
1516,8.390706627155069,57.16062514796688
1517,106.76239556239578,10.639710746056723
1518,-11.135288391238143,38.633799420020395
1519,0.78780339550085,50.80131569644538
1520,-1.7897840557391598,50.74425721313115
1521,4.639286778307722,53.31577736314048
1522,-11.630989454324347,38.644412697905054
1523,2.44318052444202,52.15925779305262
1524,2.321444140559872,39.502059800086066
1525,-68.26261881152479,36.7998719285377
1526,16.08489522857143,37.66419216190474
1527,-9.78779959586606,38.731269841674816
1528,7.275313539172462,56.4407886627446
1529,6.484554252167443,53.67808765388561
1530,6.025210538397883,42.85439843993081
1531,-5.731632011854084,51.99647695205684
1532,16.291279739612722,55.89906388245078
1533,-8.753491631069856,42.22922571861085
1534,115.46154967530157,-31.8912950185249
1535,14.09124241914544,39.52270101061429
1536,-12.503243686307433,33.95454205883041
1537,29.46792745591155,40.712426040664816
1538,19.17427094999999,58.41934695833329
1539,174.4341697571429,-42.07515603571428
1540,-3.120742445123076,48.35983432575072
1541,2.8380050522761597,51.608253566533094
1542,-81.30090447657018,30.45496202215851
1543,8.540834277034913,53.572709296998
1544,2.8149648070984163,51.427358484677185
1545,0.013004494169860657,39.55865885857386
1546,-68.26976665152479,36.799015468537704
1547,-74.60029614136403,40.38758028818855
1548,-8.070271234543497,44.88700019362117
1549,18.655212442019323,54.40612925837176
1550,4.118527756814444,51.29152409338405
1551,134.84916552978257,34.70993555673035
1552,14.888309073802821,56.46761578831171
1553,116.08558725072403,6.040045791849647
1554,8.552286756035498,53.57707281534212
1555,8.549330615916983,53.574013926594404
1556,3.2397906065677144,51.3108391051717
1557,-5.485651982851899,48.68739626356597
1558,-122.44304987338447,47.34506786491647
1559,-93.93670169820032,29.862783352967917
1560,153.15831187145326,-27.3810720413557
1561,-4.246378438547594,51.23502163223923
1562,29.28356882878591,40.84538339046789
1563,8.561921820296327,53.57814803795526
1564,-16.529994651058868,24.4781466199472
1565,-4.554222849444268,36.65753734870195
1566,3.2415081180197594,51.31069317252357
1567,21.747110226874387,60.07382435934359
1568,-1.0839498198124125,50.72713782707507
1569,2.815490535129234,52.05003895386601
1570,3.2415081180197594,51.31069317252357
1571,124.502082083317,-33.09363902089302
1572,-73.79751344342492,21.09120256920635
1573,-122.45491249264181,47.30272029561058
1574,11.660749203098568,57.99119314541716
1575,-0.3085440831499823,39.44474462316283
1576,16.525960897338003,38.252802814629014
1577,30.778524499404117,37.185918300467705
1578,8.549330615916983,53.574013926594404
1579,115.67502977517915,-32.04397919212949
1580,-10.522649175651217,40.0355250034432
1581,-8.770312516981056,42.23012038094319
1582,8.689935367558613,53.796350365079476
1583,2.9982875879848563,51.3203289018038
1584,2.9982875879848563,51.3203289018038
1585,9.755913499999998,53.554915599999966
1586,5.1226044932835215,52.64361968624674
1587,7.164424852958367,53.33524826222499
1588,172.94413779619921,-43.417665155387375
1589,115.66363939906088,-31.939523560204062
1590,-9.779770109987272,38.75411038807308
1591,18.657032931704542,54.37802497542588
1592,9.803811101853638,42.75131371824881
1593,10.367303759431275,59.33339317628825
1594,153.15634271096854,-27.372767117827397
1595,8.563531720012266,53.565274876562086
1596,4.154545574196159,51.28691049538806
1597,3.976267809505227,51.36897949704226
1598,0.14551998769072239,49.49189531538959
1599,10.813337462202469,54.540008498627365
1600,2.869679743133473,51.3658387346883
1601,4.093727626105386,51.32015510974701
1602,4.837273913954504,52.391223964986914
1603,174.95067624033308,-36.035651031469484
1604,3.9705074018984043,53.09498555961968
1605,8.484287020916652,57.43144953549423
1606,103.75592074946962,1.1889585622517844
1607,-122.4426421587378,47.31709908637828
1608,-8.693066378424449,36.63557997374487
1609,6.035036125897883,42.84338598993081
1610,4.648630425421718,53.317720671185214
1611,14.216981134302655,38.51505472755776
1612,-1.4235817976585534,50.90142512999442
1613,5.345412071185155,53.66092544923993
1614,8.337003615238098,57.12987164686508
1615,12.565127659887725,55.111825563487926
1616,12.820057254487184,55.45526650833333
1617,13.914873436580228,40.31697668573623
1618,-10.50524915614719,32.232521380873024
1619,2.7653809393548774,51.822787247739946
1620,2.0768650372711708,40.856055000049665
1621,-5.728542679732872,52.02786877842049
1622,-122.59230501625436,37.43214298075798
1623,16.062854000000005,37.67987513333332
1624,31.544980969109933,36.11529481937171
1625,7.241608260474289,56.392024263989306
1626,-5.924430992275841,52.96138605810373
1627,5.435583764423802,43.354949156571884
1628,-9.841924798001143,39.85966777867698
1629,-73.74737327047212,40.36990782224909
1630,21.802614500000004,58.61870579999997
1631,-4.426377805674727,36.09961351126191
1632,10.475734317003125,41.63223154624172
1633,31.104077512896843,36.407931835208544
1634,11.344181769813263,54.182949544306155
1635,115.7379203678078,-34.6297578247226
1636,-12.253618254230764,30.86647710600732
1637,9.80831172898366,42.085093005002946
1638,-67.53828986501848,17.74646112506463
1639,14.400360713186817,56.12955425908424
1640,0.9100679297343559,53.155920744568384
1641,13.601281322718291,38.71584955741666
1642,2.323308440559872,39.50322590008606
1643,-3.6014371497757343,51.338078945399495
1644,-1.6152602600777974,49.98177000085281
1645,1.3444939505230875,51.18196007606421
1646,3.170862653109353,51.321471425708424
1647,-80.72204088673408,31.17164177831355
1648,6.540978813011127,53.678692253135104
1649,-11.650159091744985,38.5846737247485
1650,-11.064913120973488,38.74869926550045
1651,9.998441763425415,53.53160700436213
1652,-4.978476197706501,50.34133968892879
1653,12.53734844444444,54.63093393333336
1654,17.531283532986993,37.676059198960935
1655,0.7551110759025629,50.79164629026043
1656,3.1876563908704156,51.34058838065594
1657,106.76239955152795,10.639708734871714
1658,4.072211275061892,54.26534248114153
1659,10.86069091787485,53.94371974789423
1660,2.8938102609000174,51.53425856268399
1661,-15.41788812611386,28.140813565519082
1662,-1.7896794634314677,50.74421880543884
1663,10.873290326744831,53.952105516271786
1664,2.3577225356882296,51.518261404856176
1665,16.46265354403416,55.948089088635285
1666,2.4489195044420193,52.15734985305262
1667,-16.525319306060343,24.54338061877884
1668,29.46792745591155,40.712426040664816
1669,29.28356882878591,40.84538339046789
1670,-15.80637076115221,25.783526933131178
1671,-5.465206955960728,48.635734534705854
1672,-8.061027334543498,44.90336099362116
1673,4.118527756814444,51.29152409338405
1674,134.84917834503952,34.70993361461055
1675,-3.1130461745348406,48.39176291414941
1676,115.66388929878639,-31.939139223973147
1677,18.657034761711667,54.37802433004329
1678,-74.60029614136403,40.38758028818855
1679,10.359021275578609,59.33223107785827
1680,8.563531720012266,53.565274876562086
1681,4.154545574196159,51.28691049538806
1682,3.976267809505227,51.36897949704226
1683,0.1446089985240557,49.49187660788959
1684,-15.267490719511555,27.244518333050028
1685,10.775844093263077,54.52709389483949
1686,3.970507239398405,53.0949851104927
1687,4.906580713954504,52.44715103165358
1688,106.76239576893488,10.63970982396537
1689,4.093727626105386,51.32015510974701
1690,103.75592074946962,1.1889585622517844
1691,153.15634271096854,-27.372767117827397
1692,-122.4426421587378,47.31709908637828
1693,-1.4235813920877747,50.90142537503016
1694,13.905597636580229,40.28803646351401
1695,-15.417577375917661,28.14070157967574
1696,-9.779666435226064,38.789837049086024
1697,-81.30090447657018,30.45496202215851
1698,18.655211128672317,54.40612791708233
1699,14.90792707181869,56.471193872835535
1700,8.374555157346716,57.39798881247859
1701,14.109241976842336,38.53027442874823
1702,-8.709919932417234,36.640165861946706
1703,116.08558077088192,6.039971548853703
1704,8.549330615916983,53.574013926594404
1705,8.552286756035498,53.57707281534212
1706,-68.28105778708034,36.79593915075992
1707,3.2397906065677144,51.3108391051717
1708,5.394854129007134,43.359920732920564
1709,14.00939240163186,40.51571929670768
1710,-122.44304987338447,47.34506786491647
1711,153.15831187145326,-27.3810720413557
1712,-93.93670186830308,29.862783079529645
1713,-4.554871022642693,36.65774406285479
1714,8.540834277034913,53.572709296998
1715,3.2415081180197594,51.31069317252357
1716,21.74017435922401,60.07428487681802
1717,3.2415081180197594,51.31069317252357
1718,2.8059723288550953,52.07287534680401
1719,-1.0892184393659838,50.7281893012715
1720,174.44796282301593,-42.0467335015873
1721,124.50444870236463,-33.09303796565493
1722,11.660749203098568,57.99119314541716
1723,-122.45491249264181,47.30272029561058
1724,-0.3087963676587251,39.44506697859412
1725,-5.9272505201288075,52.97104303480276
1726,16.525380406339767,38.25298844594903
1727,21.874996300000003,58.65843469999998
1728,4.648587047792281,53.31952587000594
1729,30.783982799404107,37.1865925004677
1730,136.631198967716,34.70979828266935
1731,115.67505740955144,-32.04397006362299
1732,8.549330615916983,53.574013926594404
1733,0.013004494169860657,39.55865885857386
1734,2.7320091418276142,51.41983292555315
1735,-8.770312516981056,42.23012038094319
1736,-12.077867691038126,30.946248705484226
1737,8.706912623095441,53.79358980668547
1738,4.164808301076423,54.2409887676569
1739,2.9982875879848563,51.3203289018038
1740,2.9982875879848563,51.3203289018038
1741,20.02252908571428,58.32971114285714
1742,-8.753491631069856,42.22922571861085
1743,9.758604244444445,53.554710544444426
1744,-10.506814929095224,40.14208579286902
1745,5.200775495952225,52.67343577729016
1746,3.1876563908704156,51.34058838065594
1747,7.164424852958367,53.33524826222499
1748,-9.87379291823808,39.77420551731942
1749,3.007873485520907,51.56822173921888
1750,-4.194086842075323,51.24613315735666
1751,-10.349914739859308,32.392019963784264
1752,2.896435778614346,51.93088733328572
1753,1.923697174485456,40.79916272762108
1754,3.170862653109353,51.321471425708424
1755,-5.7379207872942,52.04235522200273
1756,-12.582842467974102,33.79227305633041
1757,-122.59230501625436,37.43214298075798
1758,-4.219385001422122,36.12022866531272
1759,31.104619612896837,36.40895143520854
1760,9.86923653659972,42.65366377672445
1761,31.543898369109932,36.11607851937172
1762,2.8716070891796495,51.35685383530879
1763,-67.55590883501847,17.75231916506463
1764,172.94438680352246,-43.417556645232246
1765,115.8183247678078,-34.632244574722606
1766,8.564612781885678,53.57812063469494
1767,12.483347956209146,54.587183315686296
1768,-3.597416948458475,51.338292860105696
1769,-4.274364922267666,36.18264735848698
1770,-73.7302648764408,21.2982217963492
1771,-1.6203301007920825,49.97729953172583
1772,1.3116405576659447,51.16740151534992
1773,8.274786242380952,57.08878236345238
1774,-11.65740549675233,38.51535122489197
1775,-11.036817477836719,38.82104065264863
1776,2.4142825597652524,39.44959989953499
1777,-5.137817821599227,50.361068852563484
1778,2.8397083022761596,51.59817407367595
1779,-1.7897840557391598,50.74425721313115
1780,-80.7265311615142,31.167741727525982
1781,115.4563819695551,-31.889151094247026
1782,10.86069091787485,53.94371974789423
1783,9.998451502770564,53.53160740901148
1784,15.948655486904766,37.760008986904786
1785,0.7466763538991188,50.78170190919862
1786,7.135375677126282,56.272853358782356
1787,6.032092316969312,42.85746192921651
1788,2.4762964967497125,52.15024531228339
1789,2.4405978801828985,51.57108673352767
1790,12.565127659887725,55.111825563487926
1791,16.492302954001836,55.95489099554031
1792,6.606091126480628,53.69041821824124
1793,9.81089422898366,42.093160543599446
1794,5.266950007296267,53.63543509547009
1795,10.475733957690103,41.63222954226649
1796,12.809910833333333,55.450825333333334
1797,174.9490277827899,-36.037121535809206
1798,11.314467661385713,54.169384983554004
1799,10.873290326744831,53.952105516271786
1800,14.380293046520148,56.131793516227106
1801,17.548168016320332,37.67693751562761
1802,0.9100679297343559,53.155920744568384
1803,-73.7610708376205,40.32807298496257
1804,13.59386931957375,38.6925789219198
1805,14.348680337427531,39.36056261849153
1806,8.564612781885678,53.57812063469494
1807,-15.262406440622664,27.25559845332781
1808,-4.274364922267666,36.18264735848698
1809,-5.464589963103585,48.63525153708681
1810,4.175408717793065,54.234285845418015
1811,-12.584740417974102,33.79194023133039
1812,2.7320091418276142,51.41983292555315
1813,115.4563819695551,-31.889151094247026
1814,-15.774675065622121,25.86190595352653
1815,29.28356882878591,40.84538339046789
1816,-8.770312516981056,42.23012038094319
1817,14.031055613748427,40.497755992570006
1818,134.84917593594838,34.70993508483003
1819,115.99992096780781,-34.6458647747226
1820,-4.554379222642692,36.65740139618813
1821,29.46792745591155,40.712426040664816
1822,23.8312179,-34.2831084
1823,115.67505243288478,-32.04397326028966
1824,30.780245199404114,37.1860975004677
1825,0.013004494169860657,39.55865885857386
1826,2.9982875879848563,51.3203289018038
1827,2.9982875879848563,51.3203289018038
1828,8.73455437460564,53.79118810838895
1829,5.201781534523653,52.671879514433016
1830,7.164424852958367,53.33524826222499
1831,172.9440886797129,-43.417620797613196
1832,174.9489314991542,-36.04360262698776
1833,-73.7618315523824,40.314237767105425
1834,115.66474409583843,-31.93910563270147
1835,18.65703485339429,54.378026814385684
1836,-74.60029614136403,40.38758028818855
1837,4.154545574196159,51.28691049538806
1838,153.15634271096854,-27.372767117827397
1839,8.563531720012266,53.565274876562086
1840,3.976267809505227,51.36897949704226
1841,9.757356944444446,53.55515246944442
1842,10.359415405844176,59.33154721375266
1843,10.697799957145216,54.514341428142316
1844,4.093727626105386,51.32015510974701
1845,0.1447174151907224,49.49186674122292
1846,4.906580713954504,52.44715103165358
1847,3.970507289398406,53.09498541604826
1848,103.75592074946962,1.1889585622517844
1849,-8.020208434543497,44.95390559362117
1850,-122.4426421587378,47.31709908637828
1851,-1.4235811355606807,50.901425519094204
1852,13.905597436580228,40.28803676351401
1853,-15.417577375917661,28.14070157967574
1854,-12.03381795187146,30.966062210484214
1855,4.118527756814444,51.29152409338405
1856,-81.30090447657018,30.45496202215851
1857,18.655211481681835,54.406128134177465
1858,-16.480083698191823,24.65494539747793
1859,14.907922627374246,56.471185181168856
1860,116.08558458754858,6.039971873853704
1861,8.549330615916983,53.574013926594404
1862,8.552286756035498,53.57707281534212
1863,3.2397906065677144,51.3108391051717
1864,13.981155775122392,38.55354005448027
1865,12.827048550000004,55.46134973333334
1866,-122.44304987338447,47.34506786491647
1867,153.15831187145326,-27.3810720413557
1868,-93.93670186830308,29.862783079529645
1869,3.2415081180197594,51.31069317252357
1870,21.74724345422401,60.08045729656162
1871,8.540834277034913,53.572709296998
1872,-73.68196401002666,21.459462655692633
1873,3.2415081180197594,51.31069317252357
1874,-5.926952993462139,52.970435416469435
1875,2.808035808584825,52.07340818920265
1876,9.906024501361058,42.59607244947062
1877,-1.089802839365984,50.7282108012715
1878,21.917411299999998,58.66629419999998
1879,5.223474223508389,53.61835178059995
1880,-8.753491631069856,42.22922571861085
1881,174.3658157785715,-42.12430029714287
1882,124.50145445792019,-33.094222854543816
1883,-68.27357478708035,36.79586795075992
1884,-4.108523917382746,36.125032262424426
1885,11.660749203098568,57.99119314541716
1886,-122.45491249264181,47.30272029561058
1887,-0.30896945397907144,39.445254026356956
1888,12.565127659887725,55.111825563487926
1889,-3.978631494654426,51.28537009969002
1890,-9.779710537018179,38.7968575908423
1891,-3.1230081162015075,48.386338033593866
1892,4.669976940278274,53.349273182723564
1893,-8.709919932417234,36.640165861946706
1894,106.76239635992313,10.639708629717695
1895,-10.286747327954545,32.46480135616522
1896,-67.54846833501848,17.75261836506463
1897,31.543801169109944,36.116129919371716
1898,2.8758281828304426,51.36631006388022
1899,-3.597416948458475,51.338292860105696
1900,7.126792373634219,56.254971172433144
1901,3.1876563908704156,51.34058838065594
1902,16.525024573202515,38.25301258751765
1903,-5.269018020943697,50.42761244742581
1904,2.8385673522761596,51.60490962367596
1905,7.622351208509595,53.887089664073635
1906,-1.7897840557391598,50.74425721313115
1907,8.214967492936509,57.07493928039682
1908,5.394061329007135,43.36061413292057
1909,-9.996489872539433,39.51518874028937
1910,16.50998641357601,55.94860140449026
1911,2.4323922171696335,39.44190785747884
1912,-80.74565421109662,31.1675534814996
1913,19.999788985714282,58.318951242857146
1914,6.624330047138231,53.693273621734576
1915,10.873290326744831,53.952105516271786
1916,6.025210538397883,42.85439843993081
1917,2.4704698278775314,52.14147586183226
1918,2.443238246849565,51.57009960019435
1919,3.07954093014587,51.642432734110805
1920,-10.513079023409636,40.162899607350035
1921,14.37014226309524,56.12272313095237
1922,2.9909001371760855,51.99423126204958
1923,0.9100679297343559,53.155920744568384
1924,-1.6744114311672629,49.96344834051371
1925,1.300501760186953,51.16148788467767
1926,3.170862653109353,51.321471425708424
1927,-11.684704877702906,38.41940228457811
1928,-11.014805284296534,38.86421006432038
1929,-5.738656874177317,52.041528195087146
1930,13.59386931957375,38.6925789219198
1931,9.998445372603534,53.53160839680286
1932,-122.59230501625436,37.43214298075798
1933,8.257914517392056,57.357163077917
1934,12.480316356209146,54.590231315686296
1935,1.985347462321872,40.78698244106147
1936,10.86069091787485,53.94371974789423
1937,136.631198967716,34.70979828266935
1938,15.948209053571434,37.76038655357146
1939,0.7374878818478366,50.7899047336858
1940,31.104616012896845,36.40896163520854
1941,17.545330661774873,37.67564557926397
1942,11.310953275671427,54.16683264069687
1943,8.549330615916983,53.574013926594404
1944,9.81089422898366,42.093160543599446
1945,10.475733457690103,41.63223054226648
1946,23.9036345,-34.290826
1947,19.989185185714284,58.31417934285715
1948,136.631198967716,34.70979828266935
1949,5.394061329007135,43.36061413292057
1950,174.3890403285715,-42.110970157142866
1951,29.46792745591155,40.712426040664816
1952,-3.1262592162015075,48.38692088359386
1953,16.525960706086906,38.25280259822482
1954,115.4563819695551,-31.889151094247026
1955,0.013004494169860657,39.55865885857386
1956,-8.054896634543498,44.90791889362117
1957,-75.39549012943296,38.33670064573392
1958,134.8491673532608,34.70993741759991
1959,-7.185884357923501,43.860174507672575
1960,29.28356882878591,40.84538339046789
1961,-4.554379222642692,36.65740139618813
1962,3.2415081180197594,51.31069317252357
1963,21.751645664374387,60.07840410934358
1964,2.808035808584825,52.07340818920265
1965,8.540834277034913,53.572709296998
1966,-1.089802839365984,50.7282108012715
1967,3.2415081180197594,51.31069317252357
1968,12.61995963408036,54.66693087178186
1969,124.50209243331699,-33.09363347089302
1970,11.660749203098568,57.99119314541716
1971,-122.45491249264181,47.30272029561058
1972,-0.30968852984199136,39.4458613767004
1973,-12.59338094606934,33.71933649513992
1974,8.549330615916983,53.574013926594404
1975,-3.93547056180046,36.11183120241142
1976,115.67505243288478,-32.04397326028966
1977,30.778524499404117,37.185918300467705
1978,-8.770312516981056,42.23012038094319
1979,13.95631649902682,38.56392408774951
1980,2.9982875879848563,51.3203289018038
1981,2.9982875879848563,51.3203289018038
1982,8.75490213491771,53.78752134317817
1983,2.7045916918979236,51.413616058290245
1984,-73.68172776895523,21.485133103549774
1985,9.719833099999999,53.565767799999975
1986,7.164424852958367,53.33524826222499
1987,5.127621981162309,52.643079919580074
1988,172.94412415352244,-43.41766202142273
1989,4.210600122597662,54.215030851456476
1990,115.66474804028289,-31.939108674368136
1991,174.9856123632562,-36.07718401656447
1992,-73.87387184200105,39.94997548599163
1993,-8.753491631069856,42.22922571861085
1994,4.154545574196159,51.28691049538806
1995,10.362980982800838,59.32974276369162
1996,18.657033930062433,54.37802567826698
1997,153.15634271096854,-27.372767117827397
1998,8.563531720012266,53.565274876562086
1999,3.975911039050681,51.36909447608267
2000,-74.60029614136403,40.38758028818855
2001,-10.241843810681814,32.50355795768037
2002,0.13196300789274262,49.496439191147175
2003,10.669989713958728,54.50537846503358
2004,4.093727626105386,51.32015510974701
2005,17.534800709260253,37.6752875925973
2006,4.906580713954504,52.44715103165358
2007,3.9849940018984045,53.085652952801496
2008,14.057097396130011,40.47216186717788
2009,103.75592074946962,1.1889585622517844
2010,-1.4235815312334328,50.90142521327945
2011,-122.4426421587378,47.31709908637828
2012,13.905597436580228,40.28803676351401
2013,3.1876563908704156,51.34058838065594
2014,-15.416933368302693,28.139961877476363
2015,4.118527756814444,51.29152409338405
2016,-81.30090447657018,30.45496202215851
2017,18.655212090179795,54.40612764232091
2018,14.907925002374249,56.47118716450219
2019,116.08491705673228,6.039260735282276
2020,8.549330615916983,53.574013926594404
2021,8.552286756035498,53.57707281534212
2022,-15.247558950146258,27.30215324697817
2023,7.03826709229944,56.18981445101177
2024,3.2397906065677144,51.3108391051717
2025,3.2418612643635782,52.15188248668245
2026,16.485909290064097,55.93061900246644
2027,9.987792436290203,42.48798849477106
2028,8.201504433769845,57.08158037063493
2029,12.565127659887725,55.111825563487926
2030,0.9100679297343559,53.155920744568384
2031,7.622351208509595,53.887089664073635
2032,-68.27955078708034,36.79499925075993
2033,-12.006472555442889,30.996710701158815
2034,-9.7814810678973,38.82473747203198
2035,116.35661846780782,-34.6758348747226
2036,21.9374824,58.66387029999998
2037,106.762399836137,10.639707275446007
2038,9.81089422898366,42.093160543599446
2039,-122.59230501625436,37.43214298075798
2040,11.307993630671428,54.165493140696874
2041,1.2692377005230875,51.14853207606419
2042,14.725418532444857,39.076725673425386
2043,13.59386931957375,38.6925789219198
2044,12.827600850000003,55.46514263333334
2045,31.544980969109933,36.11529481937171
2046,-5.924670525609174,52.96236222477039
2047,10.475735057690102,41.63223084226648
2048,31.104077512896843,36.407931835208544
2049,-67.53825796751848,17.74647803631463
2050,-10.030147712875904,39.417181690888206
2051,-122.44304987338447,47.34506786491647
2052,2.869679743133473,51.3658387346883
2053,-8.709919932417234,36.640165861946706
2054,-0.839770699578797,54.81792622747857
2055,-5.209517825631198,50.44202443180081
2056,153.15541151260334,-27.389710579822314
2057,-1.7896794634314677,50.74421880543884
2058,14.421785857142861,56.10105908809523
2059,-3.677361649112407,51.331652440337024
2060,-3.5925324237354572,51.3391926227473
2061,-10.532765322585458,40.1920022420112
2062,6.6458419553188435,53.68689188317173
2063,6.004990679089373,42.87356312681025
2064,5.208889634460769,53.623641610719005
2065,2.442210063057571,39.4361571820209
2066,3.1052259877150927,51.65892364060095
2067,8.06173597198464,57.300981533636175
2068,12.432288156209145,54.576173915686304
2069,-1.67852619941813,49.95761465906483
2070,-80.74525103389074,31.166640791058427
2071,-11.691944119726715,38.36738630791146
2072,-10.995964185943116,38.916721522829455
2073,10.86069091787485,53.94371974789423
2074,2.470497627877532,52.14123046183226
2075,2.443238246849565,51.57009960019435
2076,9.998440104632394,53.531605834026074
2077,1.957855861879394,40.76487739061899
2078,2.838355844532052,51.605812105927036
2079,0.7350048937813508,50.788616102533155
2080,3.170862653109353,51.321471425708424
2081,15.950283825000007,37.759021625000024
2082,4.681204997890415,53.363465794223785
2083,-93.93670186830308,29.862783079529645
2084,10.873290326744831,53.952105516271786
2085,-5.731562629732872,52.03047077842049
2086,6.988137678552572,56.133390560194194
2087,14.1796787207498,40.420788893138344
2088,-75.39553482943296,38.33822904573392
2089,-12.588849277736006,33.67332517263992
2090,2.5929442880603513,51.37312716107235
2091,-68.28423808708034,36.797233850759916
2092,-0.9367049065652264,54.89657003072493
2093,29.28356882878591,40.84538339046789
2094,8.540834277034913,53.572709296998
2095,115.4571416295551,-31.887756374247022
2096,-81.30090447657018,30.45496202215851
2097,116.08563687088191,6.039954548853704
2098,0.9100679297343559,53.155920744568384
2099,4.221442611870081,54.24071173218263
2100,3.1876563908704156,51.34058838065594
2101,-4.554379222642692,36.65740139618813
2102,3.2415081180197594,51.31069317252357
2103,21.74943192005193,60.12323973029746
2104,2.820796392459789,52.081827396865634
2105,3.2415081180197594,51.31069317252357
2106,-1.0882023651724355,50.72837825772311
2107,174.37342272857146,-42.12325089714286
2108,-122.45491249264181,47.30272029561058
2109,124.50444996665031,-33.09303721089302
2110,11.660749203098568,57.99119314541716
2111,-0.3088602446531549,39.44788027382796
2112,16.525380406339767,38.25298844594903
2113,-73.61433415252662,22.00047875902596
2114,8.549330615916983,53.574013926594404
2115,30.78501779940411,37.1857156004677
2116,115.67506096371811,-32.04397074862299
2117,-8.770312641981057,42.23012025939147
2118,0.013004494169860657,39.55865885857386
2119,8.759632791776369,53.78833455127662
2120,2.998287541680509,51.32032887021193
2121,2.998287541680509,51.32032887021193
2122,9.632738699999999,53.581321599999995
2123,7.164424852958367,53.33524826222499
2124,5.20886397928556,52.67137976270682
2125,172.9453999541177,-43.41695673868463
2126,115.66480765022692,-31.939089749277045
2127,-73.87666997950105,39.93604714474163
2128,12.634533195217738,54.6770585133341
2129,174.98418753383208,-36.08182603256812
2130,10.35201145494369,59.34131014281856
2131,18.657035439089444,54.378025239952514
2132,153.15634271096854,-27.372767117827397
2133,8.563531720012266,53.565274876562086
2134,4.154545574196159,51.28691049538806
2135,3.975911039050681,51.36909447608267
2136,-74.60029614136403,40.38758028818855
2137,10.56399487830912,54.47688687606023
2138,0.06781675306951032,49.50982238809161
2139,3.984993925509516,53.085652464785625
2140,4.906580713954504,52.44715103165358
2141,103.75592074946962,1.1889585622517844
2142,4.093808132772052,51.32019726641368
2143,-8.753491631069856,42.22922571861085
2144,-1.4235828426874726,50.90142447077957
2145,-122.4426421587378,47.31709908637828
2146,-8.051451734543498,44.92410139362116
2147,-5.923216505794358,52.96472602672702
2148,13.902169686580228,40.27499761351401
2149,-15.416933368302693,28.139961877476363
2150,-16.324365057396566,24.859565417959793
2151,14.798174191263085,39.04866770350014
2152,4.118527756814444,51.29152409338405
2153,-67.55215043751848,17.752112176314633
2154,18.655210451534362,54.40612725702002
2155,134.84917856851777,34.70993327548011
2156,14.90792702806869,56.47119309158555
2157,-11.959325306554,31.06017359199216
2158,8.552286756035498,53.57707281534212
2159,10.02501397262528,42.47054972798694
2160,8.549330615916983,53.574013926594404
2161,-8.709919932417234,36.640165861946706
2162,2.450836264057862,51.57954024119064
2163,3.2397906065677144,51.3108391051717
2164,10.86069091787485,53.94371974789423
2165,9.81089422898366,42.093160543599446
2166,2.871632206957427,51.35668449753101
2167,3.1529737638586544,51.69917194905119
2168,7.539611025639882,53.80919711333183
2169,106.7623959929212,10.639708587062087
2170,1.2685351493326114,51.14496919034992
2171,12.809297449999999,55.44955868333332
2172,-122.44304987338447,47.34506786491647
2173,-9.782038261128031,38.835789430106516
2174,10.873290326744831,53.952105516271786
2175,-5.266953536538121,50.44833968102367
2176,17.543918175926922,37.677098925930636
2177,-3.5824454025246553,51.340284050785684
2178,153.15831187145326,-27.3810720413557
2179,-1.7897840557391598,50.74425721313115
2180,8.16566735697076,57.062767025619635
2181,6.65429132837015,53.69908174332395
2182,-1.6789466282504018,49.953612391389676
2183,-80.75839897162471,31.163651719859033
2184,6.003380270160802,42.88818526609595
2185,14.393421640476197,56.11690425714286
2186,12.439477756209147,54.5716905156863
2187,-3.595012745265945,51.34796997745082
2188,-10.573174809849602,40.263593344095376
2189,3.170862653109353,51.321471425708424
2190,-11.697482445116327,38.34301543388549
2191,5.190796525175054,53.61606304226665
2192,-10.975012902555381,38.94764307663784
2193,2.4704389478775317,52.14220498183226
2194,12.562854475553277,55.10759582618358
2195,2.4729243080222374,39.413945490383426
2196,7.923249483705046,57.26732481664882
2197,2.8307756022761597,51.591291473675945
2198,22.03129319999999,58.686024399999994
2199,-15.218754762289116,27.364909059670477
2200,3.247546958785618,52.156593623308865
2201,9.998450502125436,53.531608776087644
2202,1.8404572850936802,40.73687565669041
2203,0.6714321947051084,50.76453911588454
2204,-93.93669971561249,29.86278487156774
2205,-122.59848610955135,37.4387320664838
2206,15.981728824999996,37.76971042500002
2207,13.921728378420756,38.554204427648514
2208,4.7237671449678444,53.389197785388326
2209,-3.849001554932524,36.12146338185023
2210,10.475734157690104,41.63222944226649
2211,-10.056025434139718,39.359723081375854
2212,16.51096527775534,55.937227232627144
2213,31.10690551289684,36.406674435208544
2214,11.313826642338093,54.17442346212543
2215,116.65213766780778,-34.68736257472259
2216,13.59386931957375,38.6925789219198
2217,31.54627646910994,36.113759719371714
2218,-3.1155907391502256,48.392972855687866
2219,-7.537073812255009,43.87674607933202
2220,-5.7405869372942,52.04357772200274
2221,10.159951890798288,43.053330389524525
2222,24.326198399999996,-34.0707013
2223,115.4563819695551,-31.889151094247026
2224,4.251810578722455,54.2049598132614
2225,-67.55190763751848,17.753921559647964
2226,174.98411244576036,-36.08536240272165
2227,12.565127659887725,55.111825563487926
2228,-12.584909322339179,33.62232762771929
2229,29.46792745591155,40.712426040664816
2230,-11.878859489887335,31.143543622944545
2231,10.029442610172403,42.45481875962617
2232,30.783395599404106,37.186860800467706
2233,0.013004494169860657,39.55865885857386
2234,103.75592074946962,1.1889585622517844
2235,9.81089422898366,42.093160543599446
2236,-8.049990491686353,44.92195839362115
2237,12.634533195217738,54.6770585133341
2238,4.118527756814444,51.29152409338405
2239,-81.30090447657018,30.45496202215851
2240,18.655211937297288,54.40612820716474
2241,14.90792417181869,56.471189572835534
2242,134.84917547975274,34.709934946941836
2243,116.0856410875486,6.039955573853704
2244,8.549330615916983,53.574013926594404
2245,8.552286756035498,53.57707281534212
2246,3.2397906065677144,51.3108391051717
2247,106.7623959929212,10.639708587062087
2248,12.824028050000006,55.458797483333335
2249,-122.44304987338447,47.34506786491647
2250,153.15831187145326,-27.3810720413557
2251,-93.93669971561249,29.86278487156774
2252,29.283772328840058,40.84544922758102
2253,8.540834277034913,53.572709296998
2254,3.2415081180197594,51.31069317252357
2255,21.740718300246737,60.0809085324295
2256,2.820796392459789,52.081827396865634
2257,3.2415081180197594,51.31069317252357
2258,-15.59137148895682,26.273967447273836
2259,124.50382179165034,-33.09330725255969
2260,-1.089802839365984,50.7282108012715
2261,174.34040036805862,-42.14708617021978
2262,11.660749203098568,57.99119314541716
2263,-122.45491249264181,47.30272029561058
2264,-0.3070848568753772,39.45180275612957
2265,11.303832075671426,54.16401004069686
2266,16.526435773202515,38.25270278751766
2267,-73.61384305252663,22.005208759025958
2268,8.549330615916983,53.574013926594404
2269,115.67505390826358,-32.04397182619875
2270,-8.770312516981056,42.23012038094319
2271,-8.753491631069856,42.22922571861085
2272,8.759632791776369,53.78833455127662
2273,2.998287541680509,51.32032887021193
2274,2.998287541680509,51.32032887021193
2275,2.622555223284485,51.38732405945569
2276,9.6027862,53.588788225
2277,5.207470051190321,52.67195549984968
2278,-16.301299781725568,24.906516966141613
2279,5.995737991589374,42.890665076810244
2280,7.164424852958367,53.33524826222499
2281,-3.1161058808168924,48.39295547513232
2282,172.9440651463796,-43.41762621427987
2283,115.66480945022695,-31.939095149277044
2284,-73.91369214485644,39.87515465798158
2285,116.89160016780778,-34.71012827472258
2286,18.657036277688043,54.37802683157909
2287,4.154545574196159,51.28691049538806
2288,10.350476989665912,59.34159258476302
2289,153.15634271096854,-27.372767117827397
2290,8.563531720012266,53.565274876562086
2291,-74.60029614136403,40.38758028818855
2292,3.975911039050681,51.36909447608267
2293,0.0713109723768696,49.5112083533297
2294,10.511476906567946,54.462186703225015
2295,-74.81697131569193,22.114879281474096
2296,-8.709919932417234,36.640165861946706
2297,-10.059593332394618,32.63848742170937
2298,4.906580713954504,52.44715103165358
2299,3.98499343384285,53.08565243145229
2300,4.093808132772052,51.32019726641368
2301,-68.27089598708034,36.79767295075992
2302,9.998451555317494,53.53160957344387
2303,1.2423084685202865,51.131361159677674
2304,10.107774999213213,41.742848870986556
2305,3.223086839628045,51.73699961877574
2306,16.52284544304945,55.94082759819905
2307,-1.4235813651760654,50.90142543409419
2308,-122.4426421587378,47.31709908637828
2309,2.879592882830443,51.368470263880226
2310,136.63346743371085,34.70791287693558
2311,8.107537079827903,57.05099795633393
2312,13.902169686580228,40.27499761351401
2313,15.921282453571434,37.78130375357146
2314,-10.069249297425824,39.30798816157862
2315,1.8272118850936803,40.72199555669041
2316,14.919535254027217,38.9844510794915
2317,3.328528935475773,52.211330569175935
2318,-122.5990977577055,37.438080877883394
2319,13.857765892825514,38.545149988759626
2320,-5.927028778462139,52.97845094646943
2321,10.433237920792031,41.65701198874561
2322,31.10403261289684,36.40921953520854
2323,12.426182456209146,54.570088515686294
2324,0.9100679297343559,53.155920744568384
2325,31.543404369109936,36.11630601937172
2326,-9.780227625833914,38.84981660457406
2327,3.1876563908704156,51.34058838065594
2328,4.802948201371752,53.418604892761394
2329,10.873290326744831,53.952105516271786
2330,-5.739775759794201,52.04463528200274
2331,17.531113146110073,37.67499259574748
2332,-7.58084046326865,43.8823578953307
2333,13.59386931957375,38.6925789219198
2334,14.41231467666667,56.12745214857143
2335,-1.641716963616951,49.954838025615054
2336,5.178796833508389,53.61844883809997
2337,2.450836264057862,51.57954024119064
2338,-5.266953536538121,50.44833968102367
2339,-3.5134719488809285,51.36052309739866
2340,-3.5824454025246553,51.340284050785684
2341,-10.550419231154144,40.38400103506704
2342,-11.725607671068708,38.283437658528335
2343,-10.945530185100438,39.02735073423019
2344,2.4899532869932326,39.40637560577503
2345,7.740122203694227,57.203378983521105
2346,-15.416795488384238,28.13985859763003
2347,22.07281689999999,58.690531999999976
2348,3.170862653109353,51.321471425708424
2349,-80.77391485999101,31.157122604867354
2350,6.672533219203483,53.70443113328427
2351,10.86069091787485,53.94371974789423
2352,2.83919625227616,51.59955555700929
2353,0.6677121668263206,50.77563057694515
2354,7.509708188858274,53.80600047597551
2355,-1.7897840557391598,50.74425721313115
2356,-15.19152112533766,27.49876494430902
2357,2.4704698278775314,52.14147586183226
2358,24.958564200000005,-33.9369638
2359,-9.780683799004645,38.860011310671624
2360,16.539022402762516,55.9448113443712
2361,-5.281513571873653,50.43847187801709
2362,1.9307682521840153,53.301420650966264
2363,-4.554379222642692,36.65740139618813
2364,29.46792745591155,40.712426040664816
2365,-8.037534391686354,44.93807069362116
2366,10.112315449213215,41.74137664598655
2367,29.283772328840058,40.84544922758102
2368,-8.709919932417234,36.640165861946706
2369,16.52596057674418,38.252802595642656
2370,-8.770312516981056,42.23012038094319
2371,2.6019278383644853,51.38621185453388
2372,-7.587994047916505,43.8804417572929
2373,-8.753491631069856,42.22922571861085
2374,174.98289775222239,-36.09609458012404
2375,-17.79302340860306,22.218605619060163
2376,-122.4426421587378,47.31709908637828
2377,13.902169486580227,40.27499791351401
2378,13.59386931957375,38.6925789219198
2379,-15.41750827794182,28.139647877720137
2380,4.118527756814444,51.29152409338405
2381,-81.30090447657018,30.45496202215851
2382,134.84915953923067,34.709959702632155
2383,8.552286756035498,53.57707281534212
2384,18.655211743862168,54.40612835954085
2385,14.907924902374248,56.4711866645022
2386,116.0872761264375,6.041576501631482
2387,8.549330615916983,53.574013926594404
2388,3.2397906065677144,51.3108391051717
2389,1.217102997091715,51.1189192025348
2390,12.824784850000006,55.461558483333334
2391,-122.44304987338447,47.34506786491647
2392,153.15831187145326,-27.3810720413557
2393,-93.93669971561249,29.86278487156774
2394,12.565127659887725,55.111825563487926
2395,8.540834277034913,53.572709296998
2396,21.76160231131817,60.09236098907786
2397,3.2415081180197594,51.31069317252357
2398,2.8378620188179955,52.09303001686238
2399,136.63346743371085,34.70791287693558
2400,124.50209082220589,-33.09363466644858
2401,174.31696996805863,-42.176036470219785
2402,-1.089802839365984,50.7282108012715
2403,-3.5824454025246553,51.340284050785684
2404,3.2415081180197594,51.31069317252357
2405,-122.45491249264181,47.30272029561058
2406,11.660749203098568,57.99119314541716
2407,-0.2713450617118369,39.446107327918895
2408,11.293288255671428,54.17697294069687
2409,-73.57916019062185,22.157110535216443
2410,30.777941699404114,37.1861686004677
2411,8.549330615916983,53.574013926594404
2412,115.67505907493025,-32.04397007619875
2413,12.634533195217738,54.6770585133341
2414,0.013004494169860657,39.55865885857386
2415,8.759632791776369,53.78833455127662
2416,2.998287541680509,51.32032887021193
2417,2.998287541680509,51.32032887021193
2418,5.210490397828977,52.67053811749675
2419,0.6629166727086735,50.774362778415735
2420,9.602715199999999,53.58960512499999
2421,7.164424852958367,53.33524826222499
2422,172.94410486304628,-43.417668630946544
2423,-80.79926148480716,31.148816734191314
2424,-68.27919078708034,36.79666445075993
2425,-73.91369214485644,39.87515465798158
2426,115.6648133946714,-31.93909819094371
2427,-10.53738057840689,40.50527709415127
2428,-16.273186533868422,24.988574108522574
2429,18.65703495177622,54.37802711771458
2430,-74.60029614136403,40.38758028818855
2431,153.15634271096854,-27.372767117827397
2432,3.975911039050681,51.36909447608267
2433,-74.81947037470708,22.11597488692864
2434,8.563531720012266,53.565274876562086
2435,10.347234238118297,59.341472614425726
2436,4.154545574196159,51.28691049538806
2437,10.477779720169199,54.44887185814179
2438,3.4272725371860253,52.26359003978198
2439,7.530610716377322,53.79544590601254
2440,-15.144803229599797,27.569017699787494
2441,-5.928726548184361,52.98302796785831
2442,9.81089422898366,42.093160543599446
2443,-10.104271542936702,39.19445521707019
2444,15.918777653571437,37.780670053571455
2445,0.05527022821020297,49.515846340829704
2446,5.05077805610052,53.5029022934779
2447,4.027255458380447,53.05460900921895
2448,-12.632619065277774,33.56147515166665
2449,1.9333527993793944,40.732284328118986
2450,4.906580713954504,52.44715103165358
2451,-3.126259980816892,48.38692182513233
2452,12.353493436209146,54.5487595756863
2453,-10.0162994842128,32.684335028780076
2454,-122.5990977577055,37.438080877883394
2455,103.75592074946962,1.1889585622517844
2456,5.16718385493696,53.61190643948887
2457,31.102312512896848,36.40903273520854
2458,3.1876563908704156,51.34058838065594
2459,10.86069091787485,53.94371974789423
2460,10.4190735863756,41.66527025286365
2461,13.766848063128542,38.53963981903019
2462,31.543314069109943,36.116347519371715
2463,2.869679743133473,51.3658387346883
2464,19.924216485714286,58.28241044285714
2465,0.9100679297343559,53.155920744568384
2466,22.14277249999999,58.710476499999984
2467,10.873290326744831,53.952105516271786
2468,4.093808132772052,51.32019726641368
2469,17.53111621277674,37.66981602908081
2470,117.34257926780776,-34.75130757472258
2471,-1.7896794634314677,50.74421880543884
2472,-5.7339818075106495,52.031600878420484
2473,2.601128749642017,39.36501318253455
2474,-1.4235813824174448,50.9014251478873
2475,14.954152354957255,38.975560552262024
2476,8.060386464351712,57.03205123068856
2477,-10.932069795362343,39.05825680665876
2478,2.4431443307245284,51.57642355785732
2479,14.436039826666672,56.10559106857142
2480,9.998449132017159,53.53160824639492
2481,3.227496909866141,51.738397848537645
2482,-3.36600385113547,51.378231715757536
2483,-1.9049135891725066,49.89382732968913
2484,3.170862653109353,51.321471425708424
2485,6.654821983489197,53.70467048050649
2486,106.76239649292118,10.639707987062087
2487,2.465009573729757,52.130838261039756
2488,7.569892814944228,57.136774071021115
2489,2.838195744532052,51.60623023926037
2490,6.024629191589375,42.873477076810246
2491,-11.771801352834018,38.12150861709355
2492,136.63346743371085,34.70791287693558
2493,29.283772328840058,40.84544922758102
2494,6.882490619320334,56.058378361906186
2495,29.46792745591155,40.712426040664816
2496,-68.28930218708034,36.79689715075992
2497,10.103311276139317,43.19431605856793
2498,103.75592074946962,1.1889585622517844
2499,1.5956345274854622,53.3693382026754
2500,-4.557755576809722,36.65810275644816
2501,0.9100679297343559,53.155920744568384
2502,-1.0882023651724355,50.72837825772311
2503,120.70404198333331,14.710977708333342
2504,16.525380406339767,38.25298844594903
2505,30.785015799404114,37.185723100467705
2506,2.4244482142287564,51.32639744281033
2507,0.010174796856663178,39.55885825591738
2508,9.812601585570668,42.09731739971718
2509,-8.040353291686351,44.92196719362115
2510,4.118527756814444,51.29152409338405
2511,-81.30090447657018,30.45496202215851
2512,18.655208181832183,54.40612705268204
2513,134.84917873851776,34.70993313690869
2514,8.549330615916983,53.574013926594404
2515,116.08725031362988,6.041509963870888
2516,14.907926529259166,56.471193403490304
2517,8.552286756035498,53.57707281534212
2518,3.2397906065677144,51.3108391051717
2519,-3.0918221376306185,48.42471420345093
2520,14.386752782728845,40.20800151660505
2521,12.81221355,55.44619008333332
2522,5.378144147316993,43.36031835151211
2523,-122.44304987338447,47.34506786491647
2524,153.15831187145326,-27.3810720413557
2525,-93.93669971561249,29.86278487156774
2526,12.619113597370658,39.43100231698761
2527,8.540834277034913,53.572709296998
2528,3.2415081180197594,51.31069317252357
2529,21.802770309396703,60.11796244007414
2530,3.2415081180197594,51.31069317252357
2531,2.85739443873849,52.10829705340048
2532,12.562416706322509,55.107083676183585
2533,124.50444846665033,-33.09303810422635
2534,174.2831460347253,-42.19958907021977
2535,-122.45491249264181,47.30272029561058
2536,-3.5824454025246553,51.340284050785684
2537,11.660749203098568,57.99119314541716
2538,-0.21220271009567526,39.43855763949899
2539,-73.59929029181234,22.206094104145013
2540,11.303493542338092,54.188168562125426
2541,8.549330615916983,53.574013926594404
2542,115.67506806826357,-32.04396993953208
2543,-65.71393607970651,19.246645987775914
2544,-8.770312516981056,42.23012038094319
2545,8.772825941986346,53.78602711375229
2546,2.998287541680509,51.32032887021193
2547,2.998287541680509,51.32032887021193
2548,-12.767362051944447,33.326418643333334
2549,5.206103979285559,52.67117396270682
2550,7.164424852958367,53.33524826222499
2551,9.591990700000002,53.591843799999985
2552,172.9443436068558,-43.41756924856558
2553,115.6651402995366,-31.939067589266912
2554,-73.91369214485644,39.87515465798158
2555,1.2066766493326115,51.12515362368326
2556,-80.78869245923747,31.138153329295275
2557,-74.83581761569194,22.11300619814076
2558,18.657033994556194,54.378027960787705
2559,-74.60029614136403,40.38758028818855
2560,3.975911039050681,51.36909447608267
2561,4.154545574196159,51.28691049538806
2562,10.348763401729402,59.33275656859237
2563,153.15634271096854,-27.372767117827397
2564,8.563531720012266,53.565274876562086
2565,4.290434930411692,54.1793373943336
2566,0.04070879323272548,49.520318937473824
2567,10.42568622156217,54.43454020450314
2568,-15.528795555077457,26.429092885187107
2569,10.11013434087988,41.72816422931988
2570,-16.203540739304316,25.075810156685584
2571,4.044015034915406,53.04100539567603
2572,4.906580713954504,52.44715103165358
2573,-5.7352174971026795,52.06587539283721
2574,-1.423581795716317,50.9014252735828
2575,-122.4426421587378,47.31709908637828
2576,5.151562097079817,53.624637987465064
2577,13.90242560240423,40.4005676294845
2578,5.283806769963206,53.68428421149301
2579,-8.753491631069856,42.22922571861085
2580,174.98160063946176,-36.09845509005393
2581,5.932423900930034,42.9199448199421
2582,-3.3344963371301928,51.384072815436056
2583,-10.531480810395191,40.68003550347874
2584,3.5428292063300235,52.33475809815911
2585,9.998455084420481,53.53160643189476
2586,7.325954944476606,57.054685200061606
2587,1.7945408112168693,40.6925040924875
2588,2.731294163442694,39.27903213980228
2589,12.304523736209143,54.51258037568629
2590,2.830747802276159,51.591643107009276
2591,-5.92732702846214,52.97876560146942
2592,10.404907550082166,41.67352946402546
2593,-17.770472011936395,22.352714735726842
2594,31.104828112896843,36.408871335208545
2595,13.679027961681097,38.52616658468342
2596,3.1876563908704156,51.34058838065594
2597,-15.11235252449869,27.682360721068175
2598,-8.709919932417234,36.640165861946706
2599,106.762395877863,10.639708969781664
2600,10.873290326744831,53.952105516271786
2601,-122.5990977577055,37.438080877883394
2602,19.97289228571428,58.302333842857145
2603,17.532165846110075,37.670395595747486
2604,117.35437236780774,-34.74581637472259
2605,31.54420046910993,36.11595631937172
2606,12.660636764984567,54.69591357050406
2607,2.871632206957427,51.35668449753101
2608,-9.96009790188932,32.76260243463393
2609,-10.910380397198681,39.12145914708361
2610,13.59386931957375,38.6925789219198
2611,4.093808132772052,51.32019726641368
2612,14.419151676666672,56.12593724857143
2613,-5.282104230206986,50.45060481135043
2614,-2.021299943520746,49.846259975105916
2615,3.170862653109353,51.321471425708424
2616,15.016513660945309,38.90617910784952
2617,7.909324570819964,56.92593710564892
2618,-11.786888934265889,37.934110240984666
2619,-7.584791288853478,43.882016469700176
2620,2.4948199925282832,51.616620930878646
2621,-10.113252371844398,39.14829500488201
2622,-15.417540856275153,28.13967606772014
2623,-1.7897840557391598,50.74425721313115
2624,6.659029283489198,53.70653114717315
2625,10.86069091787485,53.94371974789423
2626,3.2220162240111265,51.72198579243188
2627,15.936409653571424,37.77576345357144
2628,22.53900729999999,58.88434180000001
2629,0.6180446879344891,50.757590963787045
2630,7.401333199789186,53.769699287826406
2631,2.4771644937297568,52.128207081039754
2632,5.378144147316993,43.36031835151211
2633,-3.0918224126306186,48.42471447845093
2634,13.90242560240423,40.4005676294845
2635,-11.72487222923077,31.378926518580574
2636,2.4052542952017264,51.32514806053851
2637,3.5467530283921076,52.337382601706786
2638,10.11180258087988,41.724431989319875
2639,-15.100873935299555,27.70008808324711
2640,-67.6005377518042,17.67912984536225
2641,29.283772328840058,40.84544922758102
2642,-9.884873396889322,32.82071997963393
2643,6.853573473288588,56.03239695238235
2644,134.84917598590835,34.709934789331506
2645,-8.770312516981056,42.23012038094319
2646,-4.606568127464771,36.14491618094312
2647,9.812601585570668,42.09731739971718
2648,-15.52236080337637,26.453515537440698
2649,4.2879156304116925,54.178440594333594
2650,16.526435773202515,38.25270278751766
2651,30.77966119940412,37.186363500467706
2652,-10.472775633728526,40.843338676812074
2653,-122.4426421587378,47.31709908637828
2654,-1.423581539189223,50.90142541764683
2655,13.59386931957375,38.6925789219198
2656,-15.417540790121244,28.139676733702068
2657,4.118527756814444,51.29152409338405
2658,-81.30090447657018,30.45496202215851
2659,1.5840545827547827,53.37412182351849
2660,14.90792234069624,56.471184500726686
2661,12.135059452875815,54.430939309019635
2662,116.08723053227023,6.041502846195449
2663,8.552286756035498,53.57707281534212
2664,8.549330615916983,53.574013926594404
2665,3.2397906065677144,51.3108391051717
2666,12.860157033333337,55.48520250000002
2667,-122.44304987338447,47.34506786491647
2668,153.15831187145326,-27.3810720413557
2669,-93.93669971561249,29.86278487156774
2670,8.540834277034913,53.572709296998
2671,3.2415081180197594,51.31069317252357
2672,3.2415081180197594,51.31069317252357
2673,-4.559031632642693,36.65712107257701
2674,2.901300510471445,52.12438435604252
2675,21.789467239591502,60.109861292206176
2676,1.1788232518536197,51.112646193011
2677,-1.089802839365984,50.7282108012715
2678,-74.83772995652527,22.115501291474096
2679,-73.57890328883616,22.33074003271645
2680,29.46792745591155,40.712426040664816
2681,124.5034092222059,-33.093381993115244
2682,174.2142805680586,-42.27307057021978
2683,-3.5824454025246553,51.340284050785684
2684,12.565127659887725,55.111825563487926
2685,11.660749203098568,57.99119314541716
2686,-122.45491249264181,47.30272029561058
2687,-0.213091533084181,39.44064354256413
2688,11.305107675671428,54.18322787403019
2689,8.549330615916983,53.574013926594404
2690,12.619113597370658,39.43100231698761
2691,115.67506132493025,-32.043969951198754
2692,2.998287541680509,51.32032887021193
2693,2.998287541680509,51.32032887021193
2694,-5.73455801960268,52.0660959528372
2695,0.010174796856663178,39.55885825591738
2696,-65.69277067149223,19.247688839561622
2697,8.772825941986346,53.78602711375229
2698,-68.27480278708035,36.79783695075991
2699,7.164424852958367,53.33524826222499
2700,5.203067201190321,52.67155049984968
2701,172.94404559481097,-43.41763412682889
2702,15.914587153571434,37.78783655357145
2703,115.66514209953662,-31.93907298926691
2704,-73.94693419489556,39.840581408783315
2705,25.616316399999995,-33.6630729
2706,-8.709919932417234,36.640165861946706
2707,174.98187064231269,-36.10192723523409
2708,18.657034758662327,54.37803091511455
2709,-12.780666011944449,33.27317043071427
2710,3.1876563908704156,51.34058838065594
2711,-74.60029614136403,40.38758028818855
2712,10.86069091787485,53.94371974789423
2713,153.15634271096854,-27.372767117827397
2714,10.344935234229405,59.33249853387016
2715,8.563531720012266,53.565274876562086
2716,-17.757256678603063,22.40652581906016
2717,4.154545574196159,51.28691049538806
2718,12.660636764984567,54.69591357050406
2719,-80.78606153653004,31.12856012432568
2720,5.926020422358605,42.91429523065639
2721,3.975911039050681,51.36909447608267
2722,10.368979918545213,54.41816245344642
2723,9.593275600000002,53.59220952499999
2724,-8.151926391686349,44.75240719362116
2725,0.46688337088964316,50.73009773814497
2726,13.587360856900926,38.485470361814535
2727,-8.753491631069856,42.22922571861085
2728,9.998449530758439,53.53160901974319
2729,0.035536093232725455,49.522450437473836
2730,-5.299971017333916,50.4454629544965
2731,-10.112385929052877,39.113919284776955
2732,22.582203099999994,58.90241790000001
2733,115.44029449589036,-31.882463512523085
2734,-1.7897840557391598,50.74425721313115
2735,6.659029283489198,53.70653114717315
2736,2.479309348344701,52.123786307951015
2737,3.2440698078113566,51.736715832116154
2738,1.8904031255025833,40.69874026391607
2739,-3.2743398869565383,51.39215107521877
2740,4.906580713954504,52.44715103165358
2741,-16.16675008786853,25.11353058853263
2742,4.044014484915405,53.041005651231586
2743,106.762395977863,10.639709069781663
2744,18.65520974060671,54.4061275278027
2745,15.06198959929665,38.87820168147929
2746,5.145708795413151,53.62344895079839
2747,2.474440276479966,51.61390799481307
2748,14.410967426666671,56.125420868571425
2749,7.241934012571845,57.015277152442565
2750,22.109396500000003,58.82330530000001
2751,-2.222400273687635,49.803770941968395
2752,103.75592074946962,1.1889585622517844
2753,3.170862653109353,51.321471425708424
2754,-11.820133888593684,37.88376195230066
2755,-7.577984228630154,43.88373932258892
2756,-10.85608812969491,39.28474536904689
2757,31.104031012896836,36.40922663520855
2758,2.83853955227616,51.60526125700929
2759,2.877711682830443,51.36738886388022
2760,-5.927698511795472,52.98281171313609
2761,31.543309769109932,36.11635281937172
2762,7.398937186644857,53.76482642193294
2763,4.093808132772052,51.32019726641368
2764,10.404907150082165,41.67353016402545
2765,2.7857127205316066,39.23144726977914
2766,-122.59832604745499,37.438125917425516
2767,19.959629585714286,58.294119542857146
2768,17.55625653631841,37.63846287220583
2769,117.58892286780775,-34.77187557472259
2770,5.359131689712229,53.71143644929376
2771,7.779765567083701,56.83869109365257
2772,10.873290326744831,53.952105516271786
2773,0.33284340628692993,50.709666239889145
2774,13.90242540240423,40.400567929484495
2775,29.283772328840058,40.84544922758102
2776,174.21415596805858,-42.26930177021978
2777,-5.73355476731913,52.058577049254964
2778,-73.64656668883615,22.41258313271645
2779,4.154545574196159,51.28691049538806
2780,-9.731411928793241,42.889131754946405
2781,-17.735241013451553,22.433390215499557
2782,-81.30090447657018,30.45496202215851
2783,-4.1234829813791585,36.12102123796284
2784,29.46792745591155,40.712426040664816
2785,25.764146599999993,-33.629135100000006
2786,5.125303095413151,53.60729641746506
2787,2.390061457936596,51.317181078879194
2788,0.010174796856663178,39.55885825591738
2789,6.839173965669538,56.01414760047759
2790,115.66514349398106,-31.939075255933577
2791,-73.96669056094494,39.82427378162282
2792,-74.60029614136403,40.38758028818855
2793,18.657035194381937,54.37802912275589
2794,153.15634271096854,-27.372767117827397
2795,8.563531720012266,53.565274876562086
2796,10.345510755896074,59.33301969164795
2797,3.975911039050681,51.36909447608267
2798,10.361569377775979,54.41323278943543
2799,9.812601585570668,42.09731739971718
2800,0.0298731140660588,49.52409572497383
2801,4.906580713954504,52.44715103165358
2802,4.085564973404299,53.012387097207494
2803,106.76239637786298,10.639708369781664
2804,103.75592074946962,1.1889585622517844
2805,-1.4235815564306025,50.901425131439936
2806,-122.4426421587378,47.31709908637828
2807,13.51902986739876,38.480730078189
2808,13.59386931957375,38.6925789219198
2809,-15.417572240038673,28.139686903361934
2810,-12.80444680436869,33.21944200217892
2811,-4.668648198070833,36.13720143230675
2812,4.118527756814444,51.29152409338405
2813,134.8491675232608,34.70993727902848
2814,8.549330615916983,53.574013926594404
2815,116.08722662798453,6.041538167147831
2816,12.187274486764698,54.42894573235295
2817,8.552286756035498,53.57707281534212
2818,3.2397906065677144,51.3108391051717
2819,120.70536543333331,14.708046808333338
2820,-15.066525640118819,27.767883633688225
2821,12.847498300000005,55.496673100000024
2822,-122.44304987338447,47.34506786491647
2823,153.15831187145326,-27.3810720413557
2824,-93.93669971561249,29.86278487156774
2825,3.2415081180197594,51.31069317252357
2826,8.540834277034913,53.572709296998
2827,2.901300510471445,52.12438435604252
2828,21.809194557241884,60.11807998806508
2829,-1.089802839365984,50.7282108012715
2830,-74.83986807470708,22.116156536928642
2831,3.2415081180197594,51.31069317252357
2832,124.50209273331699,-33.09363347089302
2833,0.9100679297343559,53.155920744568384
2834,-3.5824454025246553,51.340284050785684
2835,-0.21313928308418104,39.44071536756413
2836,11.660749203098568,57.99119314541716
2837,11.304281755671427,54.1820412740302
2838,-122.45491249264181,47.30272029561058
2839,12.565127659887725,55.111825563487926
2840,16.525960706086906,38.25280259822482
2841,12.619113597370658,39.43100231698761
2842,17.543809658540628,37.63693088887249
2843,8.549330615916983,53.574013926594404
2844,30.77794069940412,37.1861838004677
2845,15.775167000000003,37.92406170000003
2846,115.67507332009617,-32.0439676940559
2847,-8.753491631069856,42.22922571861085
2848,3.6652061839631904,52.42119648746013
2849,-8.770312516981056,42.23012038094319
2850,22.610088699999988,58.91623780000002
2851,8.795796295633693,53.79190375611515
2852,1.1727119804250485,51.10876503586814
2853,2.998287541680509,51.32032887021193
2854,2.998287541680509,51.32032887021193
2855,5.391274097316995,43.35730752401212
2856,-68.28309758708033,36.796828450759925
2857,7.164424852958367,53.33524826222499
2858,9.595109299999997,53.592691999999985
2859,5.128907647828977,52.64275090499674
2860,115.44350256255703,-31.883806218078643
2861,7.422900683751011,53.744292827036006
2862,1.4644467204146856,53.405975737699336
2863,-16.148066032868527,25.13465876853262
2864,12.660636764984567,54.69591357050406
2865,-8.709919932417234,36.640165861946706
2866,-65.69426218696842,19.246589270514008
2867,1.8881240255025835,40.696852963916086
2868,-80.80826473921931,31.13265327858458
2869,15.102891413637513,38.875701044581675
2870,-3.2381330347402595,51.39438905419035
2871,-11.818128838914197,37.862506884672456
2872,5.558380581506535,53.77769100648509
2873,31.102309712896844,36.40906233520854
2874,6.6381973381957735,53.69062654209177
2875,-8.147341055972062,44.74571839362115
2876,31.543310369109935,36.11637381937171
2877,3.1876563908704156,51.34058838065594
2878,10.873290326744831,53.952105516271786
2879,-5.926929002394888,52.97853038022673
2880,10.404908650082163,41.67353076402546
2881,2.7635412206139525,39.235906772293404
2882,-122.59832604745499,37.438125917425516
2883,19.94199928571429,58.287088742857144
2884,117.78397576780777,-34.7736937747226
2885,10.010731555207776,43.34634473007959
2886,4.093808132772052,51.32019726641368
2887,14.442379205238101,56.10841813285713
2888,172.9439861519538,-43.41769063397175
2889,22.142806400000005,58.834863100000014
2890,-7.574590708781668,43.881693855164684
2891,9.998444891394461,53.5316068949285
2892,7.185394995905178,56.95678602744255
2893,-2.377182110592397,49.75164952637316
2894,2.869679743133473,51.3658387346883
2895,3.170862653109353,51.321471425708424
2896,-10.846643478076611,39.39295764368564
2897,2.4853112851490744,51.618339253299034
2898,-5.299971017333916,50.4454629544965
2899,174.98189604231266,-36.10199523523409
2900,2.838458944532052,51.60359433926037
2901,-1.7896794634314677,50.74421880543884
2902,7.724059305103183,56.81015911892311
2903,5.933206211145054,42.90381569875247
2904,10.86069091787485,53.94371974789423
2905,14.9276756712518,56.47627009239334
2906,3.256762594489441,51.75396791325716
2907,4.318811108481996,54.15439621463498
2908,2.472815344002595,52.11966307268786
2909,-10.111434576027273,39.09939751976511
2910,18.655209838460255,54.406128029854806
2911,-67.53408838056039,17.67983524646953
2912,0.9100679297343559,53.155920744568384
2913,13.485478410170339,38.48971592459573
2914,-0.8349965263748029,50.463821302183234
2915,174.15301657472526,-42.36858538021978
2916,4.118527756814444,51.29152409338405
2917,3.712736375581591,52.45405313950946
2918,9.99844651327405,53.5316096934624
2919,-8.753491631069856,42.22922571861085
2920,-15.033082466551527,27.829711826119134
2921,4.906580713954504,52.44715103165358
2922,13.943494126046264,40.402635266086676
2923,29.283772328840058,40.84544922758102
2924,12.685603715407105,54.71422923565088
2925,5.036224766295503,53.56332781393566
2926,16.525380406339767,38.25298844594903
2927,2.3265018087380436,51.31018575412677
2928,-68.35519764708035,36.719613790759915
2929,-73.9691776228497,39.81943121733711
2930,-74.60029614136403,40.38758028818855
2931,4.154545574196159,51.28691049538806
2932,18.657032456465828,54.37802683237628
2933,153.15634271096854,-27.372767117827397
2934,10.342871229507177,59.323448768036805
2935,8.563531720012266,53.565274876562086
2936,0.040084193232725454,49.520859277473825
2937,3.975911039050681,51.36909447608267
2938,10.33542899478688,54.40449641005505
2939,-11.838451452550554,37.85004652656099
2940,4.109289122118246,52.99256314011813
2941,103.75592074946962,1.1889585622517844
2942,-122.4426421587378,47.31709908637828
2943,-1.423581795716317,50.9014252735828
2944,13.59386931957375,38.6925789219198
2945,-15.417572240038673,28.139686903361934
2946,6.834202654717157,55.98485780881092
2947,-81.30090447657018,30.45496202215851
2948,134.84917952799142,34.70993310006658
2949,12.245013666755549,54.43597340401909
2950,8.552286756035498,53.57707281534212
2951,116.08720778841347,6.041503949315837
2952,8.549330615916983,53.574013926594404
2953,3.2397906065677144,51.3108391051717
2954,9.808046405989138,42.09519665524668
2955,12.88203785,55.50582555000003
2956,-122.44304987338447,47.34506786491647
2957,153.15831187145326,-27.3810720413557
2958,-93.93669971561249,29.86278487156774
2959,10.873290326744831,53.952105516271786
2960,3.2415081180197594,51.31069317252357
2961,-4.559537633087159,36.65728304829243
2962,21.800926264591503,60.11734750053951
2963,-74.83581761569194,22.11300619814076
2964,8.540834277034913,53.572709296998
2965,5.921199802216482,42.92327043803815
2966,2.9371597555308933,52.1477625413864
2967,3.2415081180197594,51.31069317252357
2968,-1.0892184393659838,50.7281893012715
2969,29.46792745591155,40.712426040664816
2970,124.50444497841505,-33.09303873216752
2971,-3.5824454025246553,51.340284050785684
2972,11.660749203098568,57.99119314541716
2973,-65.69562702732556,19.247267235394958
2974,11.312005428052379,54.19130816688734
2975,-122.45491249264181,47.30272029561058
2976,-0.21146616800481602,39.44074509064614
2977,12.565127659887725,55.111825563487926
2978,8.549330615916983,53.574013926594404
2979,30.78339839940411,37.1868589004677
2980,115.67507782403558,-32.0439623610256
2981,0.010174796856663178,39.55885825591738
2982,-8.770312516981056,42.23012038094319
2983,2.998287541680509,51.32032887021193
2984,2.998287541680509,51.32032887021193
2985,22.688376599999987,58.9401731
2986,-5.7296058971026795,52.0668655928372
2987,8.802482124824525,53.79080322673099
2988,115.4166727523804,-31.872127009462893
2989,-80.80826473921931,31.13265327858458
2990,-12.923752704368697,33.118802546345606
2991,17.5481853352073,37.63636819220582
2992,22.2068629,58.86160790000001
2993,9.544834800000002,53.60531009999999
2994,5.202061162618893,52.67310676270682
2995,7.164424852958367,53.33524826222499
2996,-16.0809427725378,25.21516233913655
2997,12.613972242198244,39.429655320435884
2998,106.76239596586299,10.639709143114997
2999,1.7701928880025832,40.66880516927322
3000,-3.204020258644123,51.39903926397631
3001,8.564666090709208,53.578176903411524
3002,-8.144805791686348,44.750715993621164
3003,5.644728764601992,53.81799105669799
3004,5.378144147316993,43.36031835151211
3005,14.864780863875987,39.45943984149308
3006,120.70408323333331,14.71105740833334
3007,31.543407569109934,36.11630281937172
3008,6.607209829772723,53.6943726662153
3009,-5.928515117351029,52.986174759802765
3010,-17.692284234284884,22.5261884363329
3011,31.10403521289684,36.409217835208544
3012,-122.60002674044902,37.445049783625706
3013,7.315344061368531,53.71702225246723
3014,-8.709919932417234,36.640165861946706
3015,18.65521000062289,54.40612743909564
3016,9.95163819016935,43.407233645470114
3017,-10.1086252509173,39.084876422851586
3018,2.990085968395702,39.128253456275004
3019,19.93278018571428,58.27502144285714
3020,3.1876563908704156,51.34058838065594
3021,14.449123110000006,56.14639664857143
3022,172.9439063186205,-43.41769777444793
3023,-5.319882228366277,50.45332519278118
3024,117.83086856780776,-34.7691342747226
3025,-10.812953911365023,39.46177465407701
3026,4.093808132772052,51.32019726641368
3027,7.143644845905179,56.941091304109214
3028,174.98207517261054,-36.107029410105696
3029,1.368747293504163,53.41099534165837
3030,-2.576536996880427,49.73859814142348
3031,1.1007385437770558,51.081543395905484
3032,2.8716070891796495,51.35685383530879
3033,3.170862653109353,51.321471425708424
3034,15.194472964972508,38.8316238824667
3035,7.5181712776381975,56.68393819632619
3036,-7.571126942345544,43.88862289616843
3037,14.92554515285533,56.475688745044884
3038,2.564839399924273,51.631108455206615
3039,-4.7138696774850075,36.13435805318825
3040,2.83968050227616,51.59852570700927
3041,-1.7897840557391598,50.74425721313115
3042,10.86069091787485,53.94371974789423
3043,3.272093249213832,51.75451047156497
3044,15.512143099999992,38.011376100000014
3045,115.6651540295366,-31.93906795051691
3046,4.358398021815329,54.127115847199086
3047,10.404907241748834,41.67352946402546
3048,2.4657146116370035,52.10750282080613
3049,6.607209829772723,53.6943726662153
3050,-68.34031924708034,36.719802290759915
3051,-10.484321539361225,40.92810705411477
3052,17.5481853352073,37.63636819220582
3053,10.873290326744831,53.952105516271786
3054,-0.14474465165059233,50.62466282461706
3055,12.685603715407105,54.71422923565088
3056,13.363997149994741,38.491880150741515
3057,9.998447663117904,53.53161001164951
3058,16.526435773202515,38.25270278751766
3059,29.283772328840058,40.84544922758102
3060,-11.603876405064105,31.654726454830566
3061,-65.69262595232556,19.247463585394954
3062,-4.729952077485007,36.132277628188255
3063,-11.872125751771613,37.79312132845937
3064,4.154545574196159,51.28691049538806
3065,-1.423581539189223,50.90142541764683
3066,13.943613075238074,40.40264337362978
3067,4.757726603130381,53.40735302464697
3068,-4.569032698007956,36.65092313774056
3069,174.1068471680586,-42.39671247021978
3070,29.46792745591155,40.712426040664816
3071,2.3230893676507,51.30582410118559
3072,12.565127659887725,55.111825563487926
3073,0.010174796856663178,39.55885825591738
3074,2.998287541680509,51.32032887021193
3075,2.998287541680509,51.32032887021193
3076,9.434035900000001,53.599380924999984
3077,7.164424852958367,53.33524826222499
3078,5.203067201190321,52.67155049984968
3079,172.94320919481098,-43.417995426828895
3080,-10.78547854678074,39.49379347673147
3081,115.66515582953662,-31.93907335051691
3082,-73.97956797971442,39.79971932901564
3083,18.657033822794123,54.37802784367111
3084,-16.070308393446894,25.239163294288065
3085,-74.60029614136403,40.38758028818855
3086,10.345613053673846,59.326588680536815
3087,153.15634271096854,-27.372767117827397
3088,8.563531720012266,53.565274876562086
3089,10.219614584752915,54.36807454330804
3090,3.975911039050681,51.36909447608267
3091,0.03306255697952651,49.536940744549426
3092,9.808046405989138,42.09519665524668
3093,4.906580713954504,52.44715103165358
3094,4.152386691709867,52.96053555635439
3095,103.75592074946962,1.1889585622517844
3096,-122.4426421587378,47.31709908637828
3097,13.59386931957375,38.6925789219198
3098,-15.417572240038673,28.139686903361934
3099,4.118527756814444,51.29152409338405
3100,-81.30090447657018,30.45496202215851
3101,134.84917514542207,34.7099342494165
3102,8.552286756035498,53.57707281534212
3103,120.70592957333331,14.70971292833334
3104,116.08718837730237,6.041498660426948
3105,12.244054269401051,54.44133416923072
3106,8.549330615916983,53.574013926594404
3107,3.2397906065677144,51.3108391051717
3108,3.761909646839986,52.496553842194736
3109,12.87986935,55.51395655000002
3110,-122.44304987338447,47.34506786491647
3111,153.15831187145326,-27.3810720413557
3112,-93.93669971561249,29.86278487156774
3113,8.540834277034913,53.572709296998
3114,3.2415081180197594,51.31069317252357
3115,3.2415081180197594,51.31069317252357
3116,21.80393504709151,60.120582375283114
3117,-1.076659879365984,50.722694711271494
3118,2.9817292859040823,52.17477165076666
3119,5.914823423645053,42.91746814875244
3120,-81.47404659538869,31.09467005072655
3121,124.50145113397062,-33.09422352105642
3122,-122.45491249264181,47.30272029561058
3123,-3.5824454025246553,51.340284050785684
3124,11.660749203098568,57.99119314541716
3125,-0.21219915300481595,39.44260897064614
3126,3.259828018446748,51.72309482926474
3127,11.304559975671427,54.183387174030194
3128,1.3123841197199533,53.42807244814437
3129,-80.80826473921931,31.13265327858458
3130,1.0900368520123498,51.080480602376085
3131,12.613972242198244,39.429655320435884
3132,30.77966119940412,37.186363500467706
3133,-14.991655078573771,27.916200294922096
3134,-12.940707897399,33.03460362078283
3135,8.549330615916983,53.574013926594404
3136,0.9100679297343559,53.155920744568384
3137,-17.690644234284882,22.54595285966623
3138,-8.135936891686349,44.77859189362116
3139,115.4166727523804,-31.872127009462893
3140,10.404906741748832,41.673530464025454
3141,115.67507116820224,-32.04396078269226
3142,-10.087202361013127,39.053145182923366
3143,1.8665074156216306,40.67526573403512
3144,-3.167634740275428,51.40301250806519
3145,-8.770312516981056,42.23012038094319
3146,-8.709919932417234,36.640165861946706
3147,14.465458960000003,56.16775806857143
3148,5.762634435291254,53.91282959223918
3149,8.564749021582225,53.57825963928454
3150,-2.57479076021376,49.745061194756815
3151,15.00580406055215,39.23266433832708
3152,3.170862653109353,51.321471425708424
3153,15.294417192905904,38.769406375334086
3154,2.5661160999242725,51.63077205520662
3155,7.111079672571842,56.93284620410921
3156,-5.92875189068436,52.985650141469435
3157,10.86069091787485,53.94371974789423
3158,31.104032012896838,36.409227635208545
3159,15.09932005,38.411693033333336
3160,31.543310769109937,36.11635381937172
3161,3.1876563908704156,51.34058838065594
3162,4.364203926558047,54.12446477785667
3163,-7.56868519652698,43.887614201080986
3164,19.869735985714286,58.237470542857146
3165,22.758973899999983,58.977396
3166,7.417322665830836,56.62196740005995
3167,-9.747058561317438,42.93729336454262
3168,18.655209987012324,54.40612715312479
3169,2.9970807292076675,39.127671379727396
3170,-122.60002674044902,37.445049783625706
3171,-5.325207509692131,50.45175264147572
3172,22.229034100000003,58.87446740000002
3173,2.83853955227616,51.60526125700929
3174,117.85605886780775,-34.772313774722605
3175,7.331862688035199,53.73199185246724
3176,9.92208668495231,43.44190428177858
3177,14.927673208410887,56.4762683533782
3178,-5.7276758339857965,52.06481606592161
3179,4.093808132772052,51.32019726641368
3180,8.802482124824525,53.79080322673099
3181,174.9822379032392,-36.11008889417474
3182,5.377351347316994,43.361011751512116
3183,-1.7897840557391598,50.74425721313115
3184,2.8758281828304426,51.36631006388022
3185,106.76239646586299,10.639708543114995
3186,2.460238663695827,52.10367820007084
3187,-74.74166834985861,22.057878251474094
3188,-68.34417434708034,36.71991309075992
3189,-10.78547854678074,39.49379347673147
3190,0.43751545201680353,39.35696680026736
3191,-4.569032698007956,36.65092313774056
3192,13.943612875238076,40.402643673629775
3193,120.7060177733333,14.70947792833334
3194,-10.424595247599527,41.32926362506504
3195,174.0390102680586,-42.441204070219776
3196,8.146773184067145,39.95641899946546
3197,29.283772328840058,40.84544922758102
3198,-74.59987576295161,18.335273620244525
3199,-16.0469534251563,25.280886762194054
3200,7.164424852958367,53.33524826222499
3201,172.943103694811,-43.4181379268289
3202,115.66515722398105,-31.939075617183576
3203,18.657036922273974,54.37802993028939
3204,-73.97956797971442,39.79971932901564
3205,3.975911039050681,51.36909447608267
3206,153.15634271096854,-27.372767117827397
3207,8.563531720012266,53.565274876562086
3208,4.154545574196159,51.28691049538806
3209,10.346188953673847,59.32711156942572
3210,-74.60029614136403,40.38758028818855
3211,0.017078113040132542,49.54194305970094
3212,10.222161602461247,54.3687671224747
3213,4.906580713954504,52.44715103165358
3214,4.239866940586074,52.891132626322154
3215,103.75592074946962,1.1889585622517844
3216,-11.910653829738813,37.728217837361306
3217,-122.4426421587378,47.31709908637828
3218,-1.423581539189223,50.90142541764683
3219,-12.934748115732331,33.005630014116164
3220,-15.417572240038673,28.139686903361934
3221,13.59386931957375,38.6925789219198
3222,2.446861784172018,52.095204582927984
3223,4.118527756814444,51.29152409338405
3224,-81.30090447657018,30.45496202215851
3225,134.84916022870436,34.70996046579005
3226,116.08717764761985,6.041531644077741
3227,12.203694779487313,54.42198262105153
3228,8.549330615916983,53.574013926594404
3229,115.4166727523804,-31.872127009462893
3230,8.552286756035498,53.57707281534212
3231,3.2397906065677144,51.3108391051717
3232,106.76239646586299,10.639708543114995
3233,9.808046405989138,42.09519665524668
3234,-122.44304987338447,47.34506786491647
3235,153.15831187145326,-27.3810720413557
3236,-93.93669971561249,29.86278487156774
3237,15.071788199999997,38.43926413333333
3238,8.540834277034913,53.572709296998
3239,5.890537295867277,42.879240793196885
3240,3.2415081180197594,51.31069317252357
3241,3.2415081180197594,51.31069317252357
3242,3.0117708532422984,52.19615054266632
3243,21.808409825662935,60.11853120385454
3244,-1.076659879365984,50.722694711271494
3245,12.685603715407105,54.71422923565088
3246,29.46792745591155,40.712426040664816
3247,-3.5824454025246553,51.340284050785684
3248,11.660749203098568,57.99119314541716
3249,124.50208683397061,-33.09363552105642
3250,-122.45491249264181,47.30272029561058
3251,11.306057655671427,54.182798640696866
3252,1.0883215472504453,51.08030564523322
3253,7.373422188035198,53.72938235246724
3254,16.52596097667514,38.252802406460106
3255,-80.80826473921931,31.13265327858458
3256,10.873290326744831,53.952105516271786
3257,30.777940099404127,37.18617570046771
3258,3.398000215123083,52.644630473612075
3259,3.170862653109353,51.321471425708424
3260,0.010174796856663178,39.55885825591738
3261,8.549330615916983,53.574013926594404
3262,22.2458435,58.880177900000014
3263,-17.68488735933664,22.468084124642072
3264,2.365224069981702,51.29954497967238
3265,-8.770312516981056,42.23012038094319
3266,-9.748515458142835,42.92599435978072
3267,12.613972242198244,39.429655320435884
3268,115.67507372534509,-32.043961411263695
3269,2.8382932522761597,51.60561429986643
3270,3.007428849163808,39.12828137205196
3271,3.260874218446748,51.72289522926473
3272,14.496504760000004,56.15027216857142
3273,-8.131561991686347,44.811870393621156
3274,12.88188025,55.510751950000014
3275,10.86069091787485,53.94371974789423
3276,0.9100679297343559,53.155920744568384
3277,13.306481953071664,38.50124982989903
3278,10.404908541748831,41.673530664025456
3279,12.565127659887725,55.111825563487926
3280,22.756430499999983,58.974641999999996
3281,-5.72375796731913,52.06333014925496
3282,4.093808132772052,51.32019726641368
3283,8.802482124824525,53.79080322673099
3284,174.9822633032392,-36.110156894174736
3285,1.2955846546487282,53.42949792666289
3286,-1.7896794634314677,50.74421880543884
3287,7.3990060479736925,56.598505617917084
3288,2.869679743133473,51.3658387346883
3289,5.377351347316994,43.361011751512116
3290,-0.2938396933433862,50.60563864698422
3291,4.3831648926597415,54.10968618463633
3292,3.7945204987507855,52.51263827432622
3293,1.8660328156216306,40.67524813403513
3294,14.927675883410894,56.47627043671154
3295,-3.161874545315301,51.4033237185277
3296,5.873638865429755,53.96959352447094
3297,18.65521047163038,54.406127571106374
3298,-10.084538538575533,39.04608368616987
3299,-5.3309333096921305,50.452589712904285
3300,19.859132185714284,58.23269864285714
3301,2.998287541680509,51.32032887021193
3302,2.998287541680509,51.32032887021193
3303,117.85827076780777,-34.7734261747226
3304,5.2077303978289775,52.670332317496744
3305,-8.709919932417234,36.640165861946706
3306,9.910562916212994,43.45403160077177
3307,-65.68914358696843,19.247941670514003
3308,31.10231091289684,36.409039835208546
3309,-122.60002674044902,37.445049783625706
3310,-2.6493044627778617,49.73464324860298
3311,-0.21225362967148265,39.44269842314614
3312,2.5661160999242725,51.63077205520662
3313,7.06428143923851,56.89110390410922
3314,8.92905068873737,53.49499483696968
3315,8.564818850642983,53.5783315594629
3316,31.543312869109936,36.11635331937171
3317,-14.975421563518394,27.957497370194456
3318,15.308455752441393,38.75275445997244
3319,-5.930616487073251,52.99098401785832
3320,-7.649356160176663,43.887222028784954
3321,13.258549965928806,38.49841215868692
3322,15.030789849999998,38.477842900000006
3323,7.0358990262500045,56.84337911750001
3324,-4.578430753496452,36.646721403691
3325,-12.967432002519764,32.91658529513066
3326,173.35110887472518,-43.09895308021978
3327,22.237622299999998,58.87724940000001
3328,29.283772328840058,40.84544922758102
3329,-122.60476838477197,37.457775255587855
3330,4.154545574196159,51.28691049538806
3331,13.944391934036258,40.40243742821153
3332,25.844755199999994,-33.60929610000001
3333,116.08712747255487,6.041482471600469
3334,2.830747802276159,51.591643107009276
3335,6.724938386573723,55.734019450175886
3336,15.112883270869599,39.07626211959927
3337,8.540834277034913,53.572709296998
3338,5.881758189204772,54.01769891334948
3339,3.2415081180197594,51.31069317252357
3340,21.8016308093967,60.156032740074146
3341,3.1371885972031244,52.290191814468415
3342,5.873890044259079,42.89991741387289
3343,3.2415081180197594,51.31069317252357
3344,-1.074448500442706,50.7230348819123
3345,-3.5824454025246553,51.340284050785684
3346,11.660749203098568,57.99119314541716
3347,-122.45491249264181,47.30272029561058
3348,124.50485757841506,-33.09296399883419
3349,-3.1527788787165347,51.40626550626991
3350,16.525380676928005,38.252988254184324
3351,1.2763362606980362,53.43008952308576
3352,30.922464399404113,37.2100944004677
3353,8.549330615916983,53.574013926594404
3354,2.2626742013252654,51.27300449899726
3355,115.67507277367845,-32.04394744459703
3356,0.010174796856663178,39.55885825591738
3357,-8.770312641981057,42.23012025939147
3358,22.750523999999988,58.9760039
3359,-5.732610072616464,52.05253166825073
3360,8.802482124824525,53.79080322673099
3361,2.998287541680509,51.32032887021193
3362,2.998287541680509,51.32032887021193
3363,5.214962201507782,52.66783406270682
3364,7.164424852958367,53.33524826222499
3365,172.94335620254913,-43.41772905123364
3366,115.66515833191755,-31.939068529088342
3367,-73.97956797971442,39.79971932901564
3368,18.657032840599864,54.37802542202177
3369,26.85164593333333,36.014579000000005
3370,-74.60029614136403,40.38758028818855
3371,10.342558079507178,59.320844250259015
3372,153.15634271096854,-27.372767117827397
3373,8.563531720012266,53.565274876562086
3374,10.1968154535573,54.36395642250513
3375,3.975911039050681,51.36909447608267
3376,3.0580591347033543,39.129384112630596
3377,-0.020969490347209498,49.56376294386792
3378,9.808046405989138,42.09519665524668
3379,4.906580713954504,52.44715103165358
3380,4.272281120682701,52.84621027896301
3381,103.75592074946962,1.1889585622517844
3382,-122.4426421587378,47.31709908637828
3383,-1.423583246316015,50.90142436933219
3384,-9.414637072598067,33.07375406164212
3385,-6.191020768572954,46.53239277719958
3386,-15.417572240038673,28.139686903361934
3387,-0.784478204917349,50.48512145558038
3388,13.59386931957375,38.6925789219198
3389,2.443821617505351,52.094581696261315
3390,4.118527756814444,51.29152409338405
3391,12.613972242198244,39.429655320435884
3392,-81.30090447657018,30.45496202215851
3393,29.46792745591155,40.712426040664816
3394,8.148376384067143,39.956224849465464
3395,-80.80826473921931,31.13265327858458
3396,-74.62961855523962,16.353930890897242
3397,8.552286756035498,53.57707281534212
3398,-9.750396513146445,42.968451045924304
3399,120.70242394666666,14.713560435000003
3400,12.206003903210576,54.427925460421214
3401,8.549330615916983,53.574013926594404
3402,3.2397906065677144,51.3108391051717
3403,3.9824042461194176,52.5949043376799
3404,-15.344858599987266,26.807682188291484
3405,7.378160811761722,53.71668654315496
3406,-17.659356534336638,22.605297207369354
3407,1.7638152247035108,40.662981963688004
3408,134.84917902799145,34.709933500066576
3409,2.6563450072681407,51.64133449340758
3410,-14.95876548746767,27.993013709353303
3411,31.244351012896836,36.431057535208545
3412,-5.925106444683248,52.97268207672701
3413,12.87514835,55.50625025000003
3414,-122.44304987338447,47.34506786491647
3415,106.762398965863,10.639705743114996
3416,10.86069091787485,53.94371974789423
3417,153.15831187145326,-27.3810720413557
3418,8.17813918826118,53.3412884867316
3419,7.283203556739929,56.4992393815751
3420,12.562854475553277,55.10759582618358
3421,-65.69096362094257,19.24721638433113
3422,3.3158813845129074,51.76636204206713
3423,174.98220693372164,-36.10321028232792
3424,-1.7897840557391598,50.74425721313115
3425,2.871632206957427,51.35668449753101
3426,15.341473023030774,38.74080453677648
3427,1.4202198054337083,51.51732954108019
3428,14.62463524571429,56.239246732857154
3429,8.564761535153652,53.57824290341153
3430,-2.677037675920673,49.72465260342915
3431,3.170862653109353,51.321471425708424
3432,11.327016392338091,54.198023587125434
3433,5.378144147316993,43.36031835151211
3434,0.9100679297343559,53.155920744568384
3435,4.3852104276266965,54.131412637297416
3436,-0.20957379744926044,39.4417471907255
3437,14.92554476016826,56.47568906030849
3438,-10.071229002481829,39.02062054137712
3439,-8.136901191686349,44.808859893621154
3440,-8.709919932417234,36.640165861946706
3441,18.65520824767332,54.40612798937219
3442,10.404907361748833,41.673529364025455
3443,-5.3309333096921305,50.452589712904285
3444,19.594613985714282,58.06985124285715
3445,117.8797435678078,-34.7690233747226
3446,9.842204796288158,43.53536680138125
3447,12.685603715407105,54.71422923565088
3448,31.537285069109927,36.13987661937172
3449,-93.93669971561249,29.86278487156774
3450,-7.67131686154195,43.88992277231485
3451,4.093808132772052,51.32019726641368
3452,1.0798802915548336,51.084642381461045
3453,6.979533524583337,56.84987126750001
3454,1.2763362606980362,53.43008952308576
3455,-122.60476838477197,37.457775255587855
3456,13.200796979503693,38.49591601115068
3457,-9.385888305931399,33.07530322830879
3458,14.62877134571429,56.242161232857164
3459,-15.318160164424716,26.905576310838732
3460,22.2432496,58.87884150000001
3461,6.730410806930865,55.70255102731874
3462,-65.68897844594258,19.246803134331127
3463,-4.569032698007956,36.65092313774056
3464,10.873290326744831,53.952105516271786
3465,-5.732344137221728,52.07710369140863
3466,0.010174796856663178,39.55885825591738
3467,10.240165644341749,42.23623636458823
3468,115.66515582953662,-31.93907335051691
3469,26.851905033333328,35.999488600000014
3470,103.75592074946962,1.1889585622517844
3471,13.59386931957375,38.6925789219198
3472,4.118527756814444,51.29152409338405
3473,-81.30090447657018,30.45496202215851
3474,2.4394415162553513,52.091486007511314
3475,12.257856264162953,54.45584637887359
3476,7.613700450761184,53.1991233117316
3477,116.08711439339905,6.04147753789917
3478,8.552286756035498,53.57707281534212
3479,8.549330615916983,53.574013926594404
3480,3.2397906065677144,51.3108391051717
3481,-122.44304987338447,47.34506786491647
3482,153.15831187145326,-27.3810720413557
3483,29.283772328840058,40.84544922758102
3484,-93.93669971561249,29.86278487156774
3485,8.540834277034913,53.572709296998
3486,6.009102700387895,54.160457789051314
3487,3.2415081180197594,51.31069317252357
3488,3.1371885972031244,52.290191814468415
3489,21.790467939591505,60.11065689220618
3490,5.8662530442590795,42.89924501387288
3491,3.2415081180197594,51.31069317252357
3492,-1.0760489746362545,50.722867425460684
3493,124.50423395341505,-33.09323260716753
3494,173.29547081948712,-43.153734373076944
3495,-122.45491249264181,47.30272029561058
3496,11.660749203098568,57.99119314541716
3497,-3.5824454025246553,51.340284050785684
3498,-3.141978600235522,51.406970342978774
3499,30.917109799404113,37.210734800467705
3500,8.549330615916983,53.574013926594404
3501,115.67505928034511,-32.043949184597025
3502,-8.770312516981056,42.23012038094319
3503,22.760716699999985,58.9760336
3504,2.1872018591845777,51.25468453769451
3505,-6.524134604783601,48.695324345295575
3506,8.802482124824525,53.79080322673099
3507,2.998287541680509,51.32032887021193
3508,2.998287541680509,51.32032887021193
3509,-68.33766465966099,36.72018735882444
3510,5.213568273412545,52.66840979984968
3511,7.164424852958367,53.33524826222499
3512,172.94202825814426,-43.418662035400324
3513,-74.61429995523962,16.332620840897246
3514,15.135022898398121,39.037066931619705
3515,-8.158679591686349,44.80398819362115
3516,-73.97956797971442,39.79971932901564
3517,18.657032184307724,54.378025925237935
3518,-74.60029614136403,40.38758028818855
3519,3.087108594950166,39.12974713863423
3520,3.975911039050681,51.36909447608267
3521,153.15634271096854,-27.372767117827397
3522,8.563531720012266,53.565274876562086
3523,0.02463573568093172,49.610597609925556
3524,4.154545574196159,51.28691049538806
3525,10.335521153673849,59.31806761275903
3526,1.2762333205385528,51.440003603448076
3527,10.13059455535853,54.336910581077866
3528,3.9848851409955324,52.59544961800251
3529,6.257735302571816,53.542160950735216
3530,4.906580713954504,52.44715103165358
3531,4.296707628989189,52.827421042378035
3532,106.762398965863,10.639705743114996
3533,-1.423581539189223,50.90142541764683
3534,3.170862653109353,51.321471425708424
3535,-14.942345699226443,28.03310444139275
3536,13.944391934036258,40.40243742821153
3537,-122.4426421587378,47.31709908637828
3538,-9.748326802605316,42.95134059829803
3539,9.78504678365183,43.59947629099306
3540,1.7622354380368441,40.66128685702133
3541,-12.048888696305166,37.46938971197777
3542,8.564761535153652,53.57824290341153
3543,2.6489006998120006,51.63952925875845
3544,134.84917649542206,34.70993544941649
3545,14.850400650000001,38.643171233333334
3546,12.603775197628956,39.449860622683076
3547,-8.709919932417234,36.640165861946706
3548,-5.928918717351028,52.986406996469434
3549,18.655210648384717,54.40612777145894
3550,10.404906945082166,41.673529780692114
3551,31.241478512896844,36.43360223520855
3552,-5.347458214289361,50.534069004215816
3553,19.23080499999999,57.77409560000002
3554,31.534413369109938,36.14242251937171
3555,12.685603715407105,54.71422923565088
3556,117.95222576780776,-34.76873827472258
3557,10.86069091787485,53.94371974789423
3558,-2.75407270258734,49.71602698676247
3559,1.0621282797901277,51.07753245793165
3560,15.341473023030774,38.74080453677648
3561,12.565127659887725,55.111825563487926
3562,174.9822379032392,-36.11008889417474
3563,-15.417572240038673,28.139686903361934
3564,8.147178584067143,39.95688349946547
3565,7.419866737450735,53.706443038978975
3566,-1.7897840557391598,50.74425721313115
3567,2.879592882830443,51.368470263880226
3568,-80.80826473921931,31.13265327858458
3569,7.2708210984065955,56.49470797490841
3570,-7.785492184019981,43.892045111672914
3571,4.093808132772052,51.32019726641368
3572,12.851504625,55.4908122
3573,3.313414101731234,51.79458112014253
3574,11.317528425671426,54.187948365696855
3575,5.392103726671833,43.359723130544374
3576,0.9100679297343559,53.155920744568384
3577,4.472364575784929,54.058909343201584
3578,9.808046405989138,42.09519665524668
3579,-0.21230884467148262,39.44276446564614
3580,-10.064469890583956,39.0042406011011
3581,14.927673652855333,56.47626844504487
3582,6.257735302571816,53.542160950735216
3583,29.46792745591155,40.712426040664816
3584,-6.225204782831221,46.43334527698353
3585,10.873290326744831,53.952105516271786
3586,-68.33998345966098,36.72004755882443
3587,1.1902254878890755,53.4465201229393
3588,3.1120727853813315,39.13229249148902
3589,0.9100679297343559,53.155920744568384
3590,9.998444012948749,53.53160846865232
3591,173.29154731948714,-43.15707347307694
3592,26.85729625833332,35.90828865000001
3593,120.70437065666665,14.712027115000005
3594,136.6298264514872,34.70689889494435
3595,29.283772328840058,40.84544922758102
3596,-8.139541391686349,44.825966093621155
3597,-80.80826473921931,31.13265327858458
3598,-5.7314650849381765,52.07135268782638
3599,106.762399465863,10.639705143114995
3600,103.75592074946962,1.1889585622517844
3601,4.118527756814444,51.29152409338405
3602,-81.30090447657018,30.45496202215851
3603,2.452485916255351,52.08729940751131
3604,7.002229538142134,53.131002895303034
3605,116.0871227112562,6.04151536289917
3606,8.552286756035498,53.57707281534212
3607,8.549330615916983,53.574013926594404
3608,12.295642382761116,54.475735386150745
3609,3.2397906065677144,51.3108391051717
3610,0.010174796856663178,39.55885825591738
3611,13.045705512897865,38.510161509385334
3612,-122.44304987338447,47.34506786491647
3613,153.15831187145326,-27.3810720413557
3614,22.254927600000002,58.888738100000026
3615,-93.93669971561249,29.86278487156774
3616,-4.569032698007956,36.65092313774056
3617,8.540834277034913,53.572709296998
3618,6.077032402160432,54.25438562019598
3619,3.2415081180197594,51.31069317252357
3620,21.808080425662933,60.118382503854534
3621,3.2415081180197594,51.31069317252357
3622,3.1355894331675183,52.2917664153625
3623,5.875323065687652,42.889794899587166
3624,-1.0760489746362545,50.722867425460684
3625,124.5025029839706,-33.09356002105641
3626,11.660749203098568,57.99119314541716
3627,-3.5824454025246553,51.340284050785684
3628,-3.1434214216612717,51.406698010166345
3629,-122.45491249264181,47.30272029561058
3630,-122.60476838477197,37.457775255587855
3631,16.52596097667514,38.252802406460106
3632,8.549330615916983,53.574013926594404
3633,30.915388699404115,37.210547000467706
3634,2.127805594631157,51.231572046193406
3635,115.67505911844033,-32.04394461554941
3636,-8.770312516981056,42.23012038094319
3637,22.80479789999998,58.995814599999996
3638,8.802482124824525,53.79080322673099
3639,2.998287541680509,51.32032887021193
3640,2.998287541680509,51.32032887021193
3641,7.164424852958367,53.33524826222499
3642,5.2165886200512,52.66699241749674
3643,172.94159645814435,-43.42006543540033
3644,115.66515722398105,-31.939075617183576
3645,-12.926990885398553,32.77693996884278
3646,-73.98853331126219,39.78057176524951
3647,18.657032981277965,54.37802575172262
3648,-74.60029614136403,40.38758028818855
3649,153.15634271096854,-27.372767117827397
3650,10.335682500340516,59.31930787942571
3651,8.563531720012266,53.565274876562086
3652,4.154545574196159,51.28691049538806
3653,10.000169641801733,54.301685422165576
3654,3.975911039050681,51.36909447608267
3655,15.341840600808553,38.73805503677648
3656,4.906580713954504,52.44715103165358
3657,0.006023457109503152,49.61710861706842
3658,4.337096068571157,52.79884702092175
3659,3.170862653109353,51.321471425708424
3660,-14.909632441100744,28.127352792601297
3661,-12.093615540517776,37.36984414594198
3662,-1.4235815564306025,50.901425131439936
3663,1.8582478523225587,40.66888842844991
3664,14.983088499999997,38.704408599999994
3665,-122.4426421587378,47.31709908637828
3666,-9.240850511010764,33.18408197644371
3667,0.5181401902198803,51.045195196812976
3668,7.447297128359826,53.70090563897898
3669,9.808046405989138,42.09519665524668
3670,-6.563613747572016,48.61329104899218
3671,12.685603715407105,54.71422923565088
3672,-65.68642448058544,19.247161119450176
3673,3.997977001520947,52.60014230363812
3674,8.564914295087426,53.57839755946291
3675,15.162501085365296,38.992109559246934
3676,12.841776525000002,55.46662689999997
3677,4.4735467757849285,54.05929274320159
3678,18.655211140315522,54.40612814162962
3679,174.9822633032392,-36.110156894174736
3680,11.336517460671427,54.17691519903021
3681,31.53432296910994,36.142468819371715
3682,-5.93022516207325,52.98987821785831
3683,-74.61544197342144,16.332554786351793
3684,14.976333083410891,56.48906583671153
3685,13.59386931957375,38.6925789219198
3686,31.239759012896844,36.43342353520854
3687,19.090991999999993,57.61681650000002
3688,118.05909446780775,-34.772917974722596
3689,-8.709919932417234,36.640165861946706
3690,13.944391734036257,40.402437728211524
3691,-0.21230892967148265,39.44276375564614
3692,10.40490856174883,41.67353076402546
3693,-5.3447718134560285,50.55573889379915
3694,9.726085055560821,43.64973820584572
3695,4.093808132772052,51.32019726641368
3696,-2.8515501174211026,49.65368663959219
3697,1.029107175028223,51.070088900788775
3698,-1.7896794634314677,50.74421880543884
3699,7.231580530549452,56.489559275622696
3700,2.6379700380472944,51.63276921169963
3701,12.565127659887725,55.111825563487926
3702,-15.417572240038673,28.139686903361934
3703,8.147175380806274,39.9578808643723
3704,12.603775197628956,39.449860622683076
3705,2.869679743133473,51.3658387346883
3706,3.328083403206723,51.856738353971735
3707,134.84916707940113,34.70993763107526
3708,5.392103726671833,43.359723130544374
3709,-9.729417140642836,42.94896858383916
3710,-7.8197187360983795,43.8920538622804
3711,10.86069091787485,53.94371974789423
3712,10.346754192462878,42.16127560643475
3713,-10.06384665395696,38.97249214096841
3714,136.6298264514872,34.70689889494435
3715,2.830747802276159,51.591643107009276
3716,0.4214455144858353,50.94482309277432
3717,16.49833184451621,38.30438761680082
3718,-12.958434803731889,32.69914043425946
3719,-68.57427287632765,36.552797060491095
3720,-0.9535972610096707,54.906002509137636
3721,22.2595667,58.89197900000002
3722,173.26540452615376,-43.21380798307693
3723,4.6656308107256095,53.88414228842122
3724,10.01862910762476,41.93428005220605
3725,103.75566200686615,1.1889131574749627
3726,-11.150019416057633,32.007771418392835
3727,-1.074448500442706,50.7230348819123
3728,-6.53000424638154,48.55521057367474
3729,0.011302796452894675,39.560659392323835
3730,1.8355303717255327,51.131558750659636
3731,15.006328250000003,38.73057229999999
3732,-65.7464204184118,19.165127507569977
3733,4.906580713954504,52.44715103165358
3734,4.3848561780253705,52.758994408020655
3735,106.76239918003925,10.639705431237601
3736,3.1876563908704156,51.34058838065594
3737,-122.4426421587378,47.31709908637828
3738,-1.4235832226655427,50.90142384740238
3739,13.59386931957375,38.6925789219198
3740,13.944391934036258,40.40243742821153
3741,-15.417572240038673,28.139686903361934
3742,2.8727913069574265,51.35524359753101
3743,4.118527756814444,51.29152409338405
3744,-81.30090447657018,30.45496202215851
3745,2.4501994735569887,52.07653021069818
3746,6.818633594213561,53.12889851708874
3747,8.552286756035498,53.57707281534212
3748,-122.60476838477197,37.457775255587855
3749,12.378577118608845,54.53723113922512
3750,116.08710970500206,6.041483680410692
3751,120.68823626333335,14.725674126666668
3752,8.549330615916983,53.574013926594404
3753,3.2397906065677144,51.3108391051717
3754,10.60884199265298,42.01012067614106
3755,-122.44304987338447,47.34506786491647
3756,153.15831187145326,-27.3810720413557
3757,-93.93669971561249,29.86278487156774
3758,-74.59321705523962,16.38518949089724
3759,10.86069091787485,53.94371974789423
3760,29.283772328840058,40.84544922758102
3761,8.540834277034913,53.572709296998
3762,3.2415081180197594,51.31069317252357
3763,6.116884758451743,54.31619410840332
3764,5.886042110925747,42.89981701387289
3765,3.1355894331675183,52.2917664153625
3766,21.782004456765122,60.10408879796888
3767,3.2415081180197594,51.31069317252357
3768,124.5048769117484,-33.09295051550086
3769,-122.45491249264181,47.30272029561058
3770,11.660749203098568,57.99119314541716
3771,-3.567846089229054,51.340984614249734
3772,-3.132271747515527,51.4088084896815
3773,115.67507054510703,-32.043944658882744
3774,8.549330615916983,53.574013926594404
3775,-8.708841148400523,36.641811911189926
3776,30.92545689940412,37.20636820046769
3777,-8.770312516981056,42.23012038094319
3778,22.810819399999986,59.00420120000002
3779,8.812272960433475,53.790420927220445
3780,-5.736577414721728,52.07480303140863
3781,2.998287541680509,51.32032887021193
3782,2.998287541680509,51.32032887021193
3783,-80.80581746567806,31.133745418260023
3784,6.1144930222790315,53.49937745159716
3785,4.007956526133762,52.60655666218635
3786,5.214962201507782,52.66783406270682
3787,7.164424852958367,53.33524826222499
3788,172.9421367843348,-43.420852065757465
3789,-12.18720283591191,37.17792485243591
3790,115.6651540295366,-31.93906795051691
3791,-4.569032698007956,36.65092313774056
3792,-73.97185828403403,39.78624322942064
3793,-1.1160261835259646,50.41863199669767
3794,1.116155330136484,53.455747429604244
3795,18.65703208517786,54.37802347956803
3796,2.6424796645089703,51.63035298297414
3797,12.824804173333339,55.43253397999998
3798,1.7609859247035107,40.662325663688
3799,0.9100679297343559,53.155920744568384
3800,-1.7897840557391598,50.74425721313115
3801,9.808046405989138,42.09519665524668
3802,-10.05582411410356,38.95089181181247
3803,31.246091512896843,36.42873573520854
3804,31.538774069109937,36.13750051937171
3805,-9.729900796479777,42.974504168146524
3806,-5.930797259017695,52.99152845146943
3807,-74.60029614136403,40.38758028818855
3808,153.15634271096854,-27.372767117827397
3809,7.43212123471661,53.71455030709672
3810,-14.865845550094978,28.260701332520167
3811,8.563531720012266,53.565274876562086
3812,11.356346463952239,54.191090546719266
3813,26.86582205833333,35.95985935000001
3814,10.338464329507179,59.31247830025902
3815,-0.210582978004816,39.442729265646136
3816,12.535014405061474,55.079990133522976
3817,174.98217550038828,-36.10468724899458
3818,8.127315890806276,39.95631437437229
3819,7.150783146620879,56.43539094050365
3820,18.655210856814048,54.40612599014578
3821,9.685972106078223,43.687660903012194
3822,12.693988761322203,54.719881510801486
3823,-5.351826357955465,50.5748674847121
3824,18.95676449999999,57.547732800000034
3825,4.154545574196159,51.28691049538806
3826,118.1130020678077,-34.76635130805592
3827,-3.1010173924795223,49.56651617232539
3828,14.974202427929463,56.48848408941496
3829,10.404907345082167,41.67352908069213
3830,-9.16648314918537,33.28371504485641
3831,3.4468692220437096,52.023847353326694
3832,12.609278237778728,39.463436590370506
3833,0.009126824087776477,49.64019618126256
3834,15.344785770463725,38.73278795160407
3835,4.093808132772052,51.32019726641368
3836,9.92790630597006,54.27200159615876
3837,3.975911039050681,51.36909447608267
3838,8.564761535153652,53.57824277399976
3839,15.166189859739289,38.98725551778186
3840,0.9638677915548342,51.06458788146106
3841,-7.848901215941477,43.87899870453736
3842,5.392066510005166,43.35937119721104
3843,3.170862653109353,51.321471425708424
3844,134.8491785946581,34.70993338895546
3845,-6.273012012327789,46.36561707212265
3846,136.6298264514872,34.70689889494435
3847,7.43212123471661,53.71455030709672
3848,6.097492212677702,53.47398463774335
3849,137.10546225879554,34.82847450044335
3850,-9.151885272518705,33.303917968189744
3851,1.7287663900286472,40.77375719745152
3852,-80.80581746567806,31.133745418260023
3853,-9.723543851241681,42.991832283146515
3854,29.283772328840058,40.84544922758102
3855,120.68841394666671,14.726207926666666
3856,-5.736413120555061,52.071909171408635
3857,13.944391934036258,40.40243742821153
3858,-122.60476838477197,37.457775255587855
3859,-81.47536137699878,31.02001557784778
3860,-8.770312516981056,42.23012038094319
3861,-65.74327984341181,19.16516605756997
3862,115.66515582953662,-31.93907335051691
3863,-73.97185828403403,39.78624322942064
3864,18.65703062143038,54.378024108429955
3865,-1.7897840557391598,50.74425721313115
3866,3.1876563908704156,51.34058838065594
3867,8.563531720012266,53.565274876562086
3868,153.15634271096854,-27.372767117827397
3869,3.975911039050681,51.36909447608267
3870,4.154545574196159,51.28691049538806
3871,0.011658442793517678,49.638281599162475
3872,10.338377898771887,59.303165581974724
3873,9.84808723301579,54.255090598620534
3874,4.400534629645134,52.74603140892195
3875,118.1910474678077,-34.76616360805592
3876,4.906580713954504,52.44715103165358
3877,103.75566200686615,1.1889131574749627
3878,-122.4426421587378,47.31709908637828
3879,-1.4235814072054174,50.90142551238367
3880,10.86069091787485,53.94371974789423
3881,-15.417546741322802,28.13965275671843
3882,4.118527756814444,51.29152409338405
3883,-81.30090447657018,30.45496202215851
3884,2.4565535704068977,52.06894936327568
3885,8.549330615916983,53.574013926594404
3886,8.552286756035498,53.57707281534212
3887,6.631195256713562,53.07695630458873
3888,116.08709916214494,6.0414764161249765
3889,12.37574108247906,54.53675667121236
3890,3.2397906065677144,51.3108391051717
3891,-122.44304987338447,47.34506786491647
3892,153.15831187145326,-27.3810720413557
3893,22.299720051157898,58.97259384785648
3894,-74.57789845523962,16.363879440897243
3895,-93.93669971561249,29.86278487156774
3896,8.540834277034913,53.572709296998
3897,6.191883440080424,54.34662048623913
3898,3.1355894331675183,52.2917664153625
3899,3.2415081180197594,51.31069317252357
3900,21.76300598695993,60.091730250100916
3901,5.893151987187653,42.92830828125384
3902,3.2415081180197594,51.31069317252357
3903,-1.0760489746362545,50.722867425460684
3904,173.23224291948713,-43.257322673076935
3905,124.50383766730394,-33.09329440438975
3906,-122.45491249264181,47.30272029561058
3907,11.660749203098568,57.99119314541716
3908,-3.567846089229054,51.340984614249734
3909,-3.132271747515527,51.4088084896815
3910,15.16957836924907,38.98386458224442
3911,16.52502484379075,38.253012395752954
3912,115.4166727523804,-31.872127009462893
3913,-14.826321523248032,28.349754741471955
3914,30.92010229940411,37.207008600467695
3915,8.549330615916983,53.574013926594404
3916,-4.809636909714821,36.12302870201754
3917,115.67505891844034,-32.04394164888274
3918,12.609278237778728,39.463436590370506
3919,1.701011349701268,51.09775338564947
3920,0.011302796452894675,39.560659392323835
3921,22.85055089999998,59.016427500000006
3922,8.812272960433475,53.790420927220445
3923,2.998287541680509,51.32032887021193
3924,2.998287541680509,51.32032887021193
3925,29.46792745591155,40.712426040664816
3926,12.537725358626693,55.084732020827325
3927,-7.876665699198005,43.877408863753956
3928,7.164424852958367,53.33524826222499
3929,5.211925423412543,52.66821059984968
3930,-12.209775789943457,37.09860783789034
3931,26.814057212797607,36.06964399017858
3932,4.019924592865069,52.614585604788964
3933,-74.60029614136403,40.38758028818855
3934,18.655212203328848,54.406126434804584
3935,31.53765136910994,36.13825431937171
3936,172.94185586052524,-43.42155631813842
3937,-4.569032698007956,36.65092313774056
3938,8.564761535153652,53.57824277399976
3939,174.9822379032392,-36.11008889417474
3940,8.075913145806275,39.971309766038964
3941,-1.1168764835259646,50.427851296697675
3942,7.085599085509771,56.39095975717032
3943,1.116155330136484,53.455747429604244
3944,3.524926930667387,52.15513745632459
3945,134.84917441208873,34.709934238305394
3946,5.391273710005167,43.36006459721104
3947,-10.054771934173932,38.93608036871552
3948,12.826912877380963,55.416329469444406
3949,11.374376771636221,54.19086661230368
3950,0.9100679297343559,53.155920744568384
3951,106.76239928003925,10.6397055312376
3952,-0.21225517800481597,39.442697265646146
3953,14.976330603485021,56.48906403774828
3954,12.693988761322203,54.719881510801486
3955,2.64361886450897,51.630633082974136
3956,-5.356016280978745,50.63794130629984
3957,18.924740999999994,57.53415400000003
3958,-8.713216162470594,36.70720013602555
3959,9.808046405989138,42.09519665524668
3960,9.662078096787713,43.70230438071869
3961,1.8621761050319179,40.66663105652873
3962,2.8788707828304423,51.36594796388022
3963,13.59386931957375,38.6925789219198
3964,4.093808132772052,51.32019726641368
3965,31.24483041289685,36.42980563520854
3966,-3.069117463391773,49.59964076763663
3967,0.9323918797901282,51.05474215793165
3968,3.170862653109353,51.321471425708424
3969,15.354138401034433,38.70756060626965
3970,-5.93166997568436,52.994614963136094
3971,10.404906945082166,41.673529780692114
3972,-0.21225517800481597,39.442697265646146
3973,-122.60476838477197,37.457775255587855
3974,29.283772328840058,40.84544922758102
3975,-81.47536137699878,31.02001557784778
3976,10.01253523619619,41.9259783498251
3977,136.66177581656007,34.7114222629244
3978,0.48928983965760814,39.424221361082374
3979,0.30373008382463185,50.91221646788929
3980,-9.139919865018705,33.317424389023074
3981,-122.44304987338447,47.34506786491647
3982,6.771698109583335,56.6821066091667
3983,-12.980586458796827,32.593235226965085
3984,-9.71510500659935,42.98481944738127
3985,-15.910188302329605,25.510785035665894
3986,2.8382932522761597,51.60561429986643
3987,-81.30090447657018,30.45496202215851
3988,3.1876563908704156,51.34058838065594
3989,22.33147212516512,59.09096107473848
3990,-1.0760489746362545,50.722867425460684
3991,-5.407241918955567,50.65747335352118
3992,0.011302796452894675,39.560659392323835
3993,-8.770312516981056,42.23012038094319
3994,22.86713129999998,59.02604310000001
3995,8.812272960433475,53.790420927220445
3996,2.998287541680509,51.32032887021193
3997,2.998287541680509,51.32032887021193
3998,-5.73137636827151,52.06731616782639
3999,1.7571144900286473,40.79773019745152
4000,5.2165886200512,52.66699241749674
4001,7.164424852958367,53.33524826222499
4002,172.94224264623955,-43.42451000385271
4003,115.66515722398105,-31.939075617183576
4004,-73.97185828403403,39.78624322942064
4005,18.65703058379744,54.378022567295595
4006,-1.7896794634314677,50.74421880543884
4007,-12.218076748163154,36.9819514668622
4008,153.15634271096854,-27.372767117827397
4009,10.338064878771888,59.3030031486414
4010,8.563531720012266,53.565274876562086
4011,3.975911039050681,51.36909447608267
4012,4.154545574196159,51.28691049538806
4013,9.822804380584465,54.24514806727855
4014,0.01297394279351768,49.64133485630533
4015,4.906580713954504,52.44715103165358
4016,4.415695358377184,52.73307871203886
4017,103.75566200686615,1.1889131574749627
4018,-1.4235814244467968,50.90142522617678
4019,29.46792745591155,40.712426040664816
4020,-122.4426421587378,47.31709908637828
4021,10.86069091787485,53.94371974789423
4022,13.944391734036257,40.402437728211524
4023,-15.417546741322802,28.13965275671843
4024,2.5056007775837745,52.0727790658386
4025,4.118527756814444,51.29152409338405
4026,6.418987065523087,53.05767536316017
4027,12.356242145310771,54.526102274795605
4028,116.08712076214492,6.041512266124977
4029,-14.790009072970594,28.43197641602876
4030,8.549330615916983,53.574013926594404
4031,8.552286756035498,53.57707281534212
4032,-7.86113583586467,43.87609545708729
4033,-74.57904047342144,16.363813386351787
4034,153.15831187145326,-27.3810720413557
4035,-93.93669971561249,29.86278487156774
4036,10.873290326744831,53.952105516271786
4037,-65.74464487805467,19.16612044268902
4038,8.540834277034913,53.572709296998
4039,3.2415081180197594,51.31069317252357
4040,174.9822633032392,-36.110156894174736
4041,6.474831568912769,54.69391351415376
4042,21.784263504610305,60.100511645959806
4043,3.1355894331675183,52.2917664153625
4044,3.2415081180197594,51.31069317252357
4045,-80.80581746567806,31.133745418260023
4046,7.044181098605008,56.39509397502745
4047,5.895559874687652,42.91095262625386
4048,173.20993591948718,-43.27142867307694
4049,124.50252117841502,-33.09354588216753
4050,11.660749203098568,57.99119314541716
4051,-3.567846089229054,51.340984614249734
4052,15.359682164463637,38.69539690138291
4053,-3.132271747515527,51.4088084896815
4054,-122.45491249264181,47.30272029561058
4055,23.965704746700485,59.6942165004388
4056,8.562070573564299,53.578270177260066
4057,15.203365317171224,38.93693835861886
4058,16.52596097667514,38.252802406460106
4059,8.075941645806273,39.971391466038966
4060,-8.780811689190807,36.91596858353305
4061,12.693988761322203,54.719881510801486
4062,1.8616287050319178,40.666540456528736
4063,3.2397906065677144,51.3108391051717
4064,-3.110308270058439,49.599985830969956
4065,30.91814839940412,37.2071799004677
4066,26.789376129464273,36.068688573511906
4067,-74.60029614136403,40.38758028818855
4068,2.619421221175637,51.633250269640804
4069,4.024270635791907,52.61768738109392
4070,31.537652969109935,36.138253319371714
4071,10.40490846174883,41.673530964025446
4072,-4.574804831701317,36.64808339638846
4073,31.24310951289685,36.429620635208536
4074,8.549330615916983,53.574013926594404
4075,0.9100679297343559,53.155920744568384
4076,-5.932381532073249,52.99404260785831
4077,9.808046405989138,42.09519665524668
4078,5.55315817713486,53.269365768051856
4079,18.874405699999997,57.515842400000025
4080,118.23664386780776,-34.77028800805592
4081,115.6750559212181,-32.04393914332719
4082,9.634168514828838,43.72321219055795
4083,0.9183044750282234,51.049614000788786
4084,3.170862653109353,51.321471425708424
4085,-1.1887604422384295,50.41811782435847
4086,106.76239968003924,10.639704831237601
4087,115.41988081904707,-31.87346971501845
4088,134.84916727940114,34.70993813107526
4089,11.425940103478867,54.20879938426046
4090,5.4051964600051665,43.35636036971105
4091,2.8708388431334724,51.3643978346883
4092,1.116155330136484,53.455747429604244
4093,4.093808132772052,51.32019726641368
4094,12.551358125293357,55.09014855416066
4095,3.6046987456964206,52.23387282081461
4096,12.609278237778728,39.463436590370506
4097,18.655212789917726,54.40612759403578
4098,14.976333058485025,56.489065831081604
4099,-10.051639075858834,38.914173830297685
4100,12.868163973015879,55.37017718055552
4101,13.59386931957375,38.6925789219198
4102,26.789376129464273,36.068688573511906
4103,136.6458613377226,34.70824459054575
4104,0.28984899882463183,50.86138690038928
4105,-122.50635276092004,37.766194729607
4106,6.951716433128817,56.314003373837
4107,29.283772328840058,40.84544922758102
4108,24.03068941340683,59.71515365154992
4109,173.17858202615375,-43.30473858307693
4110,5.525385889726039,53.24646057099565
4111,1.5265725937155843,51.03469423629192
4112,2.830747802276159,51.591643107009276
4113,0.9100679297343559,53.155920744568384
4114,29.46792745591155,40.712426040664816
4115,1.727770590028647,40.775392997451526
4116,-5.435280162124428,50.77041981595381
4117,-9.714556589362699,43.00643515643611
4118,8.549330615916983,53.574013926594404
4119,115.67505254415931,-32.04393084924519
4120,30.941549299404127,37.18884200046769
4121,-8.770312516981056,42.23012038094319
4122,2.998287541680509,51.32032887021193
4123,2.998287541680509,51.32032887021193
4124,22.865086699999978,59.0366536
4125,8.812272960433475,53.790420927220445
4126,-5.736058098055062,52.07111251140863
4127,-3.2226978451153685,49.48778044077385
4128,2.6188090378423032,51.64692930297413
4129,7.164424852958367,53.33524826222499
4130,5.214962201507782,52.66783406270682
4131,-6.529956671381541,48.55410279867474
4132,172.94284287004905,-43.42620410936649
4133,3.2397906065677144,51.3108391051717
4134,10.404907450796452,41.673529303549266
4135,115.66515892953659,-31.939063750516908
4136,18.657028836181265,54.378023406367696
4137,-73.97185828403403,39.78624322942064
4138,-12.96642672144639,32.407182854785596
4139,120.68543986333336,14.727641826666666
4140,10.334691965040001,59.29867589932978
4141,-1.7897840557391598,50.74425721313115
4142,3.975911039050681,51.36909447608267
4143,4.154545574196159,51.28691049538806
4144,153.15634271096854,-27.372767117827397
4145,8.563531720012266,53.565274876562086
4146,9.752087951269704,54.21882092842165
4147,0.012287632685292569,49.63877804782048
4148,4.906580713954504,52.44715103165358
4149,4.41573571254385,52.733186096245205
4150,103.75566200686615,1.1889131574749627
4151,-122.4426421587378,47.31709908637828
4152,-1.4235816637325112,50.90142536831964
4153,13.95095840268901,40.40446119075422
4154,10.86069091787485,53.94371974789423
4155,-4.864954309714821,36.11924193535088
4156,-15.417329530281506,28.139866952802713
4157,4.118527756814444,51.29152409338405
4158,-81.30090447657018,30.45496202215851
4159,2.5883121018898896,52.06307360818168
4160,-12.23570212610882,36.930649431514205
4161,8.549330615916983,53.574013926594404
4162,6.423706856713564,53.07082942958873
4163,116.0874255343824,6.041877762835906
4164,12.322743218281866,54.5243592698092
4165,8.552286756035498,53.57707281534212
4166,-74.52707525523961,16.40690334089724
4167,-0.05759877620804741,39.55265726716226
4168,106.7623993584603,10.639705166237603
4169,-122.44304987338447,47.34506786491647
4170,153.15831187145326,-27.3810720413557
4171,22.26111234631994,59.23097423079089
4172,-93.93669971561249,29.86278487156774
4173,3.2415081180197594,51.31069317252357
4174,18.655211631636387,54.40612756897822
4175,8.540834277034913,53.572709296998
4176,6.88096654271033,55.2827596999428
4177,-15.843470341680252,25.652137084525915
4178,3.1876563908704156,51.34058838065594
4179,174.98207517261054,-36.107029410105696
4180,3.1355894331675183,52.2917664153625
4181,-67.58723697123791,17.68268469900875
4182,5.808262911148638,42.88578472901642
4183,-1.0598748683862542,50.72496237367497
4184,3.2415081180197594,51.31069317252357
4185,118.28569036780775,-34.76602500805592
4186,-14.746610553204741,28.602792902657647
4187,-122.45491249264181,47.30272029561058
4188,124.50487643397062,-33.09295102661197
4189,11.660749203098568,57.99119314541716
4190,-3.5796334210784138,51.33656061776592
4191,8.075603845806276,39.969362716038965
4192,-80.80581746567806,31.133745418260023
4193,1.116155330136484,53.455747429604244
4194,-3.138820698881647,51.40805400892861
4195,5.392066510005166,43.35937119721104
4196,10.873290326744831,53.952105516271786
4197,12.506889164841953,55.059064606021224
4198,1.7642139774128702,40.66028309176682
4199,12.609278237778728,39.463436590370506
4200,4.025768857220478,52.618501603712964
4201,134.8491787946581,34.70993308895547
4202,12.703417893996368,54.72655846038664
4203,-4.620169072527194,36.626846692769966
4204,12.92473602849207,55.24743580293651
4205,3.6104155415375128,52.23688260806892
4206,18.859496599999993,57.51324930000001
4207,2.8727913069574265,51.35524359753101
4208,-8.887095301814236,37.230883579387786
4209,-5.931679318065314,53.00064183432657
4210,-9.03424644397006,33.41436058842098
4211,8.564761535153652,53.57824277399976
4212,9.579114107298754,43.774898052631805
4213,-74.60029614136403,40.38758028818855
4214,31.262214512896858,36.410765735208535
4215,31.558562669109946,36.11419151937171
4216,0.8995954026659452,51.04916869257216
4217,21.773042711959928,60.098352658434244
4218,3.170862653109353,51.321471425708424
4219,15.386203850517996,38.675726595087156
4220,15.30032806726175,38.82644976711013
4221,-1.4755456175987742,50.352305331096815
4222,4.093808132772052,51.32019726641368
4223,16.525380676928005,38.252988254184324
4224,-65.7423798184118,19.16776550756997
4225,11.545557132910199,54.26126160611099
4226,115.4178296956065,-31.872642010805553
4227,14.95770735,38.77782969999999
4228,13.59386931957375,38.6925789219198
4229,9.808046405989138,42.09519665524668
4230,15.003460942439268,56.45397673019927
4231,-10.036769331729312,38.83360617495954
4232,-6.52993557138154,48.55310829867474
4233,2.6182502878423035,51.647091619640804
4234,-67.58723697123791,17.68268469900875
4235,24.032059813406832,59.7082208515499
4236,-5.736058098055062,52.07111251140863
4237,18.655212564427455,54.406126780541236
4238,-122.60411324247926,37.45289772264114
4239,-15.781611317870729,25.714847857383056
4240,29.46792745591155,40.712426040664816
4241,7.427176953659219,53.71814706002895
4242,-122.06840426688471,34.145904139489154
4243,-65.89634572079727,19.555391305867573
4244,1.5335075740246422,51.03932527301517
4245,120.68562351333338,14.728221726666664
4246,22.096650796790403,59.152575147792575
4247,11.660749203098568,57.99119314541716
4248,-0.05759877620804741,39.55265726716226
4249,2.998287541680509,51.32032887021193
4250,2.998287541680509,51.32032887021193
4251,8.812272960433475,53.790420927220445
4252,7.164424852958367,53.33524826222499
4253,-68.57438185035362,36.55251538321837
4254,5.211925423412543,52.66821059984968
4255,3.2397906065677144,51.3108391051717
4256,172.93938911090126,-43.428857889379024
4257,115.41946002538948,-31.873156917087677
4258,10.404907050796451,41.67353000354926
4259,115.66516072953662,-31.939069150516907
4260,18.657029783299755,54.378023245796165
4261,-74.01454899149815,39.720837832195755
4262,-1.7897840557391598,50.74425721313115
4263,153.15634271096854,-27.372767117827397
4264,10.33905882254,59.29336057516312
4265,8.563531720012266,53.565274876562086
4266,4.154545574196159,51.28691049538806
4267,3.975911039050681,51.36909447608267
4268,9.717869850688135,54.2056744607901
4269,0.012703838745898626,49.63893729630533
4270,4.906580713954504,52.44715103165358
4271,4.464575571802798,52.69812419215008
4272,103.75566200686615,1.1889131574749627
4273,5.095753313807386,53.55989019225528
4274,-1.4235814072054174,50.90142551238367
4275,13.95095820268901,40.404461490754215
4276,136.6458613377226,34.70824459054575
4277,10.86069091787485,53.94371974789423
4278,-15.417751536149819,28.140132193661383
4279,2.580710502306556,52.059729343598356
4280,4.118527756814444,51.29152409338405
4281,-81.30090447657018,30.45496202215851
4282,-74.51204025523961,16.39104874089724
4283,2.876987282830442,51.364869163880215
4284,6.414059506353203,53.05430948661576
4285,8.549330615916983,53.574013926594404
4286,116.08741209271575,6.04187897116924
4287,12.32996255196026,54.54627140199233
4288,8.552286756035498,53.57707281534212
4289,106.7623994584603,10.639705266237602
4290,-122.44304987338447,47.34506786491647
4291,153.15831187145326,-27.3810720413557
4292,-93.93669971561249,29.86278487156774
4293,29.283772328840058,40.84544922758102
4294,-5.426369291149138,50.787314032860216
4295,3.2415081180197594,51.31069317252357
4296,8.540834277034913,53.572709296998
4297,7.087624106033661,55.68553554712201
4298,5.716686936172583,42.80475417208387
4299,3.1355894331675183,52.2917664153625
4300,174.9822379032392,-36.11008889417474
4301,3.2415081180197594,51.31069317252357
4302,-1.0604592683862544,50.72498387367497
4303,12.609278237778728,39.463436590370506
4304,173.1835163194871,-43.29716627307694
4305,-122.45491249264181,47.30272029561058
4306,124.50188258952618,-33.09413581550087
4307,-3.580485407043326,51.3365783820934
4308,-14.691228803412912,28.762636196448447
4309,-3.138820698881647,51.40805400892861
4310,16.52502481379075,38.25301222575295
4311,8.073769545806273,39.970143066038965
4312,9.808046405989138,42.09519665524668
4313,14.958754549999997,38.791059733333334
4314,15.386203850517996,38.675726595087156
4315,10.013731533339046,41.952643811253665
4316,30.93635319940412,37.18921670046769
4317,8.549330615916983,53.574013926594404
4318,137.11563878105747,34.81494436230483
4319,9.5694583369494,43.780913898768176
4320,115.6750472841593,-32.043931739245195
4321,-9.008195020279583,33.44509659615909
4322,15.30039126726175,38.82648486711013
4323,-12.2560901681194,36.86237222988723
4324,-80.80581746567806,31.133745418260023
4325,1.0922628951364841,53.45886500532496
4326,3.6104155415375128,52.23688260806892
4327,18.876056909275718,57.51229750878936
4328,10.873290326744831,53.952105516271786
4329,15.005589551328162,56.45455667853259
4330,12.94494381944445,55.23944675317459
4331,118.34759946780775,-34.76879610805591
4332,-9.132959054070692,38.071749605947076
4333,12.703417893996368,54.72655846038664
4334,1.8613159050319181,40.666650856528726
4335,-12.93825423188117,32.32138112543777
4336,3.170862653109353,51.321471425708424
4337,3.1876563908704156,51.34058838065594
4338,-4.884267389714821,36.11680158535088
4339,4.025768857220478,52.618501603712964
4340,134.84917393625724,34.70993491746282
4341,-8.770312516981056,42.23012038094319
4342,8.564844466026669,53.57832550987277
4343,0.8811306909012392,51.043172069042754
4344,-74.60029614136403,40.38758028818855
4345,-4.722175299181391,36.57863138804092
4346,31.262137812896857,36.410867135208534
4347,26.685802324045333,36.24024112806565
4348,5.391273710005167,43.36006459721104
4349,21.767992794459925,60.09287333317785
4350,-5.93173223675579,53.001131043493245
4351,-122.4426421587378,47.31709908637828
4352,4.093808132772052,51.32019726641368
4353,11.543598802751466,54.25525872992051
4354,22.917245499999975,59.052706099999995
4355,-3.3333063584487026,49.45119151744051
4356,31.55878676910995,36.11370021937171
4357,-1.7144245146512302,50.2940730553085
4358,13.59386931957375,38.6925789219198
4359,12.506889164841953,55.059064606021224
4360,-10.023137698718335,38.69901627051903
4361,115.41946002538948,-31.873156917087677
4362,137.11563878105747,34.81494436230483
4363,5.109583621654833,53.539795887914636
4364,10.013943933339045,41.953752561253665
4365,118.38010746780778,-34.76861040805591
4366,29.283772328840058,40.84544922758102
4367,14.952709849999996,38.80839213333333
4368,-67.57903055695219,17.684671763294467
4369,-122.60411324247926,37.45289772264114
4370,-80.80581746567806,31.133745418260023
4371,5.36350864401904,53.20138752501957
4372,115.66516212398106,-31.939071417183573
4373,-12.966461467198632,32.2850087578465
4374,7.480778061992553,53.741657985028944
4375,22.01077619175128,59.097529576186425
4376,-74.51007395523962,16.390122640897243
4377,9.808046405989138,42.09519665524668
4378,16.525960817332415,38.25280223387795
4379,0.9100679297343559,53.155920744568384
4380,12.520521931508618,55.064481139354555
4381,1.5223300201784884,51.039132640435994
4382,2.998287541680509,51.32032887021193
4383,2.998287541680509,51.32032887021193
4384,5.2165886200512,52.66699241749674
4385,7.164424852958367,53.33524826222499
4386,172.93920871090123,-43.42859018937903
4387,3.2397906065677144,51.3108391051717
4388,10.404908767463116,41.673530786882594
4389,-74.01454899149815,39.720837832195755
4390,-1.7896794634314677,50.74421880543884
4391,18.657029658710517,54.37802315623415
4392,153.15634271096854,-27.372767117827397
4393,8.563531720012266,53.565274876562086
4394,4.154545574196159,51.28691049538806
4395,3.975911039050681,51.36909447608267
4396,10.338818922540002,59.293156275163135
4397,0.010482772079231963,49.642583020114856
4398,9.68438240823715,54.198354264910186
4399,4.906580713954504,52.44715103165358
4400,4.464575667636131,52.69812455238817
4401,103.75566200686615,1.1889131574749627
4402,29.46792745591155,40.712426040664816
4403,-1.4235814072054174,50.90142551238367
4404,13.95095820268901,40.404461490754215
4405,10.86069091787485,53.94371974789423
4406,-15.417965864387682,28.140622275229347
4407,2.5906850280631306,52.06449952330231
4408,4.118527756814444,51.29152409338405
4409,-81.30090447657018,30.45496202215851
4410,2.8708388431334724,51.3643978346883
4411,116.08742642604909,6.041916404502573
4412,12.30069697212924,54.5382513077687
4413,6.287287363496059,53.01329991518718
4414,8.549330615916983,53.574013926594404
4415,8.552286756035498,53.57707281534212
4416,-3.459818755430977,49.39684637337911
4417,106.76239985846028,10.6397045662376
4418,-0.05759877620804741,39.55265726716226
4419,-122.44304987338447,47.34506786491647
4420,153.15831187145326,-27.3810720413557
4421,-93.93669971561249,29.86278487156774
4422,-14.665121800258332,28.836534691755052
4423,8.540834277034913,53.572709296998
4424,3.2415081180197594,51.31069317252357
4425,7.146608589819891,55.753987222200514
4426,3.2415081180197594,51.31069317252357
4427,5.726686536172583,42.80073577208387
4428,174.9822633032392,-36.110156894174736
4429,3.1315909731675178,52.2929667753625
4430,-1.0604592683862544,50.72498387367497
4431,173.17188261948718,-43.304044673076945
4432,124.50251828952617,-33.09354781550086
4433,11.660749203098568,57.99119314541716
4434,-122.45491249264181,47.30272029561058
4435,-3.580485407043326,51.3365783820934
4436,-3.138820698881647,51.40805400892861
4437,13.599317487724013,38.709989087940556
4438,26.490650724045334,36.45813787806564
4439,-4.725042007221163,36.57720176363751
4440,8.549330615916983,53.574013926594404
4441,30.934631599404124,37.18902540046769
4442,115.67504418415929,-32.04393170591186
4443,-66.55422386066138,20.05518992393708
4444,-4.8899717169875485,36.116012537623604
4445,1.0922628951364841,53.45886500532496
4446,3.6104155415375128,52.23688260806892
4447,-8.770312516981056,42.23012038094319
4448,12.609278237778728,39.463436590370506
4449,-8.939181820222114,33.496041058638575
4450,3.1876563908704156,51.34058838065594
4451,8.56489738066435,53.57838054030756
4452,-5.93319473314468,53.00540720321546
4453,136.6458613377226,34.70824459054575
4454,-122.4426421587378,47.31709908637828
4455,-74.60029614136403,40.38758028818855
4456,31.26041621289686,36.41067583520854
4457,134.84915901953954,34.709961133836366
4458,15.316973491912075,38.800866529816396
4459,5.391273710005167,43.36006459721104
4460,22.91713419999998,59.05538479999999
4461,31.55878836910995,36.11369621937171
4462,21.773997773031354,60.091384861749276
4463,4.093808132772052,51.32019726641368
4464,13.01164585833334,55.2439683392857
4465,-15.749204635223673,25.797413406136556
4466,2.6195225878423036,51.64737531964081
4467,8.812272960433475,53.790420927220445
4468,8.073798045806274,39.97022476603897
4469,-12.287055038173355,36.76960737828591
4470,0.8833609861393343,51.04431131189989
4471,3.170862653109353,51.321471425708424
4472,15.391676674962438,38.673264988420485
4473,-5.73137636827151,52.06731616782639
4474,1.860841305031918,40.66663325652873
4475,10.873290326744831,53.952105516271786
4476,-1.7144245146512302,50.2940730553085
4477,11.561641356080624,54.26080768806588
4478,120.68510451333336,14.72654892666666
4479,12.703417893996368,54.72655846038664
4480,-10.023137698718335,38.69901627051903
4481,4.028301318722329,52.6198931467061
4482,18.843369809275718,57.50108200878936
4483,-9.186585215309819,38.29747081845468
4484,9.546811910629055,43.799509507426194
4485,15.005592306328166,56.45455867186593
4486,1.7751135900286474,40.826372097451525
4487,136.6458613377226,34.70824459054575
4488,-9.18643811530982,38.295869718454675
4489,12.501260321537922,55.04704182673576
4490,-5.737344612199799,52.04839897950073
4491,173.18100052615375,-43.30085198307694
4492,7.4093080787212395,53.78900719699897
4493,12.708143153450226,54.730298132325615
4494,13.02784716738096,55.2133840240476
4495,7.275820716889442,55.94075663541814
4496,-1.0292623648146815,50.72949929536142
4497,120.68529916333335,14.727631826666666
4498,118.40605266780776,-34.76513630805591
4499,-5.430376678491863,50.81148094789423
4500,29.46792745591155,40.712426040664816
4501,4.118527756814444,51.29152409338405
4502,8.540834277034913,53.572709296998
4503,3.2415081180197594,51.31069317252357
4504,5.722408036172583,42.81099517208388
4505,3.162578591388195,52.31065872001896
4506,174.98227713372162,-36.10513583617407
4507,3.2415081180197594,51.31069317252357
4508,-14.626549997556618,28.937739744596612
4509,-80.80303279171972,31.133364957496138
4510,124.5048773339706,-33.09295029327865
4511,-122.45491249264181,47.30272029561058
4512,11.660749203098568,57.99119314541716
4513,-3.577040774953774,51.336812920899376
4514,-3.1496209773626602,51.407349172219746
4515,16.525380452810357,38.252987560654915
4516,8.549330615916983,53.574013926594404
4517,30.96986989940412,37.14670600046769
4518,115.6750505971005,-32.04392925708832
4519,1.4960204398694301,51.03366520371273
4520,-8.770312641981057,42.23012025939147
4521,22.863381099999984,59.0297192
4522,8.812272960433475,53.790420927220445
4523,-0.06826522078028872,39.54326789439404
4524,2.998287541680509,51.32032887021193
4525,2.998287541680509,51.32032887021193
4526,5.214962201507782,52.66783406270682
4527,7.164424852958367,53.33524826222499
4528,-0.20952030484420534,39.44168471994109
4529,10.404908073144234,41.673529569009226
4530,172.94067871969196,-43.4280803911522
4531,-74.03490415622738,39.70170909022275
4532,115.66514193691755,-31.93906499992167
4533,-1.7897839342006983,50.74425717851577
4534,-5.933328895159439,53.00392008256034
4535,18.65701912812196,54.37802395398841
4536,8.563531720012266,53.565274876562086
4537,10.340970634188936,59.28956557628014
4538,153.15634271096854,-27.372767117827397
4539,4.154545574196159,51.28691049538806
4540,3.975911039050681,51.36909447608267
4541,9.60159834412047,54.18080757993229
4542,0.02218062630231385,49.63812112299778
4543,4.906580713954504,52.44715103165358
4544,4.464576313469464,52.698124219927855
4545,103.75517331196254,1.1888014739237376
4546,18.655214168604807,54.40612519786876
4547,-1.4235832036179235,50.90142343311666
4548,13.612379191360818,38.76406146875585
4549,10.86069091787485,53.94371974789423
4550,13.95095840268901,40.40446119075422
4551,-15.41799603592358,28.14054683067639
4552,2.58996984806313,52.0654866433023
4553,-81.30090447657018,30.45496202215851
4554,2.8727913069574265,51.35524359753101
4555,26.365135630712007,36.540296098065646
4556,6.193827094213564,53.006181567088746
4557,8.552286756035498,53.57707281534212
4558,116.0874207593824,6.041876562835906
4559,8.549330615916983,53.574013926594404
4560,15.394873614811166,38.65692082962957
4561,12.178575220293208,54.49124746629234
4562,10.027778678339045,41.95826124292034
4563,15.404811516337972,38.66828956080169
4564,3.1876563908704156,51.34058838065594
4565,5.392066510005166,43.35937119721104
4566,-67.58842307123791,17.67862989900875
4567,106.76239972531667,10.63970433794879
4568,-4.768773631474328,36.562125044869816
4569,22.023603890898233,59.114447434378825
4570,-122.44304987338447,47.34506786491647
4571,-8.831862291809417,33.581221976416344
4572,-67.38252472854937,21.421710593198974
4573,153.15831187145326,-27.3810720413557
4574,137.17654067130596,34.825366015499306
4575,8.075054145806273,39.96916651603896
4576,-93.93669971561249,29.86278487156774
4577,1.0656617357199247,53.46426459059684
4578,-12.299182469739012,36.71562200362503
4579,-4.8899717169875485,36.116012537623604
4580,-3.5896781518461416,49.351894882426016
4581,3.620009454053411,52.24320483611635
4582,1.7642139774128702,40.66028309176682
4583,11.668032066852632,54.30795335351377
4584,-12.964127482972442,32.09997053921554
4585,12.609278237778728,39.463436590370506
4586,-74.52364515523962,16.40014329089724
4587,4.028301318722329,52.6198931467061
4588,134.84917741284838,34.70993484474333
4589,0.9100679297343559,53.155920744568384
4590,-15.70050307744589,25.98044437200957
4591,3.2397906065677144,51.3108391051717
4592,9.547853161965726,43.79959817041282
4593,15.003461218827038,56.453977864381784
4594,-10.009476666213857,38.64802931159445
4595,4.093808132772052,51.32019726641368
4596,29.283772328840058,40.84544922758102
4597,18.215410391760695,56.937131670060815
4598,31.58822696910995,36.0716756193717
4599,21.775835428431783,60.08785283963555
4600,-122.4426421587378,47.31709908637828
4601,-74.60029614136403,40.38758028818855
4602,2.6139929378423035,51.646087702974135
4603,-7.934849222288461,43.84485741120319
4604,31.300349712896846,36.35497313520853
4605,-3.785557893172763,36.154440892099416
4606,10.873290326744831,53.952105516271786
4607,8.564901573956314,53.57839406199987
4608,0.9556509276659451,51.05913839257214
4609,3.170862653109353,51.321471425708424
4610,9.808046405989138,42.09519665524668
4611,-1.8079301255134625,50.27135272856328
4612,-67.38252487854936,21.421710393198975
4613,13.024871334047624,55.19775294904761
4614,18.655215769291694,54.40612478742465
4615,-122.60051810929149,37.45429551502122
4616,-80.80303279171972,31.133364957496138
4617,-67.58842347123792,17.67863049900875
4618,-3.5813389498053256,49.34542001711989
4619,25.986474699999988,-33.57155710000001
4620,11.114362432715058,39.532804465216124
4621,-5.73670335430506,52.07261994265863
4622,1.5030852362138416,51.04412304283498
4623,-116.63158490478722,25.254665938297858
4624,18.049373336233774,56.518190131298724
4625,-1.0508655917195877,50.72640151367497
4626,-0.06826522078028872,39.54326789439404
4627,0.9100679297343559,53.155920744568384
4628,-0.21058221349499898,39.44273382617124
4629,-15.418042700159752,28.140553409355565
4630,2.5840716080631303,52.063601149968974
4631,4.118527756814444,51.29152409338405
4632,-81.30090447657018,30.45496202215851
4633,2.8807519828304424,51.36702936388022
4634,5.832964800274773,52.88141418749812
4635,13.612379191360818,38.76406146875585
4636,8.549330615916983,53.574013926594404
4637,12.172196700662116,54.48846514093003
4638,116.0874137129178,6.041889546421764
4639,8.552286756035498,53.57707281534212
4640,106.76239972531667,10.63970433794879
4641,-122.44304987338447,47.34506786491647
4642,153.15831187145326,-27.3810720413557
4643,22.023603890898233,59.114447434378825
4644,-93.93669971561249,29.86278487156774
4645,29.283772328840058,40.84544922758102
4646,7.340563680689415,56.08115003427716
4647,5.6984143361725845,42.80515287208387
4648,174.98217034677717,-36.10824797061851
4649,8.540834277034913,53.572709296998
4650,3.2415081180197594,51.31069317252357
4651,3.2415081180197594,51.31069317252357
4652,26.383916430712006,36.54069329806564
4653,173.18920397333324,-43.29332415000001
4654,3.1876563908704156,51.34058838065594
4655,124.50424925897062,-33.09322040161197
4656,11.660749203098568,57.99119314541716
4657,-122.45491249264181,47.30272029561058
4658,-12.310536240096157,36.70195582213693
4659,-3.577040774953774,51.336812920899376
4660,-3.138820698881647,51.40805400892861
4661,16.526435819673104,38.25270190222354
4662,8.549330615916983,53.574013926594404
4663,30.96531029940412,37.1465147004677
4664,115.6750378904338,-32.043931677088324
4665,17.45111454839684,56.51217571735199
4666,-8.770312516981056,42.23012038094319
4667,2.998287541680509,51.32032887021193
4668,2.998287541680509,51.32032887021193
4669,22.872847599999982,59.02917999999999
4670,8.814300417851056,53.788445744894446
4671,7.164424852958367,53.33524826222499
4672,-3.6284723698732813,36.16991816306222
4673,5.213568273412545,52.66840979984968
4674,10.404907273144234,41.67353026900921
4675,172.93939478338245,-43.428835372337495
4676,10.027009978339045,41.954194076253664
4677,9.808046405989138,42.09519665524668
4678,115.66513943453661,-31.93906982135024
4679,-74.03490415622738,39.70170909022275
4680,8.060302699139607,39.97264235270563
4681,-1.7897839342006983,50.74425717851577
4682,18.65701499371037,54.37802525087075
4683,-5.937795522827218,53.019599612302756
4684,4.154545574196159,51.28691049538806
4685,-14.581687832251278,29.055580434559307
4686,153.15634271096854,-27.372767117827397
4687,8.563531720012266,53.565274876562086
4688,0.022581632362919907,49.63827327148263
4689,10.346140741688936,59.27823336878015
4690,12.708143153450226,54.730298132325615
4691,3.975911039050681,51.36909447608267
4692,9.547086450661771,54.16546063552348
4693,-12.907397227860265,31.882847729688887
4694,12.609278237778728,39.463436590370506
4695,4.906580713954504,52.44715103165358
4696,-74.48188925523961,16.363870540897242
4697,4.464575238469465,52.698124069927864
4698,-7.94465497654066,43.84587381760594
4699,103.75517331196254,1.1888014739237376
4700,23.961295013406833,59.65634985154989
4701,4.028301318722329,52.6198931467061
4702,-8.790637783158623,33.6123798612973
4703,29.46792745591155,40.712426040664816
4704,-1.4235814072054174,50.90142551238367
4705,-4.945912667728289,36.12029959169767
4706,5.418136728263086,43.36883154309339
4707,1.0656617357199247,53.46426459059684
4708,-9.979436551450831,38.509643822479376
4709,4.093808132772052,51.32019726641368
4710,3.2397906065677144,51.3108391051717
4711,3.170862653109353,51.321471425708424
4712,15.407384348317377,38.66993752006942
4713,1.7634215907462032,40.65849518510015
4714,8.564901573956314,53.57839406199987
4715,1.0257672159012392,51.04155426904274
4716,120.68562231333337,14.728221526666664
4717,3.162578591388195,52.31065872001896
4718,15.398980154109806,38.65092723443348
4719,-4.78240634350367,36.556385941574995
4720,3.6552860103497067,52.24353722500524
4721,-1.845393040898078,50.26375221848112
4722,10.86069091787485,53.94371974789423
4723,-122.4426421587378,47.31709908637828
4724,15.00559066484745,56.45455848911817
4725,134.84917488027898,34.70993679409325
4726,11.68228656590025,54.31217246351376
4727,31.586644769109956,36.07260181937171
4728,21.77391765862659,60.06726009176759
4729,10.873290326744831,53.952105516271786
4730,13.95095840268901,40.40446119075422
4731,9.54802509918795,43.79488072985727
4732,-74.60029614136403,40.38758028818855
4733,31.298515712896855,36.35629363520854
4734,118.39334306780776,-34.765292808055904
4735,137.1771064729453,34.82569387779439
4736,-9.226297943153682,38.391218426611864
4737,-15.645444007619052,26.052279138427316
4738,2.6134297878423034,51.64687011964081
4739,-116.6407632047872,25.263633738297855
4740,-12.903564027860266,31.82180922968889
4741,-3.7041011861311532,49.24414151255854
4742,-7.944284709873995,43.84436915093927
4743,-80.80303279171972,31.133364957496138
4744,13.95095820268901,40.404461490754215
4745,-0.20000469849499894,39.42590341617124
4746,22.050142394787127,59.11983315882327
4747,29.283772328840058,40.84544922758102
4748,-14.821641625279453,27.822300398039438
4749,4.464575667636131,52.69812455238817
4750,-10.345791926679151,32.64528097251248
4751,29.46792745591155,40.712426040664816
4752,10.86069091787485,53.94371974789423
4753,-15.417798712859735,28.140936782610176
4754,0.25641382102498506,50.87690133533459
4755,4.118527756814444,51.29152409338405
4756,-81.30090447657018,30.45496202215851
4757,2.5840991080631306,52.06335564996898
4758,11.113373009381723,39.5272257214066
4759,2.8708388431334724,51.3643978346883
4760,5.801939734084297,52.87151882106955
4761,-122.60051810929149,37.45429551502122
4762,116.08742464625111,6.041929329755098
4763,8.549330615916983,53.574013926594404
4764,18.011099519525484,56.39979887799144
4765,12.147218266366217,54.47939042313943
4766,8.552286756035498,53.57707281534212
4767,-122.44304987338447,47.34506786491647
4768,153.15831187145326,-27.3810720413557
4769,-93.93669971561249,29.86278487156774
4770,18.655214773181946,54.40612624290574
4771,3.2415081180197594,51.31069317252357
4772,174.98233350323918,-36.112082448020885
4773,7.416420208545332,56.22494883209187
4774,5.678618236172583,42.77696897208387
4775,3.2415081180197594,51.31069317252357
4776,-1.0508655917195877,50.72640151367497
4777,173.16609297333332,-43.312288850000016
4778,124.50251828952617,-33.09354781550086
4779,11.660749203098568,57.99119314541716
4780,-122.45491249264181,47.30272029561058
4781,-3.577040774953774,51.336812920899376
4782,-3.138820698881647,51.40805400892861
4783,16.525960752557495,38.2528017129307
4784,106.76240022531667,10.63970373794879
4785,5.429288740263086,43.374281973093396
4786,8.549330615916983,53.574013926594404
4787,1.4160037230965818,51.02830709722794
4788,30.961889399404114,37.14899150046771
4789,115.67503995710045,-32.04392989375499
4790,-0.06826522078028872,39.54326789439404
4791,-12.328617681762823,36.686664972136924
4792,-8.770312516981056,42.23012038094319
4793,22.909964899999977,59.046216099999995
4794,3.6552860103497067,52.24353722500524
4795,8.776567128714152,53.773085151690076
4796,-5.73204192452151,52.06837799907639
4797,2.998287541680509,51.32032887021193
4798,2.998287541680509,51.32032887021193
4799,7.164424852958367,53.33524826222499
4800,5.2165886200512,52.66699241749674
4801,-3.609976554325375,36.1693632474757
4802,-9.219220782528685,38.41342022645562
4803,5.114233919212234,53.0851700599156
4804,172.9360162623298,-43.43105122496908
4805,-69.64791426996199,24.17436039913954
4806,10.404908989810899,41.673531052342554
4807,7.467981775868103,53.81232310961379
4808,1.0656617357199247,53.46426459059684
4809,137.1771064729453,34.82569387779439
4810,15.43335335926725,38.684733963358276
4811,-74.03620113438124,39.69894237668429
4812,115.66514082898105,-31.939072088016907
4813,115.42042630156426,-31.873502973198782
4814,18.657014310142646,54.378025304196996
4815,-1.789679341893006,50.74421877082345
4816,-5.940019699042949,53.02596269460073
4817,23.959243146700487,59.65432125460548
4818,10.023316278339045,41.94685902625367
4819,4.154545574196159,51.28691049538806
4820,153.15634271096854,-27.372767117827397
4821,10.341964237165127,59.26976323663731
4822,8.563531720012266,53.565274876562086
4823,5.137545515711664,53.51892195790126
4824,16.685080122082443,56.12952232148378
4825,3.975911039050681,51.36909447608267
4826,12.609278237778728,39.463436590370506
4827,-14.490462749019152,29.335490094883966
4828,0.9100679297343559,53.155920744568384
4829,4.093808132772052,51.32019726641368
4830,-74.47903557342143,16.361902886351785
4831,12.708143153450226,54.730298132325615
4832,4.906580713954504,52.44715103165358
4833,0.020464432362919907,49.64189192862549
4834,-15.553770795238098,26.151832448928577
4835,120.68510341333337,14.72654882666666
4836,-122.4426421587378,47.31709908637828
4837,3.1876563908704156,51.34058838065594
4838,-4.797484405150596,36.55271656790196
4839,15.398993474109805,38.65162695443349
4840,103.75517331196254,1.1888014739237376
4841,-74.60029614136403,40.38758028818855
4842,31.29418231289685,36.36020593520855
4843,31.585930569109948,36.073596819371716
4844,9.52695492633081,43.81733995128583
4845,21.791952244698024,60.068645503415944
4846,10.873290326744831,53.952105516271786
4847,9.55362646399417,54.166930232002414
4848,-8.763336950015347,33.643760706268054
4849,9.808046405989138,42.09519665524668
4850,3.162578591388195,52.31065872001896
4851,134.8491628875914,34.70994260686312
4852,118.38333796780779,-34.769588708055906
4853,8.060331199139608,39.97272405270563
4854,-4.952465067728289,36.119959291697675
4855,8.540834277034913,53.572709296998
4856,8.565110994467013,53.578607719974336
4857,1.0277033111393339,51.03820771189989
4858,3.170862653109353,51.321471425708424
4859,2.6147064878423034,51.646533719640814
4860,-1.4235814244467968,50.90142522617678
4861,-1.845393040898078,50.26375221848112
4862,4.028301318722329,52.6198931467061
4863,11.714504518696346,54.33106401856871
4864,3.2397906065677144,51.3108391051717
4865,22.044762836388887,59.30096520666668
4866,4.402644085878193,53.18490284664596
4867,-9.948153485861717,38.373739073304904
4868,1.860841305031918,40.66663325652873
4869,15.00559297540301,56.454560690784845
4870,16.525960752557495,38.2528017129307
4871,-46.79015114175504,-24.318320378413453
4872,-9.219146582528685,38.412913926455616
4873,5.078646089853261,53.068433712030995
4874,-80.80303279171972,31.133364957496138
4875,17.90970813947859,56.3181308254806
4876,0.9100679297343559,53.155920744568384
4877,22.34856293710858,59.33597897090553
4878,12.708143153450226,54.730298132325615
4879,-5.454899680591277,50.86270131304982
4880,-5.273990072896931,36.19562210564477
4881,-68.78010028129768,36.63387193904475
4882,13.95095840268901,40.40446119075422
4883,29.46792745591155,40.712426040664816
4884,14.777849003125004,38.96684433124999
4885,-1.0492651175260392,50.72656897012658
4886,173.1656577799999,-43.320362460000005
4887,115.42118596156426,-31.872108253198782
4888,-0.06826522078028872,39.54326789439404
4889,5.1280754957116645,53.54632872790126
4890,4.906580713954504,52.44715103165358
4891,4.467575268698223,52.71568748283636
4892,103.7550934965174,1.188785878429431
4893,-1.4235828348679238,50.90142354204523
4894,10.86069091787485,53.94371974789423
4895,-15.415596041485854,28.139903871219516
4896,4.118527756814444,51.29152409338405
4897,-81.30090447657018,30.45496202215851
4898,2.58404072806313,52.06433026996897
4899,2.8727913069574265,51.35524359753101
4900,5.752314014801801,52.838595022971084
4901,116.08741477670681,6.041902604893346
4902,-122.5996104793687,37.45531623673937
4903,8.549330615916983,53.574013926594404
4904,12.124789857793264,54.46274732750424
4905,8.552286756035498,53.57707281534212
4906,106.76239977304394,10.639703973176063
4907,120.69045481974361,14.72570193179487
4908,-122.44304987338447,47.34506786491647
4909,153.15831187145326,-27.3810720413557
4910,-93.93669971561249,29.86278487156774
4911,-70.09386402385977,25.146098045792936
4912,29.283772328840058,40.84544922758102
4913,7.569815526950919,56.40392142773836
4914,3.2415081180197594,51.31069317252357
4915,3.2415081180197594,51.31069317252357
4916,174.9822761188965,-36.106215277928406
4917,5.674350036172583,42.78733447208387
4918,26.06020829999999,-33.47511070000001
4919,11.660749203098568,57.99119314541716
4920,-3.577040774953774,51.336812920899376
4921,124.50485983397063,-33.09294988286197
4922,-3.138820698881647,51.40805400892861
4923,12.609278237778728,39.463436590370506
4924,-122.45491249264181,47.30272029561058
4925,-17.150918074296538,23.60713456617966
4926,31.002874399404117,37.09565350046769
4927,8.549330615916983,53.574013926594404
4928,0.259440961024985,50.84675205533459
4929,115.67502400409812,-32.0439130479135
4930,11.77797792619995,54.40018934367693
4931,-8.770312516981056,42.23012038094319
4932,3.671464249238596,52.24650075833857
4933,8.776567128714152,53.773085151690076
4934,1.4153116808827624,51.029580084314205
4935,-5.73419335430506,52.062268442658635
4936,2.998287541680509,51.32032887021193
4937,2.998287541680509,51.32032887021193
4938,-109.59180968419543,25.022031319341185
4939,7.164424852958367,53.33524826222499
4940,4.39476549611629,53.18366205236023
4941,5.208652301507782,52.669846562706816
4942,-15.499803383809525,26.249782205119047
4943,3.188551880156272,51.34071967119706
4944,172.93637520719196,-43.431233619956544
4945,10.196819673144233,41.676839569009225
4946,1.0536490287069378,53.46628381760983
4947,134.84917774811873,34.70993428679337
4948,115.66471427776213,-31.939206367570563
4949,-3.5985047409325186,36.167765802832854
4950,-9.785695832373682,37.92117144636788
4951,-14.030221706939091,28.943147189313024
4952,-14.793051946255769,27.878741547289433
4953,21.790425928431784,60.071980339635545
4954,118.40022526780774,-34.76522710805592
4955,-74.56969550991668,39.109313550017035
4956,4.093808132772052,51.32019726641368
4957,3.170862653109353,51.321471425708424
4958,8.540834277034913,53.572709296998
4959,5.430081540263085,43.37358857309339
4960,1.7723109737091667,40.66121708806312
4961,9.525782261965725,43.820037520412825
4962,4.028301318722329,52.6198931467061
4963,-1.7897839342006983,50.74425717851577
4964,-5.940870249796916,53.02812615932294
4965,-122.4426421587378,47.31709908637828
4966,-74.60029614136403,40.38758028818855
4967,-4.797484405150596,36.55271656790196
4968,-8.73473060692011,33.66871071936329
4969,31.339818612896856,36.29365273520854
4970,22.88650360799998,59.032952587999986
4971,31.631805069109944,36.00397611937171
4972,21.935168547499995,59.258147940000015
4973,18.657015438265805,54.378022891473094
4974,-4.952465067728289,36.119959291697675
4975,10.971121096722756,38.92941124102758
4976,8.564901573956314,53.57839406199987
4977,15.39962048527565,38.647946311658444
4978,1.077618133347763,51.04252111795092
4979,15.44280870457572,38.6850699194809
4980,3.2397906065677144,51.3108391051717
4981,153.15634271096854,-27.372767117827397
4982,-1.900313698046568,50.25024016324766
4983,-14.451347564355883,29.43414265441368
4984,8.563531720012266,53.565274876562086
4985,9.493603334235106,54.15842319200166
4986,4.154545574196159,51.28691049538806
4987,3.975911039050681,51.36909447608267
4988,8.061105999139608,39.97207230270563
4989,10.346705952998457,59.25644875413728
4990,15.003454911514112,56.45396447411818
4991,2.5160286923877573,51.615569634792315
4992,16.337588526464994,55.95732060260607
4993,137.18489812627865,34.826756528627726
4994,-74.48017985523963,16.35798409089724
4995,9.808046405989138,42.09519665524668
4996,3.161766691388195,52.31168812001895
4997,23.97349971340684,59.66353775154992
4998,10.028064530644711,41.96140326340782
4999,10.873290326744831,53.952105516271786
5000,0.022013557795820343,49.638159064880895
5001,27.079210199999984,-28.495966650000014
5002,-12.338844153667585,36.653924957553606
5003,-3.9028040870241436,49.113240441847125
5004,-9.751293679764894,37.861466101839945
5005,-75.55717618304024,37.93086096181637
5006,16.52538030722212,38.25298749741961
5007,-15.437394872142857,26.312639328452388
5008,-17.146282927629873,23.624733506179656
5009,13.95095840268901,40.40446119075422
5010,29.46792745591155,40.712426040664816
5011,173.16578547333324,-43.31610195000001
5012,-0.19690787653090613,39.42768687951634
5013,1.3877821471376506,51.02627168749408
5014,-12.848708722447538,31.485018223745975
5015,8.053254624139607,39.97169167770563
5016,10.971046256722756,38.93106188102758
5017,-8.770312516981056,42.23012038094319
5018,-5.73454837680506,52.063065102658626
5019,7.164424852958367,53.33524826222499
5020,5.206333273412545,52.67141859984967
5021,172.93585788338245,-43.434709172337506
5022,10.196819273144234,41.67684026900922
5023,115.66471517776213,-31.939209067570562
5024,-74.75893504946497,38.956665519660476
5025,-1.7897839342006983,50.74425717851577
5026,9.527423699187949,43.81631797985727
5027,-5.940541249796915,53.02764865932294
5028,18.657017092073332,54.37802274834075
5029,153.15634271096854,-27.372767117827397
5030,8.563531720012266,53.565274876562086
5031,0.02290934718975973,49.64410544669908
5032,10.354382448200324,59.231121779908506
5033,4.154545574196159,51.28691049538806
5034,3.975911039050681,51.36909447608267
5035,4.906580713954504,52.44715103165358
5036,4.457842109246482,52.59342706872267
5037,103.7550934965174,1.188785878429431
5038,0.259440961024985,50.84675205533459
5039,-1.423580918641898,50.90142557702319
5040,-5.273990072896931,36.19562210564477
5041,10.86069091787485,53.94371974789423
5042,-15.416128094612077,28.140250746426837
5043,-74.47394255523962,16.34636539089724
5044,2.528747955642235,51.975000337438594
5045,4.118527756814444,51.29152409338405
5046,-81.30090447657018,30.45496202215851
5047,-122.4426421587378,47.31709908637828
5048,2.8807519828304424,51.36702936388022
5049,5.646062983608106,52.795974937498116
5050,116.08740604337349,6.041906896560014
5051,8.549330615916983,53.574013926594404
5052,8.552286756035498,53.57707281534212
5053,12.09819160223771,54.44851227935608
5054,16.02785351721919,55.79439593640516
5055,118.39334306780776,-34.765292808055904
5056,11.80240689524757,54.4220717603436
5057,106.76239977304394,10.639703973176063
5058,-4.952465067728289,36.119959291697675
5059,-122.44304987338447,47.34506786491647
5060,153.15831187145326,-27.3810720413557
5061,-93.93669971561249,29.86278487156774
5062,22.355992037108578,59.33869552090553
5063,3.2415081180197594,51.31069317252357
5064,7.701526895763675,56.541428349789186
5065,174.98230708841405,-36.11309388977523
5066,-1.0436594512433972,50.727430999389256
5067,5.667896836172583,42.786321872083874
5068,3.2415081180197594,51.31069317252357
5069,139.29722387896274,34.85707357187324
5070,124.50382168952618,-33.093289821750865
5071,-122.45491249264181,47.30272029561058
5072,11.660749203098568,57.99119314541716
5073,-3.577040774953774,51.336812920899376
5074,-3.138820698881647,51.40805400892861
5075,10.02729583064471,41.957336096741145
5076,1.0536490287069378,53.46628381760983
5077,-1.1378854610307962,36.521528036290285
5078,-14.746864488047413,27.989004038165632
5079,4.394981812782955,53.18389175236024
5080,12.609278237778728,39.463436590370506
5081,-4.797484405150596,36.55271656790196
5082,8.549330615916983,53.574013926594404
5083,0.9100679297343559,53.155920744568384
5084,30.998466999404126,37.09519800046771
5085,115.67502116076479,-32.043915697913505
5086,-0.06826522078028872,39.54326789439404
5087,-70.08546909434223,25.142666655222754
5088,15.409446700989934,38.630763872142325
5089,115.42017642117963,-31.87373650704494
5090,8.540834277034913,53.572709296998
5091,-122.04562313355136,34.15124350615581
5092,4.093808132772052,51.32019726641368
5093,-12.333654860333876,36.55789809422266
5094,31.340120512896863,36.29264833520856
5095,31.632781769109958,36.00192791937172
5096,-74.60029614136403,40.38758028818855
5097,3.188551880156272,51.34071967119706
5098,3.671464249238596,52.24650075833857
5099,5.429288740263086,43.374281973093396
5100,5.073671227397976,53.0509897764253
5101,27.210083599999983,-28.362362250000018
5102,-8.705920232915094,33.687835237024935
5103,8.776567128714152,53.773085151690076
5104,2.998287541680509,51.32032887021193
5105,2.998287541680509,51.32032887021193
5106,3.2397906065677144,51.3108391051717
5107,23.98457978590683,59.6644760015499
5108,8.564901573956314,53.57839406199987
5109,1.110460121583057,51.022304494421526
5110,-14.408450656295965,29.532070611716954
5111,15.44639386291733,38.68767105989799
5112,-109.5708771450009,25.042585689640596
5113,10.873290326744831,53.952105516271786
5114,3.170862653109353,51.321471425708424
5115,17.899325038414382,56.29063726465808
5116,-14.03471526812957,28.965581325953234
5117,134.84917459347145,34.70993441796147
5118,21.77047970862659,60.06047814176759
5119,-1.9402137213806188,50.240569796275295
5120,4.028301318722329,52.6198931467061
5121,1.8719998664797297,40.67116007403715
5122,-9.228118927528683,38.40916944145562
5123,15.009576020403003,56.45542982245151
5124,9.453623741479662,54.14077234177574
5125,3.161766691388195,52.31168812001895
5126,22.949012707999984,59.050613763
5127,137.18489812627865,34.826756528627726
5128,9.807153880951809,42.08845941032359
5129,2.4917109471496617,51.61576179431613
5130,21.932041536388883,59.25556565666668
5131,29.283772328840058,40.84544922758102
5132,3.975911039050681,51.36909447608267
5133,-13.991000533685126,28.99067051150879
5134,-122.5996104793687,37.45531623673937
5135,22.355992037108578,59.33869552090553
5136,27.209967999999982,-28.36276675000002
5137,5.05664198474646,53.03813261081924
5138,0.9100679297343559,53.155920744568384
5139,-9.219293682528686,38.41451502645562
5140,1.3333308072179468,51.02627988690653
5141,-70.18384537184224,25.33230728922276
5142,13.95095820268901,40.404461490754215
5143,118.38742986780778,-34.769579808055916
5144,8.053283124139607,39.97177337770563
5145,29.46792745591155,40.712426040664816
5146,173.14634687333339,-43.32975305000001
5147,-0.19857996153090615,39.42765486951634
5148,-8.770312516981056,42.23012038094319
5149,-0.06826522078028872,39.54326789439404
5150,8.776567128714152,53.773085151690076
5151,-5.72951162452151,52.05847209907639
5152,2.998287541680509,51.32032887021193
5153,2.998287541680509,51.32032887021193
5154,5.209353620051201,52.67000121749674
5155,7.164424852958367,53.33524826222499
5156,0.25641382102498506,50.87690133533459
5157,172.9274368623298,-43.44296692496908
5158,10.196820989810899,41.67684105234255
5159,115.66471517776213,-31.939209067570562
5160,-12.859702353659658,31.430969739453047
5161,-74.79699515586873,38.93708274293325
5162,9.521257626330808,43.82089950128584
5163,11.81884347169482,54.43848914997945
5164,18.657015956001715,54.37802275648028
5165,-1.789679341893006,50.74421877082345
5166,-5.941386529042949,53.030030734045155
5167,153.15634271096854,-27.372767117827397
5168,8.563531720012266,53.565274876562086
5169,10.360032961533657,59.204778863241856
5170,4.154545574196159,51.28691049538806
5171,0.020792147189759736,49.64772410384193
5172,4.906580713954504,52.44715103165358
5173,4.522742865091905,52.54996036879779
5174,103.7550934965174,1.188785878429431
5175,-1.423580935883277,50.901425290816306
5176,10.86069091787485,53.94371974789423
5177,-5.273990072896931,36.19562210564477
5178,-15.416128094612077,28.140250746426837
5179,4.118527756814444,51.29152409338405
5180,-81.30090447657018,30.45496202215851
5181,2.4633723154774803,51.916594496196886
5182,-122.4426421587378,47.31709908637828
5183,-14.69280414831503,28.11985969199088
5184,-15.251373147619049,26.469519803214276
5185,2.8708388431334724,51.3643978346883
5186,7.441474313699542,53.874376014727424
5187,12.056098675954077,54.439604391288306
5188,5.508051968667631,52.75508984731955
5189,116.08742444337348,6.041938146560013
5190,8.552286756035498,53.57707281534212
5191,1.0536490287069378,53.46628381760983
5192,8.549330615916983,53.574013926594404
5193,-109.52315325721344,25.09324470831893
5194,-122.44304987338447,47.34506786491647
5195,153.15831187145326,-27.3810720413557
5196,15.413044344727888,38.616888038905756
5197,-93.93669971561249,29.86278487156774
5198,4.093808132772052,51.32019726641368
5199,3.2415081180197594,51.31069317252357
5200,3.2415081180197594,51.31069317252357
5201,7.735615414314845,56.575708348477484
5202,174.98247168234258,-36.115696028346655
5203,5.699207336172583,42.766495672083884
5204,14.672600703125001,39.02394333124997
5205,-1.0436594512433972,50.727430999389256
5206,-74.47591157342144,16.346760336351785
5207,-3.9588061539257002,49.06599028465354
5208,124.50250520063726,-33.093541299528646
5209,11.660749203098568,57.99119314541716
5210,-122.45491249264181,47.30272029561058
5211,-3.5832364860136816,51.33607596698233
5212,-3.138820698881647,51.40805400892861
5213,-122.03822993355138,34.14777060615582
5214,1.828880581619556,40.90283369858788
5215,10.023602130644711,41.95000104674116
5216,15.43988507541733,38.68565713489798
5217,16.525960732895186,38.252802049695404
5218,134.84916735702444,34.709937081783984
5219,12.609278237778728,39.463436590370506
5220,-4.995713011478289,36.082602210447675
5221,21.79340202627697,60.06884413762648
5222,3.2397906065677144,51.3108391051717
5223,18.655226153905307,54.40613503754517
5224,8.549330615916983,53.574013926594404
5225,-8.617749681425195,33.763183672257625
5226,3.671464249238596,52.24650075833857
5227,106.76240022289902,10.639703509552875
5228,3.170862653109353,51.321471425708424
5229,115.67502224076479,-32.04391658458016
5230,5.254268715187209,53.52034233737799
5231,30.995588399404127,37.09683370046771
5232,115.4233844878463,-31.875079212600493
5233,8.540834277034913,53.572709296998
5234,21.738063039183917,59.107579781821954
5235,15.009579834226537,56.45543022166719
5236,9.460091879093573,54.141463909108495
5237,3.161766691388195,52.31168812001895
5238,1.8714524664797296,40.67106947403715
5239,23.46591477587465,59.33921466838843
5240,9.807153880951809,42.08845941032359
5241,139.29966706838758,34.855070794761694
5242,4.028301318722329,52.6198931467061
5243,8.562267272943886,53.57848046718327
5244,137.18489812627865,34.826756528627726
5245,2.4268687657860255,51.595671166336345
5246,-12.357270174044197,36.5036164248179
5247,3.188551880156272,51.34071967119706
5248,23.981767446700488,59.66325215460547
5249,1.083572533487819,51.00562590394533
5250,-17.051601861240982,23.73931222923521
5251,4.356235456711526,53.14776719081263
5252,17.878842118414376,56.27412906132475
5253,-4.797484405150596,36.55271656790196
5254,5.443211490263086,43.3705777455934
5255,31.632273869109955,36.00260181937172
5256,10.873290326744831,53.952105516271786
5257,-14.401939133900797,29.544225548757193
5258,-74.60029614136403,40.38758028818855
5259,31.336663412896865,36.295197535208565
5260,-1.9452930519683147,50.23934066717575
5261,-17.036005286002887,23.73300067304473
5262,-4.199799810028075,48.953180506731016
5263,1.0388152602804366,53.4671536990798
5264,-10.170309380159006,32.8097310230353
5265,13.95095840268901,40.40446119075422
5266,-122.50273313932308,37.766467912962206
5267,29.283772328840058,40.84544922758102
5268,-4.995713011478289,36.082602210447675
5269,-5.7347221121997976,52.03699807950073
5270,-1.0420589770498487,50.72759845584087
5271,173.11763447999994,-43.32872426
5272,11.660749203098568,57.99119314541716
5273,-14.678142428699477,28.16238378080046
5274,115.42093608117965,-31.872341787044935
5275,-5.935814272129136,53.0109830212472
5276,3.170862653109353,51.321471425708424
5277,-70.25479273617312,25.533024876928017
5278,116.0874135421446,6.0419100159532535
5279,-0.1958459178801125,39.426638035786176
5280,118.39950326780776,-34.76522760805591
5281,-93.93669971561249,29.86278487156774
5282,3.2415081180197594,51.31069317252357
5283,174.98251045282504,-36.11028170649984
5284,7.771135762408563,56.6019664092098
5285,5.6718827361725825,42.781134197083865
5286,3.2415081180197594,51.31069317252357
5287,124.50484908952616,-33.09294335286197
5288,-122.45491249264181,47.30272029561058
5289,-3.5832364860136816,51.33607596698233
5290,-3.138820698881647,51.40805400892861
5291,14.563134103125002,39.12394393124999
5292,1.7968552616195563,40.87447389858789
5293,16.525380433148047,38.252987897419615
5294,8.549330615916983,53.574013926594404
5295,115.6749245071778,-32.04390265676658
5296,3.681535502571929,52.250609361671906
5297,-8.770281460162874,42.230119617306826
5298,-67.58112238790459,17.673145332342084
5299,8.757163472910582,53.773489905647054
5300,1.333417145856258,51.024368852288525
5301,2.998287541680509,51.32032887021193
5302,2.998287541680509,51.32032887021193
5303,5.208652301507782,52.669846562706816
5304,7.164424852958367,53.33524826222499
5305,172.916431613985,-43.454486240640406
5306,10.196819673144233,41.676839569009225
5307,115.66459849405041,-31.93918511982185
5308,-74.83978074872209,38.902811191316076
5309,4.093808132772052,51.32019726641368
5310,9.523393061965725,43.82138332041282
5311,-1.7897839342006983,50.74425717851577
5312,-5.273990072896931,36.19562210564477
5313,153.15634271096854,-27.372767117827397
5314,15.450820386492103,38.68852875233177
5315,10.376987582366985,59.17136164157517
5316,8.563531720012266,53.565274876562086
5317,18.65701800292432,54.37802446614127
5318,3.975911039050681,51.36909447608267
5319,0.023033733436845984,49.65088802898345
5320,4.154545574196159,51.28691049538806
5321,7.429343118875985,53.95568088261163
5322,4.467361292065591,52.559926783048006
5323,4.906580713954504,52.44715103165358
5324,103.75505121053618,1.1887501691437168
5325,-0.0682636451444662,39.543264945070455
5326,-15.132341271785718,26.5968662620238
5327,29.46792745591155,40.712426040664816
5328,10.033595171066166,41.95270986494038
5329,-1.4235813973912135,50.90142522819727
5330,-74.48019775523963,16.35859599089724
5331,10.86069091787485,53.94371974789423
5332,-15.416054093964311,28.140148677582282
5333,2.427455034592581,51.890037824231
5334,4.118527756814444,51.29152409338405
5335,-81.30090447657018,30.45496202215851
5336,-122.4426421587378,47.31709908637828
5337,2.870932966481236,51.356988026102435
5338,134.8491788968449,34.70993060744196
5339,-9.697780685230075,37.76901838042713
5340,8.552286756035498,53.57707281534212
5341,5.531869109858108,52.75212328874811
5342,8.549330615916983,53.574013926594404
5343,15.427149409469672,38.60606363559589
5344,18.6552989415746,54.40617191693562
5345,12.050638786970751,54.43604421295753
5346,-9.232369977052493,38.40465737574132
5347,0.259440961024985,50.84675205533459
5348,139.29966706838758,34.855070794761694
5349,-12.348938958676353,36.284509628098
5350,23.913687613345893,59.667057757383446
5351,9.807153880951809,42.08845941032359
5352,4.383321708616289,53.160440714860236
5353,-122.03561027640853,34.139991777584385
5354,1.770076621561104,40.652819456532626
5355,-0.9967999346406762,36.550604909477464
5356,4.028301318722329,52.6198931467061
5357,-109.48255980096468,25.139287124188705
5358,17.793344212519724,56.206696489138594
5359,3.1891182985312216,51.34087862576056
5360,-4.797484405150596,36.55271656790196
5361,31.365530812896854,36.25018203520853
5362,-74.60029614136403,40.38758028818855
5363,5.430081540263085,43.37358857309339
5364,5.264844075713524,53.494645445272724
5365,31.660180569109944,35.9567731193717
5366,21.776688666959927,60.081208903434245
5367,5.012110709746461,53.01200336915257
5368,3.2397906065677144,51.3108391051717
5369,15.007416711514113,56.45482657411818
5370,9.415055681437895,54.13658581134292
5371,-122.44304987338447,47.34506786491647
5372,12.506889164841953,55.059064606021224
5373,106.76239933337521,10.639703959076686
5374,153.15831187145326,-27.3810720413557
5375,137.18489812627865,34.826756528627726
5376,2.415864495786025,51.60528274966967
5377,-8.566496942139478,33.78334855678142
5378,22.36611538277184,59.34412761637747
5379,8.564901573956314,53.57839406199987
5380,3.161766691388195,52.31168812001895
5381,23.9222946045833,59.6570316665009
5382,1.1194879900144301,50.9826153446176
5383,-14.390414046982189,29.577996421597152
5384,8.540834277034913,53.572709296998
5385,10.873290326744831,53.952105516271786
5386,-2.063610313504147,50.209421587679905
5387,31.02776209940412,37.052972100467684
5388,21.612008690295028,59.05229435515529
5389,12.570470820721612,39.55280803634471
5390,-0.9967999346406762,36.550604909477464
5391,173.12165423999994,-43.32341945
5392,-5.940472149796916,53.02681845932294
5393,27.206415299999982,-28.365910450000015
5394,15.450820386492103,38.68852875233177
5395,115.42017642117963,-31.87373650704494
5396,-14.671606964083377,28.17998742912197
5397,11.733630843852326,54.42357729022105
5398,147.76577732145105,-19.633421670383044
5399,5.262324775713524,53.493748645272724
5400,-15.097688596785712,26.639581795357135
5401,-10.144586653791483,32.84941124722944
5402,13.95095840268901,40.40446119075422
5403,-15.416054093964311,28.140148677582282
5404,-122.60004489126595,37.44997451458522
5405,118.40103536780776,-34.76522460805592
5406,55.39077021021023,25.374437926373165
5407,0.2338676121119415,50.81308647859546
5408,-81.30090447657018,30.45496202215851
5409,1.0388152602804366,53.4671536990798
5410,22.36611538277184,59.34412761637747
5411,29.283772328840058,40.84544922758102
5412,16.52643580001079,38.25270223898824
5413,-8.770281460162874,42.230119617306826
5414,1.179571368996767,50.99522130635941
5415,-80.80726439171971,31.12239801749614
5416,4.154545574196159,51.28691049538806
5417,-5.273990072896931,36.19562210564477
5418,12.708143153450226,54.730298132325615
5419,10.033788876294926,41.95359566518548
5420,-8.753491631069856,42.22922571861085
5421,4.118527756814444,51.29152409338405
5422,2.346689613662349,51.80413740353333
5423,-122.4426421587378,47.31709908637828
5424,-110.41868666313249,43.905790274207504
5425,5.534449059858107,52.75469923874812
5426,2.874249804259014,51.373533430546885
5427,116.08740484214462,6.041916074286587
5428,12.015614964748531,54.427285064809375
5429,8.552286756035498,53.57707281534212
5430,7.432949602209319,53.95666488261164
5431,-122.44304987338447,47.34506786491647
5432,153.15831187145326,-27.3810720413557
5433,29.46792745591155,40.712426040664816
5434,-93.93669971561249,29.86278487156774
5435,3.2415081180197594,51.31069317252357
5436,7.814390061412609,56.681433807846325
5437,174.98254142234262,-36.117160318346656
5438,-1.0436594512433972,50.727430999389256
5439,5.665429536172584,42.78012159708387
5440,3.2415081180197594,51.31069317252357
5441,11.660749203098568,57.99119314541716
5442,124.50380984508172,-33.093287241750865
5443,-3.5832364860136816,51.33607596698233
5444,-3.138820698881647,51.40805400892861
5445,-122.45491249264181,47.30272029561058
5446,-122.0348618764085,34.14069557758439
5447,-0.0682636451444662,39.543264945070455
5448,8.549330615916983,53.574013926594404
5449,115.67492166384447,-32.04390530676659
5450,3.681535502571929,52.250609361671906
5451,8.757163472910582,53.773489905647054
5452,6.1562213495833324,55.993674055833296
5453,-5.734456176805059,52.06157010265863
5454,-0.2500043769773348,39.39437873487348
5455,2.998287541680509,51.32032887021193
5456,2.998287541680509,51.32032887021193
5457,5.204690423412544,52.671219399849676
5458,7.164424852958367,53.33524826222499
5459,172.91624201912285,-43.45455289565295
5460,-4.797484405150596,36.55271656790196
5461,15.427617595898246,38.60196801488161
5462,10.196819273144234,41.67684026900922
5463,115.66459849405041,-31.93918511982185
5464,-74.89625469438128,38.86219008578075
5465,9.52368825918795,43.817671586523936
5466,-1.7897839342006983,50.74425717851577
5467,18.657023862073526,54.37802493310948
5468,8.040804735330084,39.9692536441342
5469,153.15634271096854,-27.372767117827397
5470,8.563531720012266,53.565274876562086
5471,-16.96667840338384,23.808184741854255
5472,-9.697780685230075,37.76901838042713
5473,3.975911039050681,51.36909447608267
5474,10.430961906533657,59.05973606740852
5475,12.570470820721612,39.55280803634471
5476,24.223890928781426,59.78750168772367
5477,0.02725528949745204,49.6571839974683
5478,4.093808132772052,51.32019726641368
5479,-109.46033804882701,25.159343361575853
5480,4.410006578263507,52.46224551256189
5481,134.84917465999897,34.70993218093718
5482,4.906580713954504,52.44715103165358
5483,2.414162145786025,51.60578506633634
5484,103.75505121053618,1.1887501691437168
5485,3.1909654323064247,51.341184296886055
5486,8.540834277034913,53.572709296998
5487,-67.5726584879046,17.674966332342088
5488,-8.499984516445034,33.79785741192032
5489,-12.340913774979663,36.12391560073352
5490,-14.366448119745588,29.63190632877787
5491,106.76239923882974,10.63970416634941
5492,31.024181299404123,37.051722900467695
5493,9.998454950507682,53.531600247651404
5494,14.549018803125,39.13675396458331
5495,4.008704520645406,52.61865754285995
5496,8.549330615916983,53.574013926594404
5497,1.8672513491801512,40.65926022129454
5498,137.18489812627865,34.826756528627726
5499,10.873290326744831,53.952105516271786
5500,12.521180496073638,55.07058820423066
5501,10.86069091787485,53.94371974789423
5502,139.29966706838758,34.855070794761694
5503,31.66107856910996,35.95474721937171
5504,-9.228118927528683,38.40916944145562
5505,9.805874694041973,42.08156580581814
5506,4.380272091949622,53.159298681526906
5507,31.365834812896864,36.24917323520855
5508,21.604265779183915,59.047924621821956
5509,-74.60029614136403,40.38758028818855
5510,23.923008640773777,59.652627675429486
5511,8.56268246705206,53.577990185574336
5512,1.0036963382497246,50.949870361088166
5513,5.012110709746461,53.01200336915257
5514,-74.47578625523961,16.34787869089724
5515,3.161766691388195,52.31168812001895
5516,5.429288740263086,43.374281973093396
5517,-1.42358114086412,50.90142537226129
5518,-2.093236418153492,50.19785079619279
5519,17.769047095853058,56.17976453913859
5520,18.655297734821882,54.40617296064127
5521,21.771393097205024,60.07846725254058
5522,3.2397906065677144,51.3108391051717
5523,1.8214412616195563,40.89303349858788
5524,9.331489329148809,54.1254218854333
5525,15.009546121501906,56.4554099224515
5526,-4.1277578660172916,49.00062459379071
5527,-15.069547861428573,26.672785751666655
5528,-0.7734676811379549,36.59362267008171
5529,22.36611538277184,59.34412761637747
5530,118.38742986780778,-34.769579808055916
5531,-5.941332129042949,53.02979363404516
5532,15.455292621548567,38.69462382004812
5533,4.093808132772052,51.32019726641368
5534,29.283772328840058,40.84544922758102
5535,24.118764071043334,59.73937846093795
5536,-80.80726439171971,31.12239801749614
5537,29.46792745591155,40.712426040664816
5538,13.95095820268901,40.404461490754215
5539,-81.30090447657018,30.45496202215851
5540,-122.60004489126595,37.44997451458522
5541,173.08680776000006,-43.33625429000001
5542,-8.770281460162874,42.230119617306826
5543,11.580793270210368,54.39269766167971
5544,147.76426162145103,-19.63749537038304
5545,-5.273990072896931,36.19562210564477
5546,-1.4235811581054991,50.9014250860544
5547,10.030095176294925,41.94626061518548
5548,-15.415089347053199,28.13996238289495
5549,2.3377382036623486,51.80233564353333
5550,-122.4426421587378,47.31709908637828
5551,4.118527756814444,51.29152409338405
5552,2.864336664562044,51.37090190135496
5553,116.08742091714461,6.041951844286587
5554,11.962569158930224,54.42142223143933
5555,8.552286756035498,53.57707281534212
5556,5.493322268667631,52.76586124731954
5557,-122.44304987338447,47.34506786491647
5558,153.15831187145326,-27.3810720413557
5559,-93.93669971561249,29.86278487156774
5560,7.818543320698324,56.68604703784632
5561,3.2415081180197594,51.31069317252357
5562,174.9825668223426,-36.117228318346655
5563,3.2415081180197594,51.31069317252357
5564,-1.0435511330615792,50.72733952060137
5565,5.696740036172582,42.76029539708388
5566,-122.45491249264181,47.30272029561058
5567,11.660749203098568,57.99119314541716
5568,124.50249335619282,-33.093538719528645
5569,-3.5832364860136816,51.33607596698233
5570,-3.138820698881647,51.40805400892861
5571,16.525960732895186,38.252802049695404
5572,8.549330615916983,53.574013926594404
5573,115.67492284384446,-32.04390619343325
5574,3.6881050663814534,52.25906932691
5575,8.757163472910582,53.773489905647054
5576,-5.726882846743731,52.05185879907639
5577,0.19262365157622718,50.80854225814904
5578,1.007407204258922,50.96626985069087
5579,2.998287541680509,51.32032887021193
5580,2.998287541680509,51.32032887021193
5581,5.060072320051201,52.63275740499674
5582,3.2397906065677144,51.3108391051717
5583,8.540834277034913,53.572709296998
5584,1.8667039491801511,40.65916962129454
5585,6.064605049583333,55.8790665558333
5586,7.164424852958367,53.33524826222499
5587,12.708143153450226,54.730298132325615
5588,-4.797484405150596,36.55271656790196
5589,10.1968207898109,41.67684145234255
5590,172.9160404905514,-43.45428942565295
5591,-109.44388579097676,25.1749243707422
5592,115.66459849405041,-31.93918511982185
5593,-74.95543068273076,38.817895059955475
5594,18.657023293613246,54.37802519487615
5595,14.533871403124998,39.14054393124997
5596,134.8491680415971,34.709936073707055
5597,12.570470820721612,39.55280803634471
5598,-1.789679341893006,50.74421877082345
5599,-8.753491631069856,42.22922571861085
5600,9.51657346133081,43.8233091579525
5601,153.15634271096854,-27.372767117827397
5602,9.998455135972804,53.53160442419215
5603,8.563531720012266,53.565274876562086
5604,4.154545574196159,51.28691049538806
5605,3.975911039050681,51.36909447608267
5606,10.444393372366996,59.03796441157523
5607,0.02513808949745204,49.66080265461116
5608,15.428877958063953,38.58618510382012
5609,3.1909654323064247,51.341184296886055
5610,4.971956599746461,52.989331489152576
5611,9.805874694041973,42.08156580581814
5612,-0.05912856946815476,39.54671065323324
5613,4.41000667409684,52.46224587279998
5614,4.906580713954504,52.44715103165358
5615,139.3167113906098,34.854045833650574
5616,21.602245479183917,59.04423402182195
5617,4.008704520645406,52.61865754285995
5618,8.037479885330082,39.970399924134206
5619,103.75505121053618,1.1887501691437168
5620,31.362376912896863,36.25172443520855
5621,31.66050076910996,35.95566401937171
5622,21.7677929848554,60.06770226532256
5623,-74.60029614136403,40.38758028818855
5624,-10.053327707188918,32.950428825306346
5625,-67.56915937361889,17.674923896627803
5626,137.18489812627865,34.826756528627726
5627,2.418971645786025,51.59574816633634
5628,23.92414377121029,59.65484833622313
5629,3.170862653109353,51.321471425708424
5630,-8.398106538407795,33.86957658678602
5631,1.0348717202568611,53.45990460800886
5632,-16.90655961026696,23.86719266023088
5633,9.331738249830646,54.12252492854343
5634,-12.376109403902666,36.04823760696299
5635,8.544755078706299,53.57707731009107
5636,1.0156377702525254,50.959699277474726
5637,106.76239963882976,10.639703466349413
5638,-14.341985093152076,29.73300871211511
5639,31.02130189940413,37.053360600467705
5640,17.841552373883356,56.11023953762345
5641,-0.24905719721543002,39.39629685503221
5642,3.161766691388195,52.31168812001895
5643,18.655298143191022,54.40617324825946
5644,7.483687921451743,53.96135888761164
5645,5.443211490263086,43.3705777455934
5646,5.391504295713523,53.53681796527273
5647,-2.135875247485632,50.18704470931653
5648,-74.47683277342144,16.347445336351786
5649,1.828950581619556,40.90289719858788
5650,10.873290326744831,53.952105516271786
5651,12.541384221923842,55.08691112915872
5652,-9.186702742528684,38.39019268645561
5653,8.549330615916983,53.574013926594404
5654,4.355310656711526,53.14552049081263
5655,15.009554935325436,56.455411521667195
5656,-9.692288885230075,37.76186768042713
5657,10.86069091787485,53.94371974789423
5658,6.035377449583333,55.839875655833296
5659,21.60856369029503,59.05096630515529
5660,8.540834277034913,53.572709296998
5661,173.12360469999996,-43.29571180000001
5662,-16.8644798931241,23.956069360707062
5663,-122.49148460113389,37.758170453410436
5664,55.390769671609945,25.37443384757087
5665,18.655297636847312,54.406172159450435
5666,-80.80726439171971,31.12239801749614
5667,14.439825503124993,39.19957293124998
5668,-0.7700745842191873,36.58768663299488
5669,-5.73491188505694,52.02898212450073
5670,-5.273990072896931,36.19562210564477
5671,9.998455037722875,53.53160231584674
5672,29.283772328840058,40.84544922758102
5673,0.1956507915762272,50.77839297814903
5674,18.65702161029413,54.37802738616742
5675,-1.7920609756694799,50.74457954708341
5676,-5.940701849796916,53.02769595932295
5677,3.975911039050681,51.36909447608267
5678,153.15634271096854,-27.372767117827397
5679,8.563531720012266,53.565274876562086
5680,0.027632666099785635,49.67432824244672
5681,10.445179482366987,59.028650224908496
5682,4.154545574196159,51.28691049538806
5683,4.386033037156967,52.45415794756989
5684,4.906580713954504,52.44715103165358
5685,103.75505121053618,1.1887501691437168
5686,29.46792745591155,40.712426040664816
5687,-1.4235813973912135,50.90142522819727
5688,10.035129101800301,41.9633330636586
5689,13.95095840268901,40.40446119075422
5690,-15.415089347053199,28.13996238289495
5691,2.2807296606745484,51.81633057027551
5692,4.118527756814444,51.29152409338405
5693,-81.30090447657018,30.45496202215851
5694,-122.4426421587378,47.31709908637828
5695,116.08740798445389,6.041935804426738
5696,5.517379449203346,52.77603384749811
5697,8.552286756035498,53.57707281534212
5698,11.943158406101556,54.40575606409674
5699,-115.87777822478712,24.861728783297846
5700,-9.689850822424308,37.756841098336025
5701,-74.48423628857294,16.36127606708771
5702,-122.44304987338447,47.34506786491647
5703,118.40022526780774,-34.76522710805592
5704,153.15831187145326,-27.3810720413557
5705,-93.93669899675172,29.86278453846527
5706,22.41876406375224,59.365317321279434
5707,15.47153947055493,38.472597538517036
5708,3.2415081180197594,51.31069317252357
5709,7.908607332789721,56.72393965017569
5710,5.661473336172581,42.786760897083866
5711,174.98237869171393,-36.11410083427761
5712,3.2415081180197594,51.31069317252357
5713,-1.042378542035938,50.72721073855009
5714,124.50484137524045,-33.09294225214769
5715,2.8753353220367917,51.3616547927691
5716,-122.45491249264181,47.30272029561058
5717,11.660749203098568,57.99119314541716
5718,-3.6008353215774647,51.32807010568711
5719,-3.138820698881647,51.40805400892861
5720,16.52417412523596,38.25212080263617
5721,-0.0682636451444662,39.543264945070455
5722,8.549330615916983,53.574013926594404
5723,5.012110709746461,53.01200336915257
5724,115.67477934168053,-32.04389711130863
5725,0.5527106420247013,50.91322246819416
5726,-8.770248560162873,42.23012917444969
5727,3.6738360330481203,52.24055616024333
5728,137.20642571941974,34.83039940716034
5729,8.757163472910582,53.773489905647054
5730,15.689440926071548,55.68678197768288
5731,2.998287541680509,51.32032887021193
5732,2.998287541680509,51.32032887021193
5733,12.603966702428929,39.55084826073495
5734,147.79944302145103,-19.657066870383044
5735,5.064194617194057,52.65211198035387
5736,1.7941964715611036,40.67186793153263
5737,134.8491792936398,34.70992975936504
5738,7.164424852958367,53.33524826222499
5739,-109.84669668164554,24.816189599443778
5740,-15.016553356547622,26.74790814511904
5741,9.805874694041973,42.08156580581814
5742,172.9164345084612,-43.45447338997374
5743,-4.797484405150596,36.55271656790196
5744,-9.949380578855585,33.03031923363969
5745,3.1921450358413184,51.341418416046345
5746,-12.876725249151566,31.18235869375565
5747,23.92914519347219,59.65977498316757
5748,4.008704520645406,52.61865754285995
5749,10.196819573144234,41.676839569009225
5750,139.3167113906098,34.854045833650574
5751,-8.299781170879847,33.94779488331601
5752,8.031505785330083,39.970363907467544
5753,106.76240426930889,10.639705037270268
5754,8.549330615916983,53.574013926594404
5755,-12.395660640826845,35.988001207045436
5756,-14.307259384569868,29.8290087833882
5757,-0.24738518761225542,39.3963299852703
5758,31.384932512896853,36.216144535208535
5759,-74.9437564454838,38.813975787080985
5760,31.685123369109945,35.9138269193717
5761,-67.58112238790459,17.673145832342087
5762,-8.753491631069856,42.22922571861085
5763,24.21396711687667,59.78268886927129
5764,115.66461541403498,-31.939122971058303
5765,-9.208073517803843,38.406109959167416
5766,9.513800456965727,43.82423736874616
5767,4.374022719525379,53.155133780314785
5768,-74.60029614136403,40.38758028818855
5769,2.3019880385940765,51.60077309615469
5770,4.093808132772052,51.32019726641368
5771,3.170862653109353,51.321471425708424
5772,8.547389279718725,53.57699090490767
5773,0.8383958900144303,50.9155450446176
5774,1.0336151362709198,53.43212402895307
5775,3.161766691388195,52.31168812001895
5776,6.923056426913167,53.69999426233751
5777,5.430081540263085,43.37358857309339
5778,10.873290326744831,53.952105516271786
5779,31.04067129940412,37.02963180046768
5780,9.236893901039098,54.10907427356103
5781,17.641041543022546,56.330765481904564
5782,11.59330172741191,54.42736161482132
5783,5.376967727357599,53.527593975797544
5784,21.748351992205027,60.066699377796986
5785,12.529558251748405,55.084342964246446
5786,-2.1358768448736916,50.18743101174191
5787,3.2397906065677144,51.3108391051717
5788,15.007361312613016,56.45480397411818
5789,1.7968552616195563,40.87447389858789
5790,10.86069091787485,53.94371974789423
5791,10.035129101800301,41.9633330636586
5792,2.295094062123488,51.60110676086057
5793,-5.9403728497969155,53.02721845932294
5794,-122.59266094277349,37.37757434480889
5795,22.4459548304189,59.3715927879461
5796,15.490667218067369,38.452367916709406
5797,4.154545574196159,51.28691049538806
5798,0.9100679297343559,53.155920744568384
5799,134.84917570999897,34.70993208093718
5800,4.118527756814444,51.29152409338405
5801,-81.30090447657018,30.45496202215851
5802,-122.4426421587378,47.31709908637828
5803,6.69246755952381,55.71295689714284
5804,-117.0154183853219,40.231588161124904
5805,29.46792745591155,40.712426040664816
5806,173.13046472666664,-43.26875372333334
5807,9.805874694041973,42.08156580581814
5808,-5.273990072896931,36.19562210564477
5809,-0.0682636451444662,39.543264945070455
5810,2.998287541680509,51.32032887021193
5811,2.998287541680509,51.32032887021193
5812,-5.734645949662203,52.05355414765862
5813,5.102856595324193,52.67249363924614
5814,7.164424852958367,53.33524826222499
5815,-14.572312485265734,28.388026795541847
5816,-4.797484405150596,36.55271656790196
5817,172.91305401359904,-43.45571974498628
5818,23.93130502966267,59.65714459209614
5819,10.196819173144233,41.67684026900922
5820,55.39076981716549,25.374435856181975
5821,115.66461541403498,-31.939122971058303
5822,9.51932585918795,43.81971528652393
5823,-74.96567224533717,38.788579668982955
5824,-1.7920609756694799,50.74457954708341
5825,18.65702514275262,54.378027599820754
5826,10.440848233200322,59.023404677408514
5827,153.15634271096854,-27.372767117827397
5828,8.563531720012266,53.565274876562086
5829,3.975911039050681,51.36909447608267
5830,0.028033672160391696,49.67448039093156
5831,4.386032503823634,52.454158136458794
5832,4.906580713954504,52.44715103165358
5833,103.75505121053618,1.1887501691437168
5834,147.79748672145104,-19.66020567038304
5835,2.8783208042590136,51.37261323054688
5836,-1.42358114086412,50.90142537226129
5837,-15.415646154530778,28.14044107680047
5838,-9.686354325627343,37.752556970949364
5839,2.2781654073412154,51.81507988360885
5840,116.08740151778724,6.041934337760071
5841,11.90300156872782,54.3969275159486
5842,5.513703949203344,52.78077962249811
5843,15.689440926071548,55.68678197768288
5844,8.552286756035498,53.57707281534212
5845,-74.42140388857295,16.298219767087716
5846,-122.44304987338447,47.34506786491647
5847,153.15831187145326,-27.3810720413557
5848,-109.82490529649849,24.827654738030052
5849,-93.93669899675172,29.86278453846527
5850,0.6010108822491833,39.50725486003302
5851,29.283772328840058,40.84544922758102
5852,3.2415081180197594,51.31069317252357
5853,7.908607332789721,56.72393965017569
5854,174.98254142234262,-36.117160318346656
5855,118.38698866780777,-34.768532608055914
5856,5.655741936172582,42.780413797083874
5857,3.2415081180197594,51.31069317252357
5858,-1.0293208535743994,50.72793923745119
5859,9.998455399283948,53.53160145148831
5860,0.1495602851347856,50.773875407248134
5861,21.60698857918392,59.04620872182195
5862,-9.202482568280033,38.411911124881705
5863,11.660749203098568,57.99119314541716
5864,-122.45491249264181,47.30272029561058
5865,-4.149591969254858,48.964606905687404
5866,124.50183983079602,-33.09412024103658
5867,-3.138820698881647,51.40805400892861
5868,-3.6118410697882486,51.31405426093221
5869,16.523818292098706,38.252144944204794
5870,-115.89739202478715,24.879272383297845
5871,12.708143153450226,54.730298132325615
5872,4.093808132772052,51.32019726641368
5873,24.215547116876664,59.78374906927129
5874,115.67478123046841,-32.043896782066206
5875,6.558899537689858,53.47746984020473
5876,-9.893929843357746,33.09200656188644
5877,-122.05662474700051,34.161642831625585
5878,-14.992714755039678,26.77373976480159
5879,-12.402001816269147,35.92395751425988
5880,-14.291764157844991,29.899315074719826
5881,31.386427112896854,36.213582435208544
5882,3.6738360330481203,52.24055616024333
5883,9.522324312909086,41.55488638701013
5884,31.687340569109953,35.910229619371705
5885,-8.770248560162873,42.23012917444969
5886,-67.57268068790461,17.67498383234209
5887,5.012110709746461,53.01200336915257
5888,-70.22441833730947,25.378710478064377
5889,0.48481798026356643,50.97167424138496
5890,137.20642571941974,34.83039940716034
5891,139.3167113906098,34.854045833650574
5892,3.1921183786708927,51.341452134204935
5893,-74.60029614136403,40.38758028818855
5894,-8.753491631069856,42.22922571861085
5895,8.757163472910582,53.773489905647054
5896,8.549330615916983,53.574013926594404
5897,106.76240476930889,10.639704437270268
5898,4.348558912382522,53.14556325293384
5899,-0.7871893746358541,36.5865357615134
5900,3.170862653109353,51.321471425708424
5901,-8.257505428923327,33.98724925766359
5902,5.502399615267997,43.38178447182868
5903,8.564846713661918,53.57821083639473
5904,0.8657061382497244,50.9152201610882
5905,1.0940353929654594,53.38637636868118
5906,5.374448427357598,53.526697175797544
5907,-2.1499602233159574,50.18006851813624
5908,31.038524599404116,37.02643680046769
5909,18.188894242070162,56.91416824634903
5910,-0.23957690427892214,39.396331093603635
5911,3.161766691388195,52.31168812001895
5912,11.50680826500866,54.379249541246764
5913,4.008704520645406,52.61865754285995
5914,1.8912983991801513,40.678235696294536
5915,8.026157945330086,39.97160221746754
5916,12.603966702428929,39.55084826073495
5917,21.758007074705024,60.06861015254059
5918,3.2397906065677144,51.3108391051717
5919,10.86069091787485,53.94371974789423
5920,15.009488721501906,56.45538782245149
5921,1.8214412616195563,40.89303349858788
5922,9.187911788303472,54.10117687392881
5923,10.873290326744831,53.952105516271786
5924,12.529558251748405,55.084342964246446
5925,8.549330615916983,53.574013926594404
5926,8.540834277034913,53.572709296998
5927,55.39076985466549,25.374436143681972
5928,9.805874694041973,42.08156580581814
5929,-9.686354325627343,37.752556970949364
5930,-81.30090447657018,30.45496202215851
5931,22.4459548304189,59.3715927879461
5932,-80.81009460859701,31.120812712494608
5933,13.95095820268901,40.404461490754215
5934,8.023540495330085,39.97230146746754
5935,4.386032599656967,52.454158496696884
5936,134.84917024239397,34.709938337701885
5937,9.522324312909086,41.55488638701013
5938,6.665979466666669,55.67927583999998
5939,29.283772328840058,40.84544922758102
5940,16.52475429564037,38.25193495232979
5941,-4.797484405150596,36.55271656790196
5942,172.90871631359903,-43.45699114498629
5943,23.922854621329336,59.65302530876281
5944,10.1968208898109,41.67684105234255
5945,115.66461225986832,-31.939113055617128
5946,-74.96567224533717,38.788579668982955
5947,-1.7919563833617875,50.7445411393911
5948,9.512179366330809,43.8254895079525
5949,18.657025820036658,54.3780273205112
5950,-5.941218129042948,53.029600534045166
5951,-5.273990072896931,36.19562210564477
5952,153.15634271096854,-27.372767117827397
5953,8.563531720012266,53.565274876562086
5954,0.025916472160391692,49.67809904807443
5955,10.443248533200324,59.009324177408516
5956,4.154545574196159,51.28691049538806
5957,3.975911039050681,51.36909447608267
5958,4.906580713954504,52.44715103165358
5959,103.75505121053618,1.1887501691437168
5960,2.870288864562044,51.37106310135496
5961,-1.42358114086412,50.90142537226129
5962,10.030666701800302,41.951930846991935
5963,-15.415890372971743,28.140339992279923
5964,-74.4005193957158,16.27629163137343
5965,2.2781653073412156,51.81507968360884
5966,-122.4426421587378,47.31709908637828
5967,4.118527756814444,51.29152409338405
5968,-122.59266094277349,37.37757434480889
5969,116.08741671778724,6.041971287760072
5970,5.5089602063462015,52.78158295106954
5971,8.552286756035498,53.57707281534212
5972,-0.7342233681423476,36.6146124025307
5973,11.867328892576175,54.39083011791186
5974,-115.88985722478714,24.879559783297847
5975,118.38742986780778,-34.769579808055916
5976,-122.44304987338447,47.34506786491647
5977,153.15831187145326,-27.3810720413557
5978,-93.93669899675172,29.86278453846527
5979,-109.80565857676146,24.845878591377918
5980,15.702091976071546,55.69529752768289
5981,-12.899737527539724,31.14496097221534
5982,-14.9964273663492,26.78132484396825
5983,0.8837139334878193,50.91675670394534
5984,7.908607332789721,56.72393965017569
5985,-16.746580859235486,24.294128664590676
5986,-122.05661274700051,34.16170123162558
5987,3.2415081180197594,51.31069317252357
5988,174.9825668223426,-36.117228318346655
5989,29.46792745591155,40.712426040664816
5990,5.6367396236725815,42.75561675149564
5991,3.2415081180197594,51.31069317252357
5992,2.2999035621234882,51.59106986086057
5993,173.18510396000002,-43.19564109000001
5994,-1.0293208535743994,50.72793923745119
5995,124.502475530796,-33.093532241036584
5996,11.660749203098568,57.99119314541716
5997,21.602245479183917,59.04423402182195
5998,-3.138820698881647,51.40805400892861
5999,-3.587339856454915,51.320316470932205
6000,-122.45491249264181,47.30272029561058
6001,9.998454363033348,53.53160431141315
6002,-0.0682636451444662,39.543264945070455
6003,24.215547116876664,59.78374906927129
6004,6.4306370231545635,53.45184139277554
6005,-117.04822977017037,40.19530079445822
6006,115.6747782304684,-32.04389674873287
6007,-8.770248560162873,42.23012917444969
6008,3.6738360330481203,52.24055616024333
6009,21.763528012250813,60.066964209317156
6010,9.192693654970139,54.10071113605002
6011,8.757163472910582,53.773489905647054
6012,-12.403702362203491,35.88807608107085
6013,-14.285629966107056,29.933139201298896
6014,-5.731229197378652,52.04502411907639
6015,12.603966702428929,39.55084826073495
6016,2.998287541680509,51.32032887021193
6017,2.998287541680509,51.32032887021193
6018,-9.188857786137177,38.424141114167426
6019,4.093808132772052,51.32019726641368
6020,-8.753491631069856,42.22922571861085
6021,-70.22441701230947,25.37870762806438
6022,-4.156902102588191,48.969471205687405
6023,4.9595966742150726,52.98438181475999
6024,11.497157411437227,54.37162005553248
6025,-67.57268134861889,17.6749832966278
6026,137.20642571941974,34.83039940716034
6027,106.76240476930889,10.639704437270268
6028,8.549330615916983,53.574013926594404
6029,-9.80419860169108,33.16671907021978
6030,7.164424852958367,53.33524826222499
6031,147.83652502145102,-19.70029847038304
6032,31.035645199404115,37.0280745004677
6033,4.337199777144426,53.13907378055289
6034,-74.60029614136403,40.38758028818855
6035,139.3167113906098,34.854045833650574
6036,5.139189308740341,52.69251831162709
6037,1.1042465978372982,53.366961095515805
6038,3.170862653109353,51.321471425708424
6039,-8.221886618475997,34.022706409885814
6040,5.502399615267997,43.38178447182868
6041,8.564973203299601,53.57834175849617
6042,0.6015207152650561,39.50764698241397
6043,0.15068475295975345,50.77425920814903
6044,18.36157476998197,57.23604113887626
6045,4.008704520645406,52.61865754285995
6046,1.8908237991801513,40.67821809629454
6047,10.86069091787485,53.94371974789423
6048,-0.238879351183684,39.396215810984586
6049,3.161766691388195,52.31168812001895
6050,5.375630627357598,53.52708057579755
6051,12.54319101841507,55.08975949757978
6052,-2.1499602233159574,50.18006851813624
6053,3.2397906065677144,51.3108391051717
6054,15.00949607650191,56.45538911578484
6055,1.8252033616195562,40.89844689858788
6056,3.1921183786708927,51.341452134204935
6057,31.383547712896853,36.21522013520855
6058,10.873290326744831,53.952105516271786
6059,8.549330615916983,53.574013926594404
6060,31.68676286910995,35.911141119371706
6061,12.708143153450226,54.730298132325615
6062,6.673337191666669,55.68187906499998
6063,-115.90555002478715,24.896666283297847
6064,-122.0604984470005,34.16324143162558
6065,-12.922000360873062,31.113528038882
6066,-69.88205108263936,25.300614589314556
6067,-75.1417226064967,38.81394022584687
6068,15.559487470809497,38.40459144179568
6069,-9.656355600103783,33.31431966507325
6070,-81.30090447657018,30.45496202215851
6071,-1.008579876669493,50.73084469413765
6072,9.583850979403579,41.57599857583709
6073,9.998448154067718,53.53160773876013
6074,0.35307726857113847,50.98170003043395
6075,24.175461627987776,59.77130407760462
6076,4.154545574196159,51.28691049538806
6077,13.95095840268901,40.40446119075422
6078,-14.936871808333326,26.839933969523813
6079,-0.12831644555873342,37.190357734013666
6080,29.46792745591155,40.712426040664816
6081,124.50483231666902,-33.09292817595722
6082,11.660749203098568,57.99119314541716
6083,-3.1496209773626602,51.407349172219746
6084,-3.584700641529313,51.30894062097055
6085,-122.45491249264181,47.30272029561058
6086,16.52417412523596,38.25212080263617
6087,115.67478292380174,-32.04389260706621
6088,3.776675013276225,52.32583705492846
6089,-0.0682636451444662,39.543264945070455
6090,-8.770248685162874,42.230129052897965
6091,8.757163472910582,53.773489905647054
6092,2.998287541680509,51.32032887021193
6093,2.998287541680509,51.32032887021193
6094,-5.736961818390274,52.01535479116739
6095,7.164424852958367,53.33524826222499
6096,5.186141886835579,52.71464520781757
6097,-4.797484405150596,36.55271656790196
6098,172.90172342096125,-43.458992761169405
6099,10.196571073144234,41.67671626900922
6100,23.924072293472197,59.66258878316756
6101,115.66455774021355,-31.93910885802635
6102,-116.895535548777,39.58678030478864
6103,18.657027575512462,54.37802241794617
6104,-1.7920609756694799,50.74457954708341
6105,-5.9357793721291365,53.011057121247205
6106,-74.96567224533717,38.788579668982955
6107,9.52651360768001,43.818067069936625
6108,153.15634271096854,-27.372767117827397
6109,3.975911039050681,51.36909447608267
6110,8.563531720012266,53.565274876562086
6111,-4.108299619046349,48.984135408877904
6112,0.026344724335079756,49.674450050682005
6113,4.906580713954504,52.44715103165358
6114,4.3860332454903,52.45415816423656
6115,103.75505121053618,1.1887501691437168
6116,2.8753353220367917,51.3616547927691
6117,-5.273990072896931,36.19562210564477
6118,-1.4235829372766262,50.90142329299429
6119,10.043177992709394,41.94806027011794
6120,0.14785579402890053,50.74451348679014
6121,-74.41890459571582,16.30315318137343
6122,-15.416534650217029,28.140639416316223
6123,-16.720113626082252,24.358068598458207
6124,2.2647146563599803,51.813394076700305
6125,4.118527756814444,51.29152409338405
6126,-9.686354325627343,37.752556970949364
6127,-122.4426421587378,47.31709908637828
6128,116.08740955112056,6.041932696093405
6129,5.515498876230373,52.772336420471085
6130,8.552286756035498,53.57707281534212
6131,0.6056319757406918,39.51286496581225
6132,-0.6831175153663736,36.687735775425736
6133,22.473992114418902,59.3776168479461
6134,147.87037810676847,-19.71275680550209
6135,-122.44304987338447,47.34506786491647
6136,3.1928192433359515,51.34154750059026
6137,153.15831187145326,-27.3810720413557
6138,-9.173873018756222,38.5350067396436
6139,-109.93406799383237,24.73108080077628
6140,-93.93669873310635,29.862784935531646
6141,-74.60029614136403,40.38758028818855
6142,29.283772328840058,40.84544922758102
6143,118.40022526780774,-34.76522710805592
6144,12.603966702428929,39.55084826073495
6145,3.2415081180197594,51.31069317252357
6146,175.05823144831373,-36.15542883535322
6147,7.9180809858200245,56.71408023179906
6148,15.594903981230278,55.65877540307971
6149,3.2397906065677144,51.3108391051717
6150,9.151809505240147,54.09274130816541
6151,3.2415081180197594,51.31069317252357
6152,-67.58113521079835,17.673143162012412
6153,11.48181438018723,54.36609772428248
6154,0.93998439001443,50.921681844617616
6155,4.961590959663067,52.99773453430103
6156,5.632471423672581,42.765982251495636
6157,-12.477765977723248,35.803059682025726
6158,-8.753491631069856,42.22922571861085
6159,4.364527952858713,53.15145953031479
6160,4.182875852636663,52.35288294414177
6161,8.549330615916983,53.574013926594404
6162,5.503192415267996,43.38109107182868
6163,5.361059607357598,53.55619009579755
6164,21.784389211056915,60.05172410049984
6165,31.041893799404114,37.028665800467685
6166,1.1647526593834625,53.330314867957924
6167,15.007366344925936,56.45480515813179
6168,12.528532569772583,55.08270330809481
6169,10.444651899942746,58.97303338460547
6170,139.3167113906098,34.854045833650574
6171,-8.0846531017967,34.164567494487734
6172,4.008704520645406,52.61865754285995
6173,1.7916823064095886,40.6683657103205
6174,2.223878373335609,51.6016370541939
6175,12.708143153450226,54.730298132325615
6176,173.19281390999996,-43.19224799000001
6177,10.86069091787485,53.94371974789423
6178,4.093808132772052,51.32019726641368
6179,3.170862653109353,51.321471425708424
6180,21.60723349029503,59.05049040515529
6181,11.79883164208148,54.37848565045822
6182,8.564864140000955,53.578232529999575
6183,31.387685412896854,36.212689035208534
6184,137.21086634164197,34.82781897382701
6185,10.873290326744831,53.952105516271786
6186,-14.272350098139922,30.022810988731592
6187,8.549330615916983,53.574013926594404
6188,18.602478454875122,57.50188958103435
6189,-0.23338748826701733,39.394780326956806
6190,3.161766691388195,52.31168812001895
6191,31.68964906910995,35.9130898193717
6192,-2.1499602233159574,50.18006851813624
6193,106.76240426930889,10.639705037270268
6194,1.7968552616195563,40.87447389858789
6195,21.784389211056915,60.05172410049984
6196,-4.101430019046349,48.9910822088779
6197,-16.719532926082252,24.35883789845821
6198,-0.1386550455587334,37.192350679468205
6199,15.596255642548627,38.38736287186814
6200,-9.163837888756222,38.559294989643604
6201,-5.940358149796916,53.02662535932294
6202,24.175461627987776,59.77130407760462
6203,-122.59360186211273,37.37693982093169
6204,-1.0172844083764436,36.706752708697685
6205,-5.273990072896931,36.19562210564477
6206,22.464802530208377,59.37345717426189
6207,0.3286974563668645,50.977088032365394
6208,-122.05278890033387,34.15802303829224
6209,29.283772328840058,40.84544922758102
6210,-14.889865812520885,26.93282776735171
6211,3.2415081180197594,51.31069317252357
6212,11.660749203098568,57.99119314541716
6213,124.504202341669,-33.093198484290546
6214,-122.45491249264181,47.30272029561058
6215,-3.138820698881647,51.40805400892861
6216,-3.5807687129001056,51.307907159970995
6217,16.525229492098706,38.25183514420479
6218,115.67477056935732,-32.04389362484399
6219,3.681556747609375,52.25165245639636
6220,-8.770248560162873,42.23012917444969
6221,8.757163472910582,53.773489905647054
6222,-5.736695882995536,52.03992681432529
6223,5.183822858740342,52.71621724496042
6224,7.164424852958367,53.33524826222499
6225,-4.797484405150596,36.55271656790196
6226,172.90005943465167,-43.45971059235471
6227,23.927297826805525,59.66239614983422
6228,10.196570273144232,41.67671696900922
6229,115.66455774021355,-31.93910885802635
6230,-74.96567224533717,38.788579668982955
6231,-1.7920609756694799,50.74457954708341
6232,18.657027281859495,54.3780219975344
6233,9.533643219902235,43.812523441881076
6234,153.15634271096854,-27.372767117827397
6235,8.563531720012266,53.565274876562086
6236,3.975911039050681,51.36909447608267
6237,4.154545574196159,51.28691049538806
6238,0.026745730395685813,49.674602199166856
6239,4.906580713954504,52.44715103165358
6240,4.412521559230351,52.43590227062367
6241,103.75505121053618,1.1887501691437168
6242,-0.06825435943018049,39.54326104507045
6243,118.39334306780776,-34.765292808055904
6244,-1.42358114086412,50.90142537226129
6245,10.042409292709392,41.94399310345127
6246,13.95095840268901,40.40446119075422
6247,-15.454806479355359,28.153438206732407
6248,4.118527756814444,51.29152409338405
6249,-81.30090447657018,30.45496202215851
6250,2.2542580789862425,51.81069263973061
6251,-122.4426421587378,47.31709908637828
6252,12.603966702428929,39.55084826073495
6253,5.519959399203345,52.77860979749811
6254,116.08740231778724,6.041935737760071
6255,8.552286756035498,53.57707281534212
6256,-14.510261843037233,28.473602100434128
6257,4.093808132772052,51.32019726641368
6258,-122.44304987338447,47.34506786491647
6259,153.15831187145326,-27.3810720413557
6260,-109.91139393013879,24.74377905204556
6261,3.5641767265514335,51.84874450234309
6262,-14.256563856196403,30.063948998567348
6263,147.86796545676847,-19.74276100550209
6264,-93.93669873310635,29.862784935531646
6265,-67.57348618579836,17.674499362012416
6266,8.549330615916983,53.574013926594404
6267,3.2415081180197594,51.31069317252357
6268,-75.1416346064967,38.81465222584687
6269,7.945110351533471,56.733795731325536
6270,21.604106479183915,59.047908121821955
6271,175.59601563310807,-36.40378720450535
6272,-74.40050089571581,16.27630303137343
6273,3.2397906065677144,51.3108391051717
6274,31.690629319109952,35.911163519371705
6275,11.472417150187228,54.36446192428248
6276,4.929617988829734,52.97726703013437
6277,5.626018223672581,42.76496965149564
6278,10.873290326744831,53.952105516271786
6279,4.364598545715854,53.15104457793384
6280,0.9100679297343559,53.155920744568384
6281,29.46792745591155,40.712426040664816
6282,8.549330615916983,53.574013926594404
6283,2.8783208042590136,51.37261323054688
6284,-2.1499602233159574,50.18006851813624
6285,1.173585682885905,53.29523122010785
6286,10.86069091787485,53.94371974789423
6287,-74.60029614136403,40.38758028818855
6288,0.1455899940903227,50.74424012999827
6289,18.438488088208466,57.4280412643677
6290,-0.2376101066003507,39.39601285140125
6291,3.161766691388195,52.31168812001895
6292,15.411074556642209,55.566420839958134
6293,5.379792572736658,53.530153134795874
6294,106.76240436930888,10.63970513727027
6295,31.038524599404116,37.02643680046769
6296,15.009494321501903,56.4553888224515
6297,-9.657835446432312,37.70982365891396
6298,1.7966772616195563,40.874226398587886
6299,12.5312435233378,55.08744519539915
6300,-1.0201445496061452,50.72829321205437
6301,10.446428524109415,58.964047397105475
6302,12.708143153450226,54.730298132325615
6303,0.6061524431649342,39.509204043842544
6304,4.008704520645406,52.61865754285995
6305,5.502399615267997,43.38178447182868
6306,-9.467790178913443,33.50296856654283
6307,2.156153080247603,51.595938770276454
6308,139.3167113906098,34.854045833650574
6309,9.151418150752967,54.0925992795024
6310,3.1928192433359515,51.34154750059026
6311,-8.0024980816113,34.24233931669808
6312,1.8913711991801514,40.678308696294536
6313,173.29376077666663,-43.07258662333336
6314,-8.753491631069856,42.22922571861085
6315,3.170862653109353,51.321471425708424
6316,31.387531112896855,36.211703735208545
6317,11.674447472822278,54.42666947586772
6318,2.998287541680509,51.32032887021193
6319,2.998287541680509,51.32032887021193
6320,8.564864140000955,53.578232529999575
6321,0.9329243782497243,50.91348912108821
6322,137.21086634164197,34.82781897382701
6323,-12.507979605101143,35.68201838930567
6324,9.146932512803328,54.09040476217081
6325,-9.475353037246775,33.501635949876174
6326,0.13962042888335183,37.25901290845145
6327,29.46792745591155,40.712426040664816
6328,3.2415081180197594,51.31069317252357
6329,173.39330571000005,-42.94073669000003
6330,-4.118526595056987,48.98417751956939
6331,-5.273990072896931,36.19562210564477
6332,-5.737436830711987,52.03023878574305
6333,10.038715592709393,41.93665805345127
6334,-81.30090447657018,30.45496202215851
6335,24.020537035291248,59.71163748084771
6336,-0.06825435943018049,39.54326104507045
6337,-69.99220638263937,25.22016047264789
6338,16.524754424983097,38.251934954911945
6339,115.67476400420578,-32.04389222378338
6340,-8.770248560162873,42.23012917444969
6341,3.681556747609375,52.25165245639636
6342,8.757163472910582,53.773489905647054
6343,4.093808132772052,51.32019726641368
6344,5.401869439216531,52.82830897115091
6345,8.565073560511651,53.57844618797404
6346,7.164424852958367,53.33524826222499
6347,172.90052241359908,-43.4593788449863
6348,-4.797484405150596,36.55271656790196
6349,10.1965697898109,41.67671745234256
6350,23.94402829343251,59.66786851955645
6351,2.998287541680509,51.32032887021193
6352,2.998287541680509,51.32032887021193
6353,115.6645549735469,-31.939111005085177
6354,55.38570811720936,25.368460151021154
6355,-74.96567224533717,38.788579668982955
6356,18.65702783651774,54.378024080221394
6357,-1.7919563833617875,50.7445411393911
6358,-5.941218129042948,53.029600534045166
6359,9.605056310634525,43.744449514484224
6360,3.975911039050681,51.36909447608267
6361,8.563531720012266,53.565274876562086
6362,4.154545574196159,51.28691049538806
6363,-8.167930400916704,43.702866065373684
6364,0.02356103039568581,49.67842925630972
6365,1.8252033616195562,40.89844689858788
6366,4.906580713954504,52.44715103165358
6367,4.412521988397017,52.435902753083994
6368,103.75505121053618,1.1887501691437168
6369,31.035645199404115,37.0280745004677
6370,2.8692922312287106,51.38025650135497
6371,-1.4235811581054991,50.9014250860544
6372,13.950430747824223,40.404632407811725
6373,-15.441000752423301,28.15155198099953
6374,2.2500248123195763,51.809927756397286
6375,4.118527756814444,51.29152409338405
6376,9.587705360829604,41.577265840293414
6377,-122.4426421587378,47.31709908637828
6378,5.506140781346203,52.78014362606954
6379,116.08742171778722,6.041968887760072
6380,5.511201989934663,43.388997081162
6381,8.552286756035498,53.57707281534212
6382,-14.857879569782792,27.043572511994554
6383,-74.60029614136403,40.38758028818855
6384,-122.44304987338447,47.34506786491647
6385,22.481111603077842,59.33203797427832
6386,153.15831187145326,-27.3810720413557
6387,-109.89659012441489,24.756016304984232
6388,29.283772328840058,40.84544922758102
6389,-93.93669873310635,29.862784935531646
6390,-74.40164711389764,16.276234176827973
6391,3.2415081180197594,51.31069317252357
6392,0.06903078527358422,50.73356751599688
6393,-122.05334120033385,34.157905938292245
6394,175.65439590310805,-36.455703389505345
6395,-44.534111644237974,-23.59313286669426
6396,-14.246424732981591,30.076107664143592
6397,5.657328723672581,42.74514345149564
6398,-1.0201445496061452,50.72829321205437
6399,-75.1416346064967,38.81465222584687
6400,12.603966702428929,39.55084826073495
6401,139.5050555148485,34.98413353417006
6402,4.008704520645406,52.61865754285995
6403,3.194772951832943,51.342003787082994
6404,21.602245479183917,59.04423402182195
6405,153.15634271096854,-27.372767117827397
6406,18.655317590087467,54.41088175066747
6407,147.8700298778211,-19.745173466028405
6408,31.690132819109955,35.91193671937171
6409,10.86069091787485,53.94371974789423
6410,11.491112591437227,54.37374262553248
6411,31.384651712896854,36.21334143520855
6412,-2.2011666493149296,50.16686673952902
6413,106.76240476930889,10.639704437270268
6414,15.009500053103212,56.4553884959529
6415,12.708143153450226,54.730298132325615
6416,-67.57291668579836,17.67486396201242
6417,12.544876290004467,55.09286172873249
6418,7.950867995768928,56.73846863895006
6419,8.549330615916983,53.574013926594404
6420,2.1609625802476033,51.58590187027646
6421,11.660749203098568,57.99119314541716
6422,124.50247388333565,-33.093524375957216
6423,11.775747722203526,54.51393263828637
6424,-122.45491249264181,47.30272029561058
6425,4.30355491047776,53.15355503570442
6426,0.9111710815324823,53.155154084611624
6427,0.9347341334878194,50.910380603945335
6428,1.3387880703855166,53.15443276136632
6429,18.414968891410545,57.4165378317334
6430,-8.753491631069856,42.22922571861085
6431,-12.530317944933255,35.6197132835975
6432,3.170862653109353,51.321471425708424
6433,8.549330615916983,53.574013926594404
6434,137.21086634164197,34.82781897382701
6435,4.920372307323101,52.971307297528476
6436,-3.138820698881647,51.40805400892861
6437,5.380974772736657,53.53053653479587
6438,10.873290326744831,53.952105516271786
6439,10.463813693806392,58.913913499681286
6440,-0.23761001382257288,39.39601264510495
6441,3.161766691388195,52.31168812001895
6442,-7.968439823833524,34.28186721947585
6443,3.1334448784918276,51.64062199711875
6444,15.423725606642211,55.57493638995813
6445,1.8908237991801513,40.67821809629454
6446,-3.5807687129001056,51.307907159970995
6447,3.2397906065677144,51.3108391051717
6448,-9.657835446432312,37.70982365891396
6449,0.6072987064982676,39.510996016342546
6450,-69.99220733263937,25.220160622647885
6451,-122.59360186211273,37.37693982093169
6452,173.40223215000003,-42.95036910000002
6453,-122.04699645033388,34.15461458829225
6454,29.46792745591155,40.712426040664816
6455,-5.273990072896931,36.19562210564477
6456,-4.159985844223654,48.930439445402726
6457,15.619992071715295,38.380962085955446
6458,-5.736017558390273,52.009188421167394
6459,13.902681533264754,39.67376590122602
6460,1.798076181619556,40.87446509858788
6461,0.38144500468567416,51.00597112347487
6462,55.38570661446708,25.368455928523254
6463,5.095950996600876,54.06563508355262
6464,4.154545574196159,51.28691049538806
6465,13.95027578467677,40.40464997608851
6466,10.043177992709394,41.94806027011794
6467,5.099991299999999,38.2796288
6468,2.3046528553715575,51.8526929738977
6469,29.283772328840058,40.84544922758102
6470,3.2415081180197594,51.31069317252357
6471,175.65573717395415,-36.45014558559792
6472,6.619131222857144,55.60015213047619
6473,3.2415081180197594,51.31069317252357
6474,-1.0194063254125971,50.72826834350598
6475,11.660749203098568,57.99119314541716
6476,124.50483151666901,-33.09292880929055
6477,-122.45491249264181,47.30272029561058
6478,-3.138820698881647,51.40805400892861
6479,-3.5807687129001056,51.307907159970995
6480,16.524174174759768,38.252120670255216
6481,-9.509605490891056,40.775240332253254
6482,115.67465268514718,-32.04388115690909
6483,3.194772951832943,51.342003787082994
6484,3.677491923799851,52.2527929444916
6485,8.757163472910582,53.773489905647054
6486,-8.770248560162873,42.23012917444969
6487,7.164424852958367,53.33524826222499
6488,5.499545553069346,52.86907756249288
6489,-81.47536039712904,31.020016052320486
6490,10.216046039810898,41.66282316734256
6491,172.90006490846122,-43.45956448997376
6492,-4.797484405150596,36.55271656790196
6493,23.964346738118657,59.68445810619787
6494,2.998287541680509,51.32032887021193
6495,2.998287541680509,51.32032887021193
6496,8.564934405000955,53.57830362999958
6497,-75.63562797735648,37.81909028587621
6498,115.66455614790588,-31.939106181103273
6499,-74.96567224533717,38.788579668982955
6500,-1.7920609756694799,50.74457954708341
6501,-5.940701849796916,53.02769595932295
6502,9.644334582774682,43.716381683792264
6503,8.563531720012266,53.565274876562086
6504,18.65702873195304,54.378021387039865
6505,0.02454843334668961,49.68613202133452
6506,3.9758952208688636,51.36909447608267
6507,-80.81321720859702,31.146045912494607
6508,4.435605112185421,52.40055216447325
6509,4.906580713954504,52.44715103165358
6510,103.75505121053618,1.1887501691437168
6511,31.041069299404118,37.029455100467686
6512,2.8653576845367916,51.374597134435774
6513,9.525053921717603,41.61093365386315
6514,-1.423581358260779,50.901424926023346
6515,-12.591584088342827,35.54622955398651
6516,-14.761011595893907,27.149523761439003
6517,-15.425313987035679,28.144650639700377
6518,-122.4426421587378,47.31709908637828
6519,-115.84161482478711,24.886619583297847
6520,4.118527756814444,51.29152409338405
6521,-81.30090447657018,30.45496202215851
6522,-119.22811328627701,39.344497154788634
6523,-75.1417226064967,38.81394022584687
6524,0.9497565900144302,50.919114944617625
6525,116.08741264529304,6.041943625755408
6526,5.511994789934663,43.38830368116201
6527,5.517379449203346,52.77603384749811
6528,137.21086634164197,34.82781897382701
6529,8.552286756035498,53.57707281534212
6530,-14.23913337751155,30.12528275509784
6531,7.83260789965909,39.95813566465369
6532,0.94314476228294,53.14767046763121
6533,-8.753491631069856,42.22922571861085
6534,8.549330615916983,53.574013926594404
6535,0.6049534564873066,39.50914681608192
6536,23.898395436957927,59.67000173334771
6537,4.093808132772052,51.32019726641368
6538,-9.901997600700483,43.15609696064971
6539,31.386434512896855,36.21408913520853
6540,147.85624093343512,-19.73864604150209
6541,31.688398169109945,35.9144899193717
6542,12.5312435233378,55.08744519539915
6543,106.76240426930889,10.639705037270268
6544,11.486365127676406,54.37278676181493
6545,-0.06825435943018049,39.54326104507045
6546,-122.44304987338447,47.34506786491647
6547,-67.58158868817932,17.67319811201241
6548,7.978834439746774,56.75459978591942
6549,4.312445626256148,53.17555564642785
6550,-44.48534264566654,-23.566310689496454
6551,-8.16297672242208,43.694754801395185
6552,153.15831187145326,-27.3810720413557
6553,3.170862653109353,51.321471425708424
6554,8.549330615916983,53.574013926594404
6555,1.406265918864046,53.10301217662712
6556,18.45447114487512,57.43752665103436
6557,21.49770290458074,58.99462885277434
6558,-109.93465087842642,24.730618920744224
6559,0.0642735133234882,50.705623924095754
6560,3.125166918311272,52.236310106942035
6561,2.854271209618643,51.51777357818105
6562,15.212449489357711,55.51916264887908
6563,10.507818097139713,58.87965238301455
6564,10.86069091787485,53.94371974789423
6565,-0.23448540289664696,39.395738777327175
6566,1.7882296953706274,40.674244817246915
6567,5.366514047330822,53.527934140355526
6568,-2.2451739351225855,50.14418608843223
6569,-93.93669855275522,29.862785244185797
6570,3.2397906065677144,51.3108391051717
6571,-74.42719170725427,16.298657077527274
6572,15.007366385946346,56.45480505673723
6573,-9.657790419902392,37.711061461088036
6574,-7.850348514103807,34.38832111908138
6575,-9.271781586957344,33.72020610237409
6576,4.008704520645406,52.61865754285995
6577,11.857166518881373,54.61314387468915
6578,153.15634271096854,-27.372767117827397
6579,22.039129541077845,59.14917122211163
6580,12.608282707984486,39.55457334962384
6581,18.654630358164365,54.41533441310123
6582,2.161971080247603,51.59635882027646
6583,12.708143153450226,54.730298132325615
6584,139.42478929851356,35.08874110843274
6585,10.873290326744831,53.952105516271786
6586,4.883813745345266,52.9520566879803
6587,5.629577597314693,42.76899001093598
6588,-74.60029614136403,40.38758028818855
6589,5.090589596600876,54.062745983552624
6590,10.86069091787485,53.94371974789423
6591,0.34359226260965076,50.999066989118134
6592,-13.546263561850417,29.60159724001585
6593,-5.940358149796916,53.02662535932294
6594,-74.60029614136403,40.38758028818855
6595,-8.753491631069856,42.22922571861085
6596,-16.493310377474195,24.98034957448718
6597,7.82792955863345,39.96007668489178
6598,29.46792745591155,40.712426040664816
6599,173.49805122666666,-42.77622702333335
6600,1.798076181619556,40.87446509858788
6601,-109.91198350139948,24.74325436534684
6602,29.283772328840058,40.84544922758102
6603,3.2415081180197594,51.31069317252357
6604,-9.848201513701255,43.13384325716632
6605,16.525229541622515,38.25183501182384
6606,-8.770248560162873,42.23012917444969
6607,-5.268203709714893,36.20021062108015
6608,2.998287541680509,51.32032887021193
6609,2.998287541680509,51.32032887021193
6610,10.873290326744831,53.952105516271786
6611,0.9352164782497242,50.911713921088214
6612,8.552286756035498,53.57707281534212
6613,6.5570419228571435,55.57142365547618
6614,-75.63558327735647,37.81756188587621
6615,-0.06825435943018049,39.54326104507045
6616,-122.44304987338447,47.34506786491647
6617,153.15831187145326,-27.3810720413557
6618,-93.93669855275522,29.862785244185797
6619,9.523447121717602,41.61042905386314
6620,175.65430730310808,-36.45627008950535
6621,3.2415081180197594,51.31069317252357
6622,-1.0201445496061452,50.72829321205437
6623,0.6047988293444495,39.508082251891445
6624,4.9953378,38.301784399999995
6625,124.50378680079601,-33.09328666960801
6626,11.660749203098568,57.99119314541716
6627,-122.45491249264181,47.30272029561058
6628,-3.138820698881647,51.40805400892861
6629,-14.19516516346302,30.2534532097735
6630,-3.5855099024432526,51.307224653372
6631,3.2397906065677144,51.3108391051717
6632,115.67461265231891,-32.04387061407744
6633,13.902681533264754,39.67376590122602
6634,3.6604879947313584,52.240320521779275
6635,8.564934405000955,53.57830362999958
6636,8.705271969490058,53.74932238643177
6637,-5.735751622995536,52.03376044432529
6638,-122.04411615033386,34.15310008829224
6639,5.490047886402679,52.87266676249289
6640,7.164424852958367,53.33524826222499
6641,10.216045839810898,41.66282436734255
6642,172.89987221359905,-43.45964444498629
6643,-4.797484405150596,36.55271656790196
6644,15.642446615006959,38.32861656438722
6645,24.21379682559119,59.78298088076746
6646,115.66455474290588,-31.939093221103278
6647,-115.83883292478713,24.901881983297848
6648,-80.83287843232412,31.128499798548948
6649,-74.96567224533717,38.788579668982955
6650,-1.7920609756694799,50.74457954708341
6651,9.714167894018118,43.64627899353922
6652,18.65702858949571,54.37802279682117
6653,4.154545574196159,51.28691049538806
6654,8.563531720012266,53.565274876562086
6655,3.9758952208688636,51.36909447608267
6656,-4.083537618646731,48.98458004572324
6657,-119.22156635294368,39.15851465478864
6658,0.02900590321681948,49.695385214581286
6659,4.906580713954504,52.44715103165358
6660,22.964081135460006,59.34575112246486
6661,4.435604578852088,52.40055235336214
6662,-74.41858552725427,16.281821057527274
6663,103.75505121053618,1.1887501691437168
6664,31.038524599404116,37.02643680046769
6665,2.868343166759014,51.385555572213555
6666,-81.47536039712904,31.020016052320486
6667,27.199304749999992,-28.362630350000014
6668,-1.4235809189750646,50.901424983880496
6669,0.05566288530441295,50.73534290293004
6670,13.95018715004564,40.40466611154706
6671,137.21086634164197,34.82781897382701
6672,10.042409292709392,41.94399310345127
6673,-75.1416346064967,38.81465222584687
6674,18.40443059963704,57.41631018436771
6675,-15.425379952293415,28.14597613918688
6676,-44.49311976566654,-23.569577920265687
6677,12.5312435233378,55.08744519539915
6678,2.3067789753715573,51.85231853389771
6679,4.118527756814444,51.29152409338405
6680,-81.30090447657018,30.45496202215851
6681,4.350962532446623,53.205263418491356
6682,15.009493839279683,56.45538869673722
6683,0.94314476228294,53.14767046763121
6684,-9.195180272645889,33.77639821835073
6685,8.549330615916983,53.574013926594404
6686,-8.17132906758337,43.69417443204034
6687,-12.643133926769957,35.44058850450599
6688,8.549330615916983,53.574013926594404
6689,1.40951468008676,53.0879860618136
6690,5.363994747330822,53.52703734035553
6691,10.52617998702067,58.82383375265745
6692,-122.4426421587378,47.31709908637828
6693,2.6970971206930714,51.43433290173473
6694,1.8854044229896751,40.68068558200882
6695,22.02623840499597,59.1427186630863
6696,12.608282707984486,39.55457334962384
6697,-2.231009681886208,50.13597390203172
6698,-7.772169501037431,34.45160058356912
6699,2.1632477802476027,51.596022420276455
6700,-9.647309223560459,37.70067283845506
6701,139.29376996901365,35.126638816402334
6702,11.811657832214708,54.62568098635582
6703,12.708143153450226,54.730298132325615
6704,4.093808132772052,51.32019726641368
6705,4.008704520645406,52.61865754285995
6706,31.387531112896855,36.211703735208545
6707,116.08741104226276,6.0419440636341974
6708,4.883616728828805,52.94732978556367
6709,3.170862653109353,51.321471425708424
6710,147.85480312434422,-19.742076132411174
6711,5.534599039398793,43.3876027291634
6712,31.69071051910995,35.91102521937171
6713,-67.57314698817932,17.675036112012414
6714,7.9902009759006205,56.76068391232967
6715,11.474812940593072,54.36756545473161
6716,21.494575893469626,58.99204656944101
6717,15.212449489357711,55.51916264887908
6718,5.513703949203344,52.78077962249811
6719,106.76240436930888,10.63970513727027
6720,5.623846197314694,42.76264291093597
6721,-14.701442628116126,27.261435238661228
6722,18.65535206897022,54.41560178443826
6723,-0.2770179472981663,39.36880092623558
6724,3.125166918311272,52.236310106942035
6725,153.15634271096854,-27.372767117827397
6726,22.75640292546,59.27614551468708
6727,27.202000949999988,-28.361082050000014
6728,-1.0201445496061452,50.72829321205437
6729,-69.94252541090859,25.226821324699173
6730,9.523447121717602,41.61042905386314
6731,10.873290326744831,53.952105516271786
6732,-122.04393000033386,34.152656838292245
6733,6.530991005000003,55.49188422333333
6734,13.950109501393756,40.40468100721605
6735,3.2415081180197594,51.31069317252357
6736,173.60306646000004,-42.63110949000003
6737,-75.6354120059279,37.81841161444763
6738,103.75505121053618,1.1887501691437168
6739,-1.4235809189750646,50.901424983880496
6740,10.038715592709393,41.93665805345127
6741,-15.425375058960082,28.14597779918688
6742,18.363868888950226,57.39789247117785
6743,4.118527756814444,51.29152409338405
6744,-81.30090447657018,30.45496202215851
6745,2.302545708704891,51.85155365056438
6746,-7.664473480918382,34.52129189420404
6747,-122.4426421587378,47.31709908637828
6748,-5.268203709714893,36.20021062108015
6749,116.08743124226274,6.041978613634196
6750,5.534599039398793,43.3876027291634
6751,8.552286756035498,53.57707281534212
6752,-122.44304987338447,47.34506786491647
6753,153.15831187145326,-27.3810720413557
6754,-109.89712998317559,24.755530980785508
6755,29.283772328840058,40.84544922758102
6756,-6.777012797352828,45.6177393350949
6757,-93.93669855275522,29.862785244185797
6758,3.2415081180197594,51.31069317252357
6759,4.283588508428204,53.18230429845575
6760,175.69362480310807,-36.46849648950535
6761,124.50247875060839,-33.093542743229946
6762,11.660749203098568,57.99119314541716
6763,-122.45491249264181,47.30272029561058
6764,-3.138820698881647,51.40805400892861
6765,-3.5855099024432526,51.307224653372
6766,16.524754474506906,38.251934822531
6767,-16.428307895209226,25.18115827444443
6768,115.67456249241609,-32.04383657237613
6769,8.562262594544082,53.57835339073854
6770,3.6604879947313584,52.240320521779275
6771,-8.770248560162873,42.23012917444969
6772,8.705271969490058,53.74932238643177
6773,-75.1416346064967,38.81465222584687
6774,7.164424852958367,53.33524826222499
6775,5.359605636402679,52.821231449992894
6776,-4.797484405150596,36.55271656790196
6777,-81.47536039712904,31.020016052320486
6778,-9.615465338938632,41.80938872413662
6779,172.90030617074189,-43.459373152129146
6780,-14.14287011680059,30.3504305727331
6781,-115.73468812478716,24.86949218329785
6782,11.491176665593073,54.373848804731615
6783,4.511003471428571,38.17547395714284
6784,12.608282707984486,39.55457334962384
6785,10.216044839810898,41.66282556734255
6786,24.248697156027696,59.79358764156112
6787,15.655546439081611,38.35202367577674
6788,2.998287541680509,51.32032887021193
6789,2.998287541680509,51.32032887021193
6790,-14.30244582315928,28.916729012830537
6791,115.66455197623918,-31.939095368162096
6792,137.21086634164197,34.82781897382701
6793,18.657028100356666,54.37802444367283
6794,7.824054783633451,39.96230872239178
6795,-74.98241115140392,38.78044073000418
6796,9.714879761554235,43.64295216384419
6797,1.884857022989675,40.68059498200883
6798,-1.7919563833617875,50.7445411393911
6799,-5.940583633253474,53.02590332141359
6800,-8.753491631069856,42.22922571861085
6801,3.9758952208688636,51.36909447608267
6802,8.563531720012266,53.565274876562086
6803,-44.49982899066654,-23.571526920265693
6804,0.026971727140264454,49.70185800330309
6805,4.154545574196159,51.28691049538806
6806,-13.207467636140743,30.922874170719684
6807,-74.4196362454361,16.281384902981824
6808,9.998467992307354,53.531600900474515
6809,-0.059119283753869045,39.54670675323324
6810,-119.27488998627699,39.26545455478863
6811,-80.83347054508386,31.12778716565547
6812,8.549330615916983,53.574013926594404
6813,4.906580713954504,52.44715103165358
6814,4.43560467468542,52.40055271360023
6815,106.76240476930889,10.639704437270268
6816,-4.0929441019800645,48.988962662389916
6817,31.690132819109955,35.91193671937171
6818,-0.0038917983082214238,50.71114937278688
6819,31.384651712896854,36.21334143520855
6820,147.86888439648618,-19.758289669560586
6821,3.2397906065677144,51.3108391051717
6822,-67.5696256881793,17.674976412012416
6823,12.708143153450226,54.730298132325615
6824,-14.66871193033835,27.31757461755012
6825,-5.729798292934207,52.020112115743046
6826,139.28595328688084,35.12422503327445
6827,-8.170881100916706,43.69417486537368
6828,8.549330615916983,53.574013926594404
6829,5.50816161396525,52.7781807532124
6830,2.8747889565858538,51.43393648599782
6831,-2.2429507141755685,50.129222092509565
6832,31.035645199404115,37.0280745004677
6833,4.584325388342706,52.814947229198694
6834,4.093808132772052,51.32019726641368
6835,-12.662319279700366,35.372556624896696
6836,3.170862653109353,51.321471425708424
6837,12.544876290004467,55.09286172873249
6838,1.4307313964794945,53.072412584654366
6839,10.529056346187343,58.81632795682413
6840,21.492714893469632,58.988372469441
6841,153.15634271096854,-27.372767117827397
6842,3.3174602445320547,51.761958239260366
6843,7.9902009759006205,56.76068391232967
6844,5.8412613973146925,42.69306891093598
6845,0.6066040143444494,39.50962281189145
6846,-0.26609589063149963,39.37515650790224
6847,3.125166918311272,52.236310106942035
6848,0.94314476228294,53.14767046763121
6849,2.5822661592046345,51.37771320127205
6850,4.008704520645406,52.61865754285995
6851,15.173701394768969,55.4972220218228
6852,22.024166701662633,59.06732504503075
6853,13.902681533264754,39.67376590122602
6854,15.009500053103212,56.4553884959529
6855,-9.620031968004904,37.65063265512174
6856,11.80421036554804,54.62822268635581
6857,-9.034460201190326,33.936106118142504
6858,5.365176947330823,53.52742074035553
6859,18.65543809397022,54.41563985943826
6860,2.123861960756077,51.59047525586968
6861,-69.15810975663724,36.23228933160856
6862,1.837370381619556,40.89784509858788
6863,173.6043176,-42.626601700000016
6864,21.94355359346275,58.999602953982084
6865,0.773425928845393,37.41547107650552
6866,-5.268203709714893,36.20021062108015
6867,15.74845996941628,38.364988312283565
6868,116.08742074702464,6.041947243396102
6869,-8.066941863956627,44.349628330680595
6870,9.998486995370081,53.5315904863327
6871,29.283772328840058,40.84544922758102
6872,12.608282707984486,39.55457334962384
6873,-119.22848600634612,39.16102556851613
6874,4.37546657142857,38.16961515714285
6875,115.66448206016507,-31.939090185921913
6876,-74.98241115140392,38.78044073000418
6877,-1.7920609756694799,50.74457954708341
6878,9.749988611791078,43.60455679376294
6879,18.469017037329564,54.40560541520656
6880,8.563531720012266,53.565274876562086
6881,0.03590381680615412,49.70318923125292
6882,3.9758952208688636,51.36909447608267
6883,4.154545574196159,51.28691049538806
6884,4.435605112185421,52.40055216447325
6885,4.906580713954504,52.44715103165358
6886,106.76240426930889,10.639705037270268
6887,103.75505180053618,1.1887482666437166
6888,31.041069299404118,37.029455100467686
6889,137.21088400164197,34.827802573827
6890,-1.423581033260779,50.901424901023354
6891,10.043177992709394,41.94806027011794
6892,13.950033322583845,40.40511664751805
6893,18.513395322414805,57.47281995047881
6894,-15.425434418960084,28.146057839186877
6895,2.3046528553715575,51.8526929738977
6896,4.118527756814444,51.29152409338405
6897,-7.567148740703609,34.594137131327415
6898,-122.4426421587378,47.31709908637828
6899,1.4278081591677223,53.052100652216126
6900,8.552286756035498,53.57707281534212
6901,5.535391839398792,43.3869093291634
6902,-74.41931604392093,16.291372157527277
6903,-69.85517932201971,25.178276075625096
6904,-16.36505250927308,25.320633597518036
6905,-13.511803563437718,29.627615909486753
6906,-122.44304987338447,47.34506786491647
6907,153.15831187145326,-27.3810720413557
6908,-0.06828517908527947,39.54323947610729
6909,-109.93465087842642,24.730618920744224
6910,-115.62128402478713,24.76699748329785
6911,-93.93669869483115,29.862787140620277
6912,-80.83347054508386,31.12778716565547
6913,3.2415081180197594,51.31069317252357
6914,8.564934405000955,53.57830362999958
6915,4.22909955167058,53.12927283636523
6916,175.7308558454188,-36.47645122852722
6917,3.2415081180197594,51.31069317252357
6918,-14.604453342005012,27.420809387550126
6919,-1.0196212681246637,50.72799886020252
6920,11.660749203098568,57.99119314541716
6921,124.50481151667985,-33.092932906135786
6922,-3.138820698881647,51.40805400892861
6923,-3.598428152443253,51.306410403372
6924,-122.45491249264181,47.30272029561058
6925,-81.47536039712904,31.020016052320486
6926,8.549330615916983,53.574013926594404
6927,0.3378458743961833,51.04533048501844
6928,115.6745177296772,-32.04381892914456
6929,12.514760473878983,55.0682500310046
6930,-8.770248560162873,42.23012917444969
6931,3.6687331002551677,52.24947671425546
6932,147.8597876281321,-19.743661058926335
6933,8.723959427765557,53.79222155899251
6934,-5.735396600495537,52.03296378432529
6935,3.125166918311272,52.236310106942035
6936,12.708143153450226,54.730298132325615
6937,-9.682069494877723,42.3330965994347
6938,-6.89495274101115,45.46288950199603
6939,-14.104007044600783,30.438072282743523
6940,-9.579435490074678,37.57992220135761
6941,5.411204779259822,52.84101225967904
6942,-2.2700527189930555,50.113559455189396
6943,-122.04849626842908,34.15836986638749
6944,21.49949914346963,58.995070469441
6945,3.2397906065677144,51.3108391051717
6946,4.008704520645406,52.61865754285995
6947,139.2760828382923,35.12453208066182
6948,-8.753491631069856,42.22922571861085
6949,31.386036512896855,36.214265835208536
6950,-67.58165428817932,17.673092112012412
6951,-44.35681405066655,-23.500067469496454
6952,7.164424852958367,53.33524826222499
6953,172.90014045162087,-43.459534774479536
6954,-4.797484405150596,36.55271656790196
6955,5.514658199203345,52.77887319749811
6956,10.216045679810899,41.66282304734256
6957,2.580470203139472,51.36012764488734
6958,-8.207094010422079,43.66432674939519
6959,153.15634271096854,-27.372767117827397
6960,7.9961858281938545,56.759686559283416
6961,-0.22029727532846935,39.376704272058085
6962,15.158418034086244,55.52592867268419
6963,21.90705110083265,58.94740098733376
6964,-75.1417226064967,38.81394022584687
6965,3.3149811522761627,51.75760645700928
6966,5.629577597314693,42.76899001093598
6967,13.902681533264754,39.67376590122602
6968,15.007352985946342,56.454804956737235
6969,7.823835683633451,39.961625622391786
6970,-8.936192845406016,34.03286789457108
6971,18.59769731233103,54.42835986726791
6972,11.492187847676407,54.38652966181493
6973,0.94314476228294,53.14767046763121
6974,24.23331843273404,59.796989338505554
6975,11.808597727214709,54.633048191355805
6976,8.549330615916983,53.574013926594404
6977,5.427918162229813,53.53834205373936
6978,-13.367238809126855,30.761642870719687
6979,-81.30090447657018,30.45496202215851
6980,10.56010367665245,58.76576493240548
6981,2.1225852607560776,51.59081165586967
6982,0.6056083419104102,39.508441538520955
6983,-0.002697954843635919,50.68208799737565
6984,4.093808132772052,51.32019726641368
6985,-4.0274087586467315,48.992434779056566
6986,1.7853404174183398,40.66542959374305
6987,2.927459203848629,51.484786260291614
6988,4.593083887779444,52.82150738188093
6989,-12.694212315066666,35.312087787589
6990,3.170862653109353,51.321471425708424
6991,-75.63562797735648,37.81909028587621
6992,2.998287541680509,51.32032887021193
6993,2.998287541680509,51.32032887021193
6994,31.68800016910995,35.9146666193717
6995,29.283772328840058,40.84544922758102
6996,-122.07900946842909,34.19391716638749
6997,-5.452922430233559,51.21981011792894
6998,173.93337369999998,-42.21479750000003
6999,137.21088400164197,34.827802573827
7000,-69.24150338520867,36.19291158160857
7001,29.32466329999997,-31.174990000000008
7002,16.525229733040405,38.251835401157614
7003,-8.770248560162873,42.23012917444969
7004,2.9982888016805087,51.320330281878604
7005,2.9982888016805087,51.320330281878604
7006,9.998473698460302,53.53159127444536
7007,-5.9403728497969155,53.02721845932294
7008,-0.06828517908527947,39.54323947610729
7009,-13.67667175569071,30.574859865362537
7010,115.6744738447051,-32.04378577223556
7011,-13.514265878517083,29.601966448349188
7012,3.690011426462635,52.268306746826795
7013,12.514760473878983,55.0682500310046
7014,8.723959427765557,53.79222155899251
7015,8.549330615916983,53.574013926594404
7016,5.40161998640268,52.84324318825048
7017,-4.797484405150596,36.55271656790196
7018,7.164424852958367,53.33524826222499
7019,172.89994775675868,-43.45961432949207
7020,10.216045479810898,41.66282424734256
7021,11.480635543926407,54.38130836306494
7022,24.23705809642452,59.79594899743413
7023,115.66448206016507,-31.939090185921913
7024,9.761986410237046,43.590910300182365
7025,-75.00293182640392,38.759065805004184
7026,-1.7920609756694799,50.74457954708341
7027,18.384806290548784,54.43972244679112
7028,4.154545574196159,51.28691049538806
7029,8.563531720012266,53.565274876562086
7030,3.9758952208688636,51.36909447608267
7031,-74.41070974392093,16.274535957527274
7032,0.03611662286676018,49.706394879737765
7033,1.8887514864678079,40.66793749899244
7034,4.906580713954504,52.44715103165358
7035,4.435604578852088,52.40055235336214
7036,103.75505180053618,1.1887482666437166
7037,31.038524599404116,37.02643680046769
7038,-1.4235809189750646,50.901424983880496
7039,13.950033122583845,40.405116947518046
7040,10.042409292709392,41.94399310345127
7041,18.500143005748154,57.46390358381216
7042,-15.425434318960082,28.146058005853547
7043,5.357807545847079,42.678062141877746
7044,-5.268203709714893,36.20021062108015
7045,4.118527756814444,51.29152409338405
7046,2.3067789753715573,51.85231853389771
7047,7.8133927336334486,39.961841092391786
7048,-122.4426421587378,47.31709908637828
7049,-7.435241871973449,34.69953956402582
7050,1.4278081591677223,53.052100652216126
7051,116.08741271369134,6.041948885062769
7052,5.534599039398793,43.3876027291634
7053,8.564934405000955,53.57830362999958
7054,8.552286756035498,53.57707281534212
7055,-122.44304987338447,47.34506786491647
7056,153.15831187145326,-27.3810720413557
7057,-109.91096069327936,24.744124334330493
7058,3.125166918311272,52.236310106942035
7059,-115.52434282478718,24.73516310829785
7060,15.00948043927968,56.45538859673722
7061,-93.93669869483115,29.862787140620277
7062,3.2415081180197594,51.31069317252357
7063,12.608282707984486,39.55457334962384
7064,-6.89495274101115,45.46288950199603
7065,175.72932663568386,-36.478784404656864
7066,4.3689726028128115,53.10834307735879
7067,-14.064563885877599,30.55490957485226
7068,-1.020205668124664,50.72802036020252
7069,3.2415081180197594,51.31069317252357
7070,-75.1416346064967,38.81465222584687
7071,4.060780754761905,38.288592123809515
7072,-16.347796180776353,25.34513212647228
7073,11.660749203098568,57.99119314541716
7074,12.708143153450226,54.730298132325615
7075,6.494679465000002,54.07709621499999
7076,-122.45491249264181,47.30272029561058
7077,-14.527604694903205,27.583743296174916
7078,124.50182177289679,-33.094113160104044
7079,-2.201901454409722,50.133323723939405
7080,-80.83347054508386,31.12778716565547
7081,-3.138820698881647,51.40805400892861
7082,-8.753491631069856,42.22922571861085
7083,-0.1269011753284693,39.34421286580809
7084,-3.598428152443253,51.306410403372
7085,21.810048347499322,58.85959409066709
7086,106.76240476930889,10.639704437270268
7087,3.2397906065677144,51.3108391051717
7088,-81.47536039712904,31.020016052320486
7089,-8.102496210623295,44.25596762734726
7090,-8.843001007260682,34.10648563952718
7091,21.4815188945109,58.83334510697741
7092,31.69071051910995,35.91102521937171
7093,139.27608292162563,35.12453398066183
7094,31.387531112896855,36.211703735208545
7095,-4.9936533828990335,36.01792498247808
7096,-75.63558327735647,37.81756188587621
7097,-67.57321258817932,17.674930112012415
7098,-12.726680979431741,35.23176869401758
7099,-70.77355256695027,24.95316367755511
7100,153.15634271096854,-27.372767117827397
7101,5.513703949203344,52.78077962249811
7102,-44.35854744566655,-23.50282309788473
7103,0.94314476228294,53.14767046763121
7104,2.579984994806139,51.35744325738734
7105,-9.552108284071553,37.524044291170014
7106,15.022135879720535,55.47590608187933
7107,7.985928487606913,56.75795827517646
7108,2.123861960756077,51.59047525586968
7109,-9.674099188309633,42.536138908082094
7110,11.799520098881372,54.63505631968915
7111,-8.20548495558337,43.66406278004035
7112,-81.30090447657018,30.45496202215851
7113,4.093808132772052,51.32019726641368
7114,-4.071807458646732,48.968800945723245
7115,8.549330615916983,53.574013926594404
7116,5.425398862229813,53.537445253739364
7117,4.553377853096336,52.83179974239294
7118,10.580136520819119,58.72900624157216
7119,18.598418705188166,54.42862721168184
7120,-5.737168337378652,52.03529905740971
7121,0.6059293442633513,39.508485281854284
7122,-0.0038563358501418478,50.71223990151458
7123,3.170862653109353,51.321471425708424
7124,2.968195944219726,51.565094587387755
7125,13.902681533264754,39.67376590122602
7126,21.499172843469633,58.990620219441
7127,147.86165752055632,-19.75022121801724
7128,3.3175408522761627,51.76362515700928
7129,4.008704520645406,52.61865754285995
7130,1.888378102340824,40.66895703470672
7131,-115.52434282478718,24.73516310829785
7132,8.549330615916983,53.574013926594404
7133,29.46792745591155,40.712426040664816
7134,-122.07483791842907,34.19087461638748
7135,137.21088400164197,34.827802573827
7136,12.608282707984486,39.55457334962384
7137,15.71329474734125,38.36543406557391
7138,-75.00293182640392,38.759065805004184
7139,3.9758952208688636,51.36909447608267
7140,6.509481665000001,54.036120415
7141,116.08742791369133,6.041985835062768
7142,12.708143153450226,54.730298132325615
7143,-13.462741378517082,29.63222294834919
7144,29.283772328840058,40.84544922758102
7145,-14.226212230112978,29.09237474515255
7146,-5.268203709714893,36.20021062108015
7147,9.680891345229359,41.67907166182485
7148,-74.41071394392094,16.274533157527273
7149,12.528393240545649,55.07366656433793
7150,5.402326286402679,52.84226948825048
7151,7.164424852958367,53.33524826222499
7152,-4.797484405150596,36.55271656790196
7153,-5.457757878957325,51.231146494729835
7154,172.9003860567587,-43.45934532949208
7155,11.487119185593071,54.383989904731614
7156,24.22717218809119,59.792548014100795
7157,10.216045379810899,41.66282464734256
7158,2.9982888016805087,51.320330281878604
7159,2.9982888016805087,51.320330281878604
7160,-71.37270771782966,24.64719374417734
7161,115.66448206016507,-31.939090185921913
7162,-1.7919563833617875,50.7445411393911
7163,-5.941218129042948,53.029600534045166
7164,9.787252555622876,43.56344887609086
7165,18.38480657652458,54.43972309059985
7166,8.563531720012266,53.565274876562086
7167,4.154545574196159,51.28691049538806
7168,4.906580713954504,52.44715103165358
7169,4.43560467468542,52.40055271360023
7170,-8.121666256077843,44.152013863710906
7171,103.75505180053618,1.1887482666437166
7172,31.035645199404115,37.0280745004677
7173,-1.4235809189750646,50.901424983880496
7174,13.950033122583845,40.405116947518046
7175,10.038715592709393,41.93665805345127
7176,0.034741622866760184,49.711173036880616
7177,18.483728037521658,57.45528950832071
7178,8.565032741067206,53.578404751862934
7179,-15.425429560258785,28.146060083602464
7180,4.118527756814444,51.29152409338405
7181,-75.6354120059279,37.81841161444763
7182,2.3067788753715575,51.85231833389771
7183,-4.9936533828990335,36.01792498247808
7184,-122.4426421587378,47.31709908637828
7185,-7.325802588943149,34.793410142186
7186,1.4343997769413321,53.03701700274958
7187,5.534599039398793,43.3876027291634
7188,-14.513749753950819,27.635042892365394
7189,8.552286756035498,53.57707281534212
7190,21.832285489165987,58.866435357333756
7191,-0.06826886661473897,39.54324682941612
7192,-122.44304987338447,47.34506786491647
7193,153.15831187145326,-27.3810720413557
7194,-109.88852591185129,24.765192581797272
7195,-93.93669869483115,29.862787140620277
7196,3.2415081180197594,51.31069317252357
7197,175.72933933568385,-36.478818404656856
7198,-81.47536039712904,31.020016052320486
7199,4.423629215908051,53.10277755831115
7200,3.2415081180197594,51.31069317252357
7201,3.814772754761904,38.21218162380952
7202,-0.10992948032846933,39.35446072914142
7203,-1.020205668124664,50.72802036020252
7204,-8.205036988916703,43.66406321337368
7205,174.0175082,-42.11573880000004
7206,15.009486194279685,56.45538949007056
7207,11.660749203098568,57.99119314541716
7208,-3.138820698881647,51.40805400892861
7209,-75.1416346064967,38.81465222584687
7210,124.50244692673974,-33.093503670630355
7211,-122.45491249264181,47.30272029561058
7212,-3.6001764448839118,51.29167065600044
7213,7.995350807636345,56.76079271725328
7214,-67.57321268817931,17.674929712012414
7215,-44.36131839566656,-23.501927447884732
7216,16.524754665924796,38.251935211864776
7217,5.2187243056171955,42.60903290351567
7218,3.170862653109353,51.321471425708424
7219,147.860243797223,-19.74855624301724
7220,115.67443140563013,-32.04377306905865
7221,0.36487082839089224,51.063599087855735
7222,3.2397906065677144,51.3108391051717
7223,-8.770248560162873,42.23012917444969
7224,139.27608343273673,35.1245344473285
7225,-9.670629326130014,42.53842261064065
7226,3.690011426462635,52.268306746826795
7227,4.008704520645406,52.61865754285995
7228,8.549330615916983,53.574013926594404
7229,31.384651712896854,36.21334143520855
7230,31.690132819109955,35.91193671937171
7231,-7.000436213737678,45.31175997331531
7232,-8.753491631069856,42.22922571861085
7233,153.15634271096854,-27.372767117827397
7234,11.795862832214704,54.63588826968914
7235,-8.803214257197236,34.13196528727211
7236,106.76240476930889,10.639704437270268
7237,3.125166918311272,52.236310106942035
7238,-80.83347054508386,31.12778716565547
7239,-4.079117591980064,48.97366524572324
7240,8.723959427765557,53.79222155899251
7241,5.5089602063462015,52.78158295106954
7242,4.553377853096336,52.83179974239294
7243,10.60084512081912,58.689764341572165
7244,-5.734870470711985,52.02987611574306
7245,-12.875039743210753,34.866619369869305
7246,7.752272731557325,39.92593446990043
7247,-14.03354880392166,30.56271670082802
7248,21.49458904346963,58.98866201944101
7249,-16.34071462332686,25.43146528013389
7250,5.426581062229812,53.53782865373936
7251,3.3172945522761625,51.76397819986642
7252,-81.30090447657018,30.45496202215851
7253,13.902681533264754,39.67376590122602
7254,18.53903200518817,54.43997593668184
7255,-0.01165219898806777,50.71129392267215
7256,4.093808132772052,51.32019726641368
7257,2.579984994806139,51.35744325738734
7258,15.024818379720536,55.47967328187933
7259,2.976642718664171,51.5871691107211
7260,-2.248133314761689,50.120521047024276
7261,-9.552108284071553,37.524044291170014
7262,0.6068436109300179,39.509357881854285
7263,1.014613699502671,53.14593145794511
7264,2.123861960756077,51.59047525586968
7265,21.35465204354313,58.77632926447117
7266,-69.26591418520867,36.191667481608576
7267,-13.462743178517082,29.63222149834919
7268,12.708143153450226,54.730298132325615
7269,8.549330615916983,53.574013926594404
7270,-5.262334972215245,36.20333093568198
7271,-9.667602117796681,42.548256322699736
7272,29.46792745591155,40.712426040664816
7273,174.17804529999998,-41.87847993000003
7274,16.522504992892546,38.25525797139108
7275,3.2415081180197594,51.31069317252357
7276,-5.9357793721291365,53.011057121247205
7277,-14.209022643700477,29.145464580909884
7278,-0.06881683320213491,39.54243724118781
7279,-0.09035681228925363,39.35559942646168
7280,13.762579270934511,40.62348343152366
7281,147.90859623369698,-19.79913137139692
7282,15.007352593259268,56.45480497200084
7283,-75.6577495248627,37.76164415087859
7284,3.2415081180197594,51.31069317252357
7285,-8.209208261579617,43.645838709558944
7286,175.7316426065299,-36.47497586074943
7287,4.392295962915659,53.08388774621254
7288,29.320876799999983,-31.169620400000007
7289,-1.0339528876467747,50.72427067455248
7290,124.50479389518779,-33.09289681299147
7291,11.660749203098568,57.99119314541716
7292,-3.1496209773626602,51.407349172219746
7293,-122.45491249264181,47.30272029561058
7294,-3.6032345921612126,51.29119696436091
7295,-67.58170677984599,17.67304277867908
7296,0.39243033555178686,51.06504804979658
7297,115.67442492679889,-32.04376403081404
7298,3.7822871344366873,52.348271758072485
7299,-8.770248685162874,42.230129052897965
7300,8.723959427765557,53.79222155899251
7301,-80.83347054508386,31.12778716565547
7302,5.40613729592649,52.85163545967904
7303,12.513280574814582,55.06488148420762
7304,7.164424852958367,53.33524826222499
7305,10.2160459298109,41.66282294734256
7306,-4.797484405150596,36.55271656790196
7307,172.90102436412087,-43.458967345675184
7308,15.716143783832477,38.32940556592479
7309,24.179430976690085,59.78345019619785
7310,11.492187647676408,54.38652976181493
7311,115.66446413887857,-31.93902331038773
7312,2.9988691917115413,51.32001311294618
7313,2.9988691917115413,51.32001311294618
7314,-9.585951396262631,43.62276645598122
7315,-75.00293182640392,38.759065805004184
7316,18.384808309520544,54.43972257506633
7317,-1.7920609756694799,50.74457954708341
7318,9.813970171346766,43.542751863931855
7319,8.563531720012266,53.565274876562086
7320,13.902681533264754,39.67376590122602
7321,4.154545574196159,51.28691049538806
7322,3.97854439200121,51.36811620241139
7323,0.0430683834728208,49.71562819791958
7324,5.197830719902908,42.5998927213728
7325,4.435605320518754,52.40055238113992
7326,4.906580713954504,52.44715103165358
7327,103.75505180053618,1.1887482666437166
7328,31.041893799404114,37.028665800467685
7329,8.56227761859773,53.59942831600648
7330,-1.423403965577269,50.90134926857726
7331,-14.520146879716314,27.74038672947497
7332,10.043177992709394,41.94806027011794
7333,-4.011988621033095,48.962255069132326
7334,-16.34045941426398,25.587653800570415
7335,-15.418095440474156,28.142456554991522
7336,18.540896878525913,57.48115611214547
7337,12.608282707984486,39.55457334962384
7338,4.118527756814444,51.29152409338405
7339,2.3078999333127337,51.85357252830947
7340,-119.26120166467946,39.0784301726828
7341,-122.4426421587378,47.31709908637828
7342,1.4455925726613217,53.026684330587
7343,116.08742074702464,6.041947243396102
7344,5.592194743350633,43.39248103270056
7345,-7.229281869573989,34.89587495045736
7346,8.552286756035498,53.57707281534212
7347,-8.162541839411174,44.063396047044236
7348,-74.423432462653,16.292189558537373
7349,20.967231495797787,58.57229270982934
7350,21.49180455458074,59.001063702774346
7351,21.807638697499325,58.91062677400042
7352,8.009299386753193,56.76984719167176
7353,139.27022993829226,35.11903601399516
7354,-122.06895884342909,34.18453040805415
7355,4.008704520645406,52.61865754285995
7356,18.347624359104426,54.5076582736431
7357,-13.995217867447854,30.59361536968106
7358,8.549330615916983,53.574013926594404
7359,3.2397906065677144,51.3108391051717
7360,5.3638746983836585,53.527713176816285
7361,-44.35396526316656,-23.43643050044883
7362,-8.753491631069856,42.22922571861085
7363,1.014613699502671,53.14593145794511
7364,-71.37822461782966,24.644167644177337
7365,-122.44304987338447,47.34506786491647
7366,11.797978972214707,54.66088103968914
7367,153.15831187145326,-27.3810720413557
7368,-110.00771389646563,24.66079355878344
7369,7.752612631557326,39.925634169900434
7370,-81.30090447657018,30.45496202215851
7371,2.5826866998061386,51.35436822738734
7372,-75.156818007281,38.818438593886086
7373,3.723214654761905,38.20479532380952
7374,-9.570819470418302,37.55475878962203
7375,1.788762009570261,40.659087048732694
7376,-13.748631870790778,30.430840295259017
7377,3.3149811522761627,51.75760645700928
7378,0.6094273398925758,39.510203880954315
7379,-0.008625058988067764,50.681144642672145
7380,14.939005455435804,55.44171456971737
7381,106.76240523239566,10.639707494934159
7382,-81.47536039712904,31.020016052320486
7383,-5.466194645843772,51.22559710177197
7384,10.896606339152642,41.82423137858816
7385,-8.67397639228021,34.21295209203942
7386,5.522945449203346,52.7723885474981
7387,10.645250383319114,58.59504132907215
7388,2.156356782464761,51.58962040306855
7389,3.170862653109353,51.321471425708424
7390,31.387685412896854,36.212689035208534
7391,31.68964906910995,35.9130898193717
7392,-93.93669869483115,29.862787140620277
7393,-5.743201952876489,52.00445775575386
7394,4.093808132772052,51.32019726641368
7395,-12.881431877518374,34.82073923165538
7396,4.544490924069295,52.83325268827781
7397,3.125166918311272,52.236310106942035
7398,29.283772328840058,40.84544922758102
7399,153.15634271096854,-27.372767117827397
7400,-6.9721567324876785,45.291844229565314
7401,3.0175245623510394,51.64305802602412
7402,-2.26829113619026,50.10945703630998
7403,10.86069091787485,53.94371974789423
7404,-114.97261299365073,24.456026263095218
7405,-16.34045941426398,25.587653800570415
7406,4.95081857757871,42.49193746717844
7407,0.39243033555178686,51.06504804979658
7408,15.712513099217093,38.319384291565804
7409,29.283772328840058,40.84544922758102
7410,-0.9885975759856634,54.90949303989382
7411,20.94302018785188,58.55521584575039
7412,-114.92331262698403,24.41468932976188
7413,-5.262334972215245,36.20333093568198
7414,29.46792745591155,40.712426040664816
7415,29.318969399999983,-31.169640400000013
7416,-74.405043462653,16.265330258537375
7417,4.906580713954504,52.44715103165358
7418,-8.753491631069856,42.22922571861085
7419,5.626984729387853,43.39818359369457
7420,5.377263518383659,53.49822025681628
7421,-122.44304987338447,47.34506786491647
7422,153.15831187145326,-27.3810720413557
7423,-109.98201594585811,24.674775263231382
7424,-5.462457968700915,51.23422986748625
7425,-93.93669869483115,29.862787140620277
7426,3.2415081180197594,51.31069317252357
7427,3.2415081180197594,51.31069317252357
7428,4.38208861189771,52.97684194901512
7429,175.7295967995855,-36.476296795193875
7430,-8.19850180558337,43.686013180040355
7431,-1.0302366901011928,50.72205928657913
7432,174.22424450000003,-41.827991630000035
7433,-75.64626716089626,37.77080583948618
7434,-122.45491249264181,47.30272029561058
7435,11.660749203098568,57.99119314541716
7436,124.5041752201878,-33.0931723213248
7437,-3.138820698881647,51.40805400892861
7438,-3.6032345921612126,51.29119696436091
7439,-67.57405905484599,17.674401378679082
7440,115.67441025110446,-32.04376510549353
7441,3.6794481542085826,52.26299086338734
7442,8.663847155332343,53.7667677295627
7443,-8.770248560162873,42.23012917444969
7444,5.449127881014208,52.87684412810009
7445,7.164424852958367,53.33524826222499
7446,-4.797484405150596,36.55271656790196
7447,172.89979477781134,-43.45965257686049
7448,12.514760473878983,55.0682500310046
7449,24.153218394638806,59.77731455517222
7450,10.2160453298109,41.66282414734256
7451,11.483347347676409,54.38224101181493
7452,13.902681533264754,39.67376590122602
7453,2.9988691917115413,51.32001311294618
7454,2.9988691917115413,51.32001311294618
7455,115.66446413887857,-31.93902331038773
7456,9.962455667739224,43.397622657090594
7457,-1.7920609756694799,50.74457954708341
7458,18.384807623701207,54.439722181353346
7459,-5.9403728497969155,53.02721845932294
7460,-75.00293182640392,38.759065805004184
7461,8.563531720012266,53.565274876562086
7462,0.07130602463350096,49.737772728934694
7463,3.97854439200121,51.36811620241139
7464,4.154545574196159,51.28691049538806
7465,10.896606339152642,41.82423137858816
7466,4.435604245518753,52.40055223113992
7467,18.34784028348487,54.505944417588424
7468,103.75505180053618,1.1887482666437166
7469,-0.06826886661473897,39.54324682941612
7470,31.03919459940412,37.02539480046769
7471,8.56227761859773,53.59942831600648
7472,-1.4220493910357717,50.90035502552628
7473,-80.82813921994315,31.127156938450966
7474,13.762416940934513,40.62347247152366
7475,10.042409292709392,41.94399310345127
7476,-15.41809533101171,28.14245726311622
7477,18.51502916185926,57.46887734547882
7478,-75.156818007281,38.818438593886086
7479,153.15634271096854,-27.372767117827397
7480,8.03958059119409,56.79056586685074
7481,8.549330615916983,53.574013926594404
7482,2.310026053312734,51.853198088309476
7483,4.118527756814444,51.29152409338405
7484,106.76240523239566,10.639707494934159
7485,-119.26242056467945,39.0780502726828
7486,10.86069091787485,53.94371974789423
7487,12.608282707984486,39.55457334962384
7488,1.014613699502671,53.14593145794511
7489,-7.181276898859704,34.93834599545737
7490,14.939005455435804,55.44171456971737
7491,-13.493796811862927,29.59771833651113
7492,1.4965562936281491,52.98931484610082
7493,-122.4426421587378,47.31709908637828
7494,31.388536112896855,36.21014073520853
7495,8.549330615916983,53.574013926594404
7496,8.552286756035498,53.57707281534212
7497,116.08741351369133,6.041950285062768
7498,31.690964319109952,35.910642519371706
7499,27.19786394999999,-28.36112095000002
7500,21.490132843469627,58.99889826944101
7501,11.798717177214707,54.6667063513558
7502,-7.019199186654345,45.28649261443374
7503,9.75956440556192,41.70294266727606
7504,3.2397906065677144,51.3108391051717
7505,-71.56611439699634,24.770661010844
7506,21.805047653054874,58.89850530733375
7507,-44.34448129566655,-23.450930017115503
7508,-0.02971549681115019,50.675651760444524
7509,-122.06855514131266,34.219211577366316
7510,-0.08050533062258694,39.382480750906126
7511,-81.45875562383628,31.035492259222607
7512,-9.552318307858146,37.54229197940364
7513,-8.161633421812109,44.031325014060556
7514,7.752692231557324,39.92600396990043
7515,-8.539945702822866,34.34787634034153
7516,5.519959399203345,52.77860979749811
7517,3.3204677522761625,51.76014615700929
7518,-81.30090447657018,30.45496202215851
7519,-14.471193861916676,27.859015258551757
7520,10.660495208319116,58.584010291572156
7521,2.1562716991314277,51.58961121973522
7522,139.27022993829226,35.11903601399516
7523,4.093808132772052,51.32019726641368
7524,-74.60029614136403,40.38758028818855
7525,4.368991608787518,52.740241087994775
7526,0.6069505962057071,39.50690459231795
7527,-12.976221545616047,34.61094003040113
7528,3.170862653109353,51.321471425708424
7529,1.790483788055109,40.660801363278146
7530,-13.990279641412934,30.609553409791165
7531,3.404027696428571,38.27151142380952
7532,2.5728589697080997,51.34487971532851
7533,4.008704520645406,52.61865754285995
7534,-14.009432284362212,30.343469910020936
7535,3.041024707805584,51.690604791983716
7536,-2.26829113619026,50.10945703630998
7537,-5.743572475376489,52.00470671575386
7538,3.125166918311272,52.236310106942035
7539,-13.493796811862927,29.59771833651113
7540,29.46792745591155,40.712426040664816
7541,9.761128511622525,41.70337878485182
7542,174.29664125000008,-41.67997078000003
7543,16.524754499739966,38.251935030335254
7544,27.197864249999988,-28.361120450000023
7545,12.708143153450226,54.730298132325615
7546,-5.939568132654058,53.024422124322946
7547,153.15634271096854,-27.372767117827397
7548,-12.97189865310689,34.579158755657545
7549,-0.8790614657981183,36.914878028342
7550,10.038715592709393,41.93665805345127
7551,4.118527756814444,51.29152409338405
7552,29.283772328840058,40.84544922758102
7553,4.823011780224214,42.441252382522364
7554,-8.770248560162873,42.23012917444969
7555,2.998869043140113,51.32001305008904
7556,2.998869043140113,51.32001305008904
7557,-14.469927540488099,27.89748127950415
7558,12.528393240545649,55.07366656433793
7559,8.549330615916983,53.574013926594404
7560,-1.4220493910357717,50.90035502552628
7561,13.762255265934513,40.623461446523656
7562,18.492948393632762,57.45617546998737
7563,-15.418095037678377,28.142457023116222
7564,5.003709246600875,53.81969695855263
7565,2.3100259533127336,51.85319788830948
7566,-122.4426421587378,47.31709908637828
7567,-7.166355412377615,34.94233502000664
7568,1.5537542357841523,52.96509066135098
7569,116.08742791369133,6.041985835062768
7570,5.630311325615517,43.3951597592133
7571,8.552286756035498,53.57707281534212
7572,21.761209517333732,60.02300069185696
7573,-0.06826886661473897,39.54324682941612
7574,-5.262334972215245,36.20333093568198
7575,5.378445718383659,53.498603656816286
7576,7.752272731557325,39.92593446990043
7577,-122.44304987338447,47.34506786491647
7578,153.15831187145326,-27.3810720413557
7579,-109.95444193171008,24.700576614004916
7580,-93.93669869483115,29.862787140620277
7581,3.2415081180197594,51.31069317252357
7582,175.72940843568384,-36.47893340465686
7583,3.2415081180197594,51.31069317252357
7584,4.372074267502923,52.96150877363486
7585,-1.0269687227232345,50.72197061472653
7586,-8.18533766510718,43.73280803718321
7587,10.55322890587988,40.429469019875434
7588,-14.080951648127478,30.228520078514524
7589,124.50244425074335,-33.09349973521368
7590,-122.45491249264181,47.30272029561058
7591,11.660749203098568,57.99119314541716
7592,-119.31986693134611,39.186587972682794
7593,-3.138820698881647,51.40805400892861
7594,-3.605015598891981,51.29107830736972
7595,-67.57326625484599,17.67488257867908
7596,106.76240573239565,10.63970689493416
7597,14.942432255435804,55.44647476971737
7598,115.67440903999335,-32.04376526104908
7599,-13.932217833201522,30.590466585803853
7600,3.6794481542085826,52.26299086338734
7601,8.663847155332343,53.7667677295627
7602,-75.15673000728101,38.819150593886086
7603,7.164424852958367,53.33524826222499
7604,5.398385654823732,52.85449615667153
7605,-114.84234042698402,24.387644529761882
7606,-75.64605118946768,37.77012716805761
7607,-4.797484405150596,36.55271656790196
7608,172.9002496567587,-43.45937772949208
7609,10.2160452298109,41.66282454734256
7610,-81.44337879361377,31.05784351033982
7611,24.142150590749925,59.77317067072778
7612,11.492146545593073,54.386218444731604
7613,-5.018453167935072,35.99369773526192
7614,-75.00293182640392,38.759065805004184
7615,115.66446413887857,-31.93902331038773
7616,-122.08031227297931,34.25399479903298
7617,10.434620475358274,42.69335656434269
7618,-1.7919563833617875,50.7445411393911
7619,18.384806455717673,54.43972450069253
7620,8.563531720012266,53.565274876562086
7621,-71.56790419699634,24.767421910844
7622,13.902681533264754,39.67376590122602
7623,1.047290845576233,53.13768979480691
7624,-5.462457968700915,51.23422986748625
7625,3.97854439200121,51.36811620241139
7626,4.154545574196159,51.28691049538806
7627,8.562449529663981,53.5996053295365
7628,-74.4607793100556,16.171115721524387
7629,21.486816543469637,58.99480731944101
7630,0.09735316409215995,49.784065371627975
7631,4.43560467468542,52.40055271360023
7632,4.906580713954504,52.44715103165358
7633,-8.163016499961493,44.02243785979077
7634,12.628133900075218,39.577232285576606
7635,8.103781302370384,56.841968620468194
7636,103.75505180053618,1.1887482666437166
7637,4.0805206512096674,52.66169971077332
7638,31.690132819109955,35.91193671937171
7639,10.86069091787485,53.94371974789423
7640,31.384651712896854,36.21334143520855
7641,21.826861228054877,58.89626737400041
7642,-0.13912956025020637,50.65765747588324
7643,11.797640177214708,54.668180751355806
7644,18.28854028018817,54.51659759918184
7645,2.1575483991314277,51.589274819735216
7646,-44.34482209566655,-23.450041547884734
7647,139.27023044940336,35.11903648066183
7648,-74.60029614136403,40.38758028818855
7649,-8.495104023102447,34.40985861124161
7650,31.035645199404115,37.0280745004677
7651,4.368991608787518,52.740241087994775
7652,10.671130908319117,58.568111491572175
7653,-5.739896568081283,51.98985371164715
7654,3.170862653109353,51.321471425708424
7655,-7.128834063324148,45.241495964477316
7656,-80.82813921994315,31.127156938450966
7657,3.125166918311272,52.236310106942035
7658,1.8879035023408237,40.66893943470673
7659,3.3171970445320547,51.76459413926036
7660,-81.30090447657018,30.45496202215851
7661,-2.26829113619026,50.10945703630998
7662,4.093808132772052,51.32019726641368
7663,-8.753491631069856,42.22922571861085
7664,-0.1328148227654441,39.34724600519185
7665,2.5765875649461947,51.343828458185655
7666,2.980348396428572,38.28119952380951
7667,3.2397906065677144,51.3108391051717
7668,-9.547454307858146,37.53583657940364
7669,0.6093304962057072,39.507319892317945
7670,10.879332639152643,41.82447817858816
7671,8.549330615916983,53.574013926594404
7672,5.5089602063462015,52.78158295106954
7673,3.062890081090078,51.713643999871394
7674,-0.861627620427012,36.933950351252385
7675,106.76240632566491,10.639708209357236
7676,27.192322149999985,-28.364733550000018
7677,29.292166799999976,-31.179598699999996
7678,-9.636828979260784,42.53615976545448
7679,-13.464262517709797,29.607399739041835
7680,7.752771331557325,39.92502886990044
7681,-12.994704262273558,34.498817530632294
7682,29.283772328840058,40.84544922758102
7683,0.7579132063636363,50.856542346363646
7684,0.397997946363144,51.05718716548028
7685,103.75505180053618,1.1887482666437166
7686,12.708143153450226,54.730298132325615
7687,13.758724957869994,40.619001061039796
7688,-15.418095647678376,28.142457021449548
7689,-0.06881683320213491,39.54243724118781
7690,-14.343608264621567,28.091212981825464
7691,29.46792745591155,40.712426040664816
7692,-1.0262304763636942,50.72194603443725
7693,-14.19821510789264,29.239402652452753
7694,115.67443364175853,-32.043764147004126
7695,3.769301295916279,52.33975001929698
7696,115.66446413887857,-31.93902331038773
7697,4.906580713954504,52.44715103165358
7698,4.435605320518754,52.40055238113992
7699,18.286776921929103,54.51723624896778
7700,31.041893799404114,37.028665800467685
7701,-1.4220508877994913,50.900353357466145
7702,10.043422592709392,41.94400697011793
7703,18.54272767852591,57.48068971214548
7704,11.731352288377174,54.6529953403194
7705,-14.138118550029738,30.1233016911885
7706,4.983336846600874,53.81101905855262
7707,2.2881370766460676,51.849548334976134
7708,4.118527756814444,51.29152409338405
7709,-7.097509919322058,35.019911669451076
7710,-122.4426421587378,47.31709908637828
7711,1.620481781554237,52.933764836466935
7712,116.08742074702464,6.041947243396102
7713,5.631104125615516,43.394466359213304
7714,8.552286756035498,53.57707281534212
7715,5.3446233296336585,53.51963158445518
7716,-75.65942832532296,37.772988012722756
7717,-13.918194415685697,30.620544103665015
7718,-122.44304987338447,47.34506786491647
7719,153.15831187145326,-27.3810720413557
7720,-110.28170851702725,24.398580442194334
7721,-74.50019706005561,16.197604921524388
7722,-93.93669869483115,29.862787140620277
7723,-5.262334972215245,36.20333093568198
7724,3.2415081180197594,51.31069317252357
7725,175.73162675411692,-36.47250302702328
7726,-8.128220615038522,43.61989469257915
7727,4.344895878880532,52.947894188502936
7728,3.2415081180197594,51.31069317252357
7729,-75.16997917170771,38.82062076712266
7730,-122.45491249264181,47.30272029561058
7731,11.660749203098568,57.99119314541716
7732,-3.138820698881647,51.40805400892861
7733,124.50479309518782,-33.0928974463248
7734,-3.6021725732509555,51.2920017868569
7735,-67.58170807984598,17.67304497867908
7736,15.521084406736634,55.691181128805674
7737,8.657545041156215,53.769852527459804
7738,-8.770248560162873,42.23012917444969
7739,-5.0593008503526535,35.950810189413325
7740,-74.60029614136403,40.38758028818855
7741,5.457000697680875,52.87305502810009
7742,7.164424852958367,53.33524826222499
7743,-114.33078101936499,24.061234945952364
7744,-119.26158321467946,39.053274742682795
7745,12.63670478118633,39.567436087798825
7746,4.162841803851032,52.72409759267973
7747,-4.803026603661125,36.549614619828006
7748,-81.44337879361377,31.05784351033982
7749,172.89975799328752,-43.459583266146204
7750,-80.82813921994315,31.127156938450966
7751,10.216045779810901,41.66282294734256
7752,24.02529211130548,59.74827803850554
7753,2.9988691917115413,51.32001311294618
7754,2.9988691917115413,51.32001311294618
7755,11.499382055382034,54.39011285497511
7756,139.263201700019,35.11955131383785
7757,-75.00293182640392,38.759065805004184
7758,-5.720745329683016,51.906033802956664
7759,-122.07898079797934,34.25250542403298
7760,18.361070908570124,54.43023950057749
7761,-1.7917980818599561,50.74454575105167
7762,10.712591908319112,58.52187059157217
7763,-9.424017971452301,37.40022305146359
7764,31.688398169109945,35.9144899193717
7765,3.298674102928314,51.95147653037114
7766,-5.940701849796916,53.02769595932295
7767,13.899073992923045,39.66343100345271
7768,10.818735020324393,42.262858211852716
7769,31.386434512896855,36.21408913520853
7770,10.55911313921321,40.416279619875446
7771,153.15634271096854,-27.372767117827397
7772,4.381912111973792,52.757632406867316
7773,-0.1489248895944352,50.62643245066534
7774,3.125166918311272,52.236310106942035
7775,21.479749854580746,59.00688830277435
7776,-16.233040356070372,25.667933477097773
7777,12.512049520313765,55.06350814370025
7778,8.563531720012266,53.565274876562086
7779,-8.753491631069856,42.22922571861085
7780,1.1060117544041959,53.135045343478595
7781,2.5994051078090337,51.336670303404965
7782,-71.70930155413919,24.702750075129714
7783,4.154545574196159,51.28691049538806
7784,21.819873331545818,58.93414322609724
7785,5.511199015870012,52.77874824749811
7786,0.2548573962390859,49.88578188496734
7787,-44.374614434828054,-23.463464744548215
7788,-0.12731413776544412,39.34784671519184
7789,10.896606339152642,41.82423137858816
7790,8.549330615916983,53.574013926594404
7791,-7.128834063324148,45.241495964477316
7792,21.74813576625981,60.0195863765381
7793,-8.357955146932834,34.5209885552559
7794,2.153041182464761,51.58963730306855
7795,-5.466063713145359,51.23481898970847
7796,-81.26849706876474,30.476057983074803
7797,8.173992024714638,56.88860142286042
7798,3.170862653109353,51.321471425708424
7799,8.562597026625129,53.599758472387904
7800,3.3149811522761627,51.75760645700928
7801,2.619742796428572,38.26834232380953
7802,10.86069091787485,53.94371974789423
7803,0.5925015662057072,39.45159948731796
7804,4.093808132772052,51.32019726641368
7805,-8.075491049961494,44.03330707645743
7806,1.788762009570261,40.659087048732694
7807,3.9782910549594095,51.36826657522169
7808,-2.247633335511321,50.11348261783448
7809,3.2397906065677144,51.3108391051717
7810,8.549330615916983,53.574013926594404
7811,-75.16997917170771,38.82062076712266
7812,29.283772328840058,40.84544922758102
7813,16.525220035396163,38.25183366549011
7814,-5.262334972215245,36.20333093568198
7815,18.22624578348487,54.53241395092174
7816,10.050091437961775,41.95933942400663
7817,4.962150746600875,53.797632358552626
7818,-110.24465185163336,24.417243375241128
7819,-3.7045934964423632,49.07458354796531
7820,-8.770248560162873,42.23012917444969
7821,-6.258217647692369,47.662325998240576
7822,-13.485516569631267,29.611940430535846
7823,115.66445897996897,-31.938985445905328
7824,14.924142087530939,37.980276101597575
7825,2.9988691917115413,51.32001311294618
7826,2.9988691917115413,51.32001311294618
7827,13.899073992923045,39.66343100345271
7828,-75.00293182640392,38.759065805004184
7829,-1.7917980818599561,50.74454575105167
7830,-5.9403728497969155,53.02721845932294
7831,10.839922700024017,42.215135738866536
7832,8.563531720012266,53.565274876562086
7833,18.36106999036031,54.43023905788252
7834,0.43775577650263764,50.165056695311605
7835,4.154545574196159,51.28691049538806
7836,12.514760473878983,55.0682500310046
7837,-74.4818076600556,16.17074617152439
7838,4.435604245518753,52.40055223113992
7839,4.906580648862761,52.447151108580194
7840,103.75505180053618,1.1887482666437166
7841,31.03919459940412,37.02539480046769
7842,-1.4205705864152092,50.89957347228443
7843,13.732094707869997,40.66088121103979
7844,-71.70978595413919,24.701510575129713
7845,11.716885168377173,54.657307818652725
7846,18.51381144185926,57.46763416547882
7847,-15.418493117036716,28.1430179291577
7848,4.118527756814444,51.29152409338405
7849,2.227440424423845,51.83734902386502
7850,-122.4426421587378,47.31709908637828
7851,-6.952896051748037,35.05319682009744
7852,1.620481781554237,52.933764836466935
7853,116.08741351369133,6.041950285062768
7854,5.657239645797228,43.39349261779122
7855,8.552286756035498,53.57707281534212
7856,-0.06826886661473897,39.54324682941612
7857,5.358012149633659,53.49013866445518
7858,8.549330615916983,53.574013926594404
7859,-122.44304987338447,47.34506786491647
7860,153.15831187145326,-27.3810720413557
7861,-93.93669869483115,29.862787140620277
7862,3.2415081180197594,51.31069317252357
7863,29.46792745591155,40.712426040664816
7864,-8.080822548720262,43.68843858434605
7865,4.411383008738585,52.97447129725826
7866,175.73019688327085,-36.47862753093071
7867,-1.0562262071670234,50.71168860328129
7868,3.2415081180197594,51.31069317252357
7869,174.27278191666676,-41.564482488333354
7870,11.660749203098568,57.99119314541716
7871,124.50375488374337,-33.09324206121369
7872,-119.26280211467946,39.0528948426828
7873,-122.45491249264181,47.30272029561058
7874,-3.138820698881647,51.40805400892861
7875,-3.6021725732509555,51.2920017868569
7876,-67.57405905484599,17.67440117867908
7877,15.550675812577243,55.70105185551039
7878,0.334344848064286,51.05132758561334
7879,115.67442162839207,-32.04375487168227
7880,-5.466063713145359,51.23481898970847
7881,12.653877875795354,39.59059169833642
7882,3.666462315688175,52.25446912461183
7883,10.893270889152642,41.82873718946536
7884,8.611072794065048,53.764830016878975
7885,27.196932349999994,-28.36159215000002
7886,-13.846314470455022,30.75161452961785
7887,-71.4396641852087,35.02441478160856
7888,2.7918445964285716,38.46003672380952
7889,-110.71775294208408,21.96932570922127
7890,21.843294404743084,58.99897243986592
7891,7.164424852958367,53.33524826222499
7892,-13.045367141052557,34.3862721391793
7893,5.443373088157065,52.877218756671525
7894,8.562592505594887,53.59975309024102
7895,-122.07874209797932,34.252227524032975
7896,1.1060117544041959,53.135045343478595
7897,-14.229054367980673,30.000943867296016
7898,-0.7309278496109833,36.96692256561467
7899,2.6193435595195598,51.332702673054094
7900,-0.2073602400627227,50.60759015842327
7901,31.690629319109952,35.911163519371705
7902,139.263201700019,35.11955131383785
7903,-4.803026603661125,36.549614619828006
7904,-75.65938362532296,37.77145961272276
7905,31.387531112896855,36.211703735208545
7906,4.002161561727938,51.35521033673348
7907,-44.37425392982804,-23.46391709198411
7908,172.899550905092,-43.459675414492075
7909,-9.123142444843964,40.97457742911601
7910,-16.191532656784656,25.770684450073958
7911,-5.060067955114559,35.94861509893713
7912,10.86069091787485,53.94371974789423
7913,10.217459905044816,41.66170386323564
7914,21.47662284346963,59.00430601944102
7915,153.15634271096854,-27.372767117827397
7916,-80.82813921994315,31.127156938450966
7917,3.2397906065677144,51.3108391051717
7918,-5.719981466566131,51.90372337604107
7919,-8.753491631069856,42.22922571861085
7920,-0.07299064887655521,39.3028326707474
7921,-7.206165366962731,45.195615469825306
7922,-2.247633335511321,50.11348261783448
7923,-14.289925541057356,28.19762214394667
7924,3.125166918311272,52.236310106942035
7925,11.490366440722946,54.38645051077056
7926,8.549330615916983,53.574013926594404
7927,5.506618865870012,52.78387149749811
7928,-81.26849706876474,30.476057983074803
7929,-81.43297151929772,31.073039104298637
7930,2.152956099131428,51.58962811973522
7931,-9.406913835837312,37.346496217219794
7932,24.046461794638816,59.75289845683888
7933,-8.195726401456643,34.63296653979955
7934,3.3175408522761627,51.76362515700928
7935,10.720016208319116,58.50973149157217
7936,0.5924060412057072,39.45145821231796
7937,-74.60029614136403,40.38758028818855
7938,1.9015945023408236,40.66585743470672
7939,3.363063648895681,51.99805641056761
7940,8.214757394018855,56.91557590438893
7941,21.660322071454615,59.97203154533681
7942,4.093808132772052,51.32019726641368
7943,3.170862653109353,51.321471425708424
7944,-8.07574341662816,44.032362343124106
7945,4.208475427581168,52.74693962982282
7946,4.322836537807126,52.730463602700645
7947,21.843294404743084,58.99897243986592
7948,8.513318774501608,53.928192964768726
7949,-71.7099047041392,24.701145825129714
7950,174.27370491666673,-41.56110638833336
7951,120.69973002307687,14.72462026346153
7952,-0.9783182241142169,54.902504872088436
7953,5.002167346600874,53.80639765855263
7954,-5.262334972215245,36.20333093568198
7955,-14.17142936956234,29.385701596732673
7956,27.195183249999985,-28.36361255000002
7957,-13.062104085814463,34.33719016048881
7958,-14.244223045407571,29.93590724557921
7959,10.043438807672445,41.959927437659424
7960,-9.128051868011852,40.97123991882287
7961,-0.06826886661473897,39.54324682941612
7962,29.46792745591155,40.712426040664816
7963,2.7758515589285717,38.46262334880952
7964,0.32303860699285747,51.05560274632763
7965,15.54545143454256,55.71209076450659
7966,115.67441406079368,-32.04375028502633
7967,-8.770248560162873,42.23012917444969
7968,3.666462315688175,52.25446912461183
7969,8.611072794065048,53.764830016878975
7970,-72.4239769852087,33.839095681608576
7971,5.398403654823733,52.85449545667153
7972,7.164424852958367,53.33524826222499
7973,-4.803026603661125,36.549614619828006
7974,172.900005705092,-43.459400614492075
7975,14.907310826416326,37.90001018759842
7976,10.218615522669122,41.66079422159191
7977,147.92272451313752,-19.89152355632302
7978,-7.206165366962731,45.195615469825306
7979,24.06623386090866,59.757390079061096
7980,-75.00293182640392,38.759065805004184
7981,115.66445897996897,-31.938985445905328
7982,2.998869043140113,51.32001305008904
7983,2.998869043140113,51.32001305008904
7984,10.842712299634911,42.20930376182374
7985,-1.7916934895522638,50.74450734335935
7986,-5.941218129042948,53.029600534045166
7987,13.899073992923045,39.66343100345271
7988,-3.6721369316393515,49.09379329018222
7989,18.363660312852968,54.432245896269315
7990,8.563531720012266,53.565274876562086
7991,4.154545574196159,51.28691049538806
7992,139.26237154446343,35.11794882494897
7993,0.8659734390564345,50.58607735393843
7994,4.906580598825915,52.44715116911814
7995,4.43560467468542,52.40055271360023
7996,103.75505180053618,1.1887482666437166
7997,12.528393240545649,55.07366656433793
7998,18.227793080188167,54.53348959918184
7999,31.035645199404115,37.0280745004677
8000,-1.417410886415209,50.898408172284434
8001,13.643553724536664,40.71909129437313
8002,-5.466063713145359,51.23481898970847
8003,-14.247721631605692,28.28075556836226
8004,18.491730673632762,57.45493228998736
8005,11.714228235043839,54.65749388531941
8006,-15.418492823703383,28.143017689157702
8007,2.189642432360353,51.83046126850789
8008,4.118527756814444,51.29152409338405
8009,-110.13445459447708,21.629361696427896
8010,-122.4426421587378,47.31709908637828
8011,-6.8714706831503385,35.08899858291969
8012,1.6259075025523344,52.92908082551976
8013,116.08744401369133,6.041993235062769
8014,5.657239645797228,43.39349261779122
8015,-6.313225044716179,47.551381050819934
8016,8.552286756035498,53.57707281534212
8017,5.359194349633659,53.49052206445518
8018,0.6693572745989304,50.81698173783424
8019,-122.44304987338447,47.34506786491647
8020,153.15831187145326,-27.3810720413557
8021,12.653877875795354,39.59059169833642
8022,-110.20158132909268,24.458394272642785
8023,-93.93669869483115,29.862787140620277
8024,-74.48487544338894,16.170494821524393
8025,3.2415081180197594,51.31069317252357
8026,29.283772328840058,40.84544922758102
8027,3.2415081180197594,51.31069317252357
8028,175.73028548327082,-36.47806083093071
8029,-1.0597295572021113,50.71227119763216
8030,-8.15334678143939,43.510641104254866
8031,4.385944128877473,52.944313226702704
8032,124.50245583850523,-33.09349410089623
8033,153.15634271096854,-27.372767117827397
8034,-5.060067955114559,35.94861509893713
8035,-75.65921235389438,37.77230934129418
8036,-8.076040559961495,44.03516565979077
8037,-122.45491249264181,47.30272029561058
8038,-119.30372311467946,39.15910414268281
8039,8.559920695138015,53.599802850979955
8040,1.1134619103565968,53.13205537936745
8041,-3.138820698881647,51.40805400892861
8042,-9.48525177121237,43.36842988954564
8043,-81.26849706876474,30.476057983074803
8044,3.2397906065677144,51.3108391051717
8045,0.5941615745390405,39.45311607898462
8046,-122.07588417297934,34.244535632366315
8047,10.87383276918409,41.82909867751567
8048,-8.141972242170043,34.683313119996285
8049,-3.606693471153298,51.29159344142909
8050,5.495178280631917,52.7699859532124
8051,-0.30567780238312225,50.5723117399482
8052,11.524821284472944,54.40064900094913
8053,4.002161561727938,51.35521033673348
8054,4.093808132772052,51.32019726641368
8055,31.384651712896854,36.21334143520855
8056,31.690132819109955,35.91193671937171
8057,-44.37459482982805,-23.463028791984115
8058,21.474761843469636,59.00063191944102
8059,-9.344340129144062,37.24664301436239
8060,11.660749203098568,57.99119314541716
8061,-16.13158809755264,25.90728446844517
8062,-67.5731521092127,17.675890036834623
8063,21.676446987333733,59.97326100352364
8064,-8.753491631069856,42.22922571861085
8065,-0.07465433387655518,39.3015725607474
8066,8.549330615916983,53.574013926594404
8067,2.1542327991314276,51.58929171973522
8068,-74.60029614136403,40.38758028818855
8069,-13.445571269631268,29.672367680535846
8070,-80.83373573116369,31.125679624720863
8071,8.296645836400689,56.951318244825764
8072,-81.41341505830715,31.095445509253132
8073,4.312199738196405,52.72138113364307
8074,7.744439688700181,39.92532319847186
8075,3.125166918311272,52.236310106942035
8076,3.170862653109353,51.321471425708424
8077,1.9010471023408235,40.66576683470673
8078,3.3174602445320547,51.761958239260366
8079,-13.83673242414106,30.779265332235273
8080,-0.7037562131030468,36.97004142791625
8081,10.72444625831912,58.50265874157218
8082,2.6367321205772516,51.33004378190024
8083,4.221063661876659,52.74869648041053
8084,3.433632913516892,52.06873644779092
8085,-2.2501267437673094,50.11334823661945
8086,10.86069091787485,53.94371974789423
8087,-5.715147022121687,51.89318213437442
8088,29.46792745591155,40.712426040664816
8089,-14.256954503740904,29.90786421641255
8090,10.784741400482321,38.27518173712003
8091,139.264831800019,35.12164448232991
8092,8.372468241304016,53.895533558736645
8093,27.19384804999999,-28.365286850000015
8094,-3.678381303861573,49.035257851293316
8095,-16.109905519266203,25.94701014972944
8096,29.283772328840058,40.84544922758102
8097,16.524164735396162,38.25211946549011
8098,0.3188102197126377,51.050134805393554
8099,9.998460685642366,53.531602053328825
8100,-75.66027002532296,37.76973281272276
8101,12.708143153450226,54.730298132325615
8102,14.897969089795115,37.95550436859842
8103,4.118527756814444,51.29152409338405
8104,-6.818197336519424,35.14343866729491
8105,-5.235970823758455,36.2199920276573
8106,-5.442481269327129,51.15462738095035
8107,-13.47002402121857,29.646082691673406
8108,-122.44304987338447,47.34506786491647
8109,-110.28170851702725,24.398580442194334
8110,-14.25134523939568,28.313056812684604
8111,-8.075594449961494,44.021795576457436
8112,0.6728736781818181,50.824297714545494
8113,124.50478187247354,-33.0928916323248
8114,-3.138820698881647,51.40805400892861
8115,-122.45491249264181,47.30272029561058
8116,-3.606693471153298,51.29159344142909
8117,-67.50870764849842,17.65888388683462
8118,15.55435648581133,55.73480476419667
8119,115.67442256634922,-32.04375219229129
8120,3.666462315688175,52.25446912461183
8121,-8.770248560162873,42.23012917444969
8122,8.611072794065048,53.764830016878975
8123,-73.78717590819973,32.28235340895232
8124,5.362818997680875,52.844333365600086
8125,7.164424852958367,53.33524826222499
8126,172.89979207138276,-43.45960142138429
8127,-4.803026603661125,36.549614619828006
8128,-9.129832660582506,40.984193896673666
8129,10.21974468604378,41.65993860628207
8130,-7.2182416169627315,45.1874822698253
8131,24.131451013082568,59.772931516017614
8132,147.95106311836275,-19.91453618737193
8133,13.905808376397623,39.684310670899926
8134,2.998869412764173,51.320012897156715
8135,2.998869412764173,51.320012897156715
8136,115.66445897996897,-31.938985445905328
8137,-75.00293182640392,38.759065805004184
8138,3.3149811522761627,51.75760645700928
8139,-1.7917980818599561,50.74454575105167
8140,-5.940701849796916,53.02769595932295
8141,10.853422445864933,42.19314499803669
8142,18.36107034886422,54.430238418295346
8143,8.563531720012266,53.565274876562086
8144,0.9891367403206243,50.69540317840796
8145,4.154545574196159,51.28691049538806
8146,4.906580598825915,52.44715116911814
8147,4.435605112185421,52.40055216447325
8148,103.75505180053618,1.1887482666437166
8149,18.21554883802854,54.544627858085235
8150,31.041069299404118,37.029455100467686
8151,-1.420390459698508,50.89945962889992
8152,13.706970655129696,40.681793631428356
8153,-0.9546272223638362,54.88677912737763
8154,12.668387709695978,39.58856969111811
8155,10.047901207672444,41.9713296543261
8156,11.669025003249105,54.64518687167867
8157,18.49118342019258,57.461777017145465
8158,-15.418493217036717,28.14301776249103
8159,-110.13137897128375,21.63589041146992
8160,4.975126698684208,53.78963283771929
8161,2.1949140211103533,51.81733111975788
8162,-122.4426421587378,47.31709908637828
8163,1.6259075025523344,52.92908082551976
8164,116.08774139766567,6.0422118978832815
8165,5.658032445797227,43.392799217791215
8166,2.681211454495857,51.32471768200377
8167,8.552286756035498,53.57707281534212
8168,8.562661228928222,53.599824990241004
8169,3.4419583052629252,52.07541429429886
8170,-0.06826886661473897,39.54324682941612
8171,5.359512368383658,53.47609789570518
8172,0.5994742245390406,39.43527364444759
8173,-5.726658672261847,51.83153293603078
8174,-44.400336734828045,-23.47926854454822
8175,-13.71660834980512,30.921767402143782
8176,17.746431188863905,57.39022480584988
8177,-93.93669869483115,29.862787140620277
8178,-74.50488427800431,16.17803559306285
8179,4.093808132772052,51.32019726641368
8180,21.479671943469633,59.00704036944102
8181,-119.2402039146795,39.0297946426828
8182,10.78172500831911,58.44371699157215
8183,7.744779588700181,39.92502289847186
8184,-13.065292075576368,34.261627855737736
8185,1.1134619103565968,53.13205537936745
8186,3.2415081180197594,51.31069317252357
8187,-122.06241182714602,34.233910307366315
8188,-8.753491631069856,42.22922571861085
8189,4.312199738196405,52.72138113364307
8190,-0.36278150933810044,50.55541025742417
8191,31.386036512896855,36.214265835208536
8192,8.418276899946445,57.03113981514437
8193,11.660749203098568,57.99119314541716
8194,153.15634271096854,-27.372767117827397
8195,-5.048589670026954,35.95197282192223
8196,10.86069091787485,53.94371974789423
8197,175.65479767764865,-36.4226142643844
8198,-7.962687539767895,43.58720716499294
8199,-0.6180757462943326,36.982774068224465
8200,-9.483705138250077,43.422919161611986
8201,-2.2501267437673094,50.11334823661945
8202,-80.83769946899278,31.125408363814298
8203,3.2397906065677144,51.3108391051717
8204,-0.05997744720988856,39.284551257414066
8205,3.1531986914536874,52.248623661560195
8206,8.549330615916983,53.574013926594404
8207,-81.26849706876474,30.476057983074803
8208,12.394199261548005,54.937678030997596
8209,-81.38767370594496,31.11998835181232
8210,1.8049314257421847,40.65876350872033
8211,-8.087188276127533,34.71453169155222
8212,5.485396049735261,52.73383560724987
8213,-1.0734043947112686,50.702609719207246
8214,3.2415081180197594,51.31069317252357
8215,2.0696578606698894,51.53733282486343
8216,-9.321918784186526,37.20598226298235
8217,10.89110646918409,41.82885187751566
8218,-74.60029614136403,40.38758028818855
8219,174.2479084166667,-41.485137288333355
8220,4.382501190719441,52.90605972111139
8221,21.663124505026044,59.971651230813
8222,3.170862653109353,51.321471425708424
8223,11.55514924407612,54.41425174206025
8224,4.215846336876659,52.75063503041052
8225,4.005655193870795,51.35173458673347
8226,153.15831187145326,-27.3810720413557
8227,31.68800016910995,35.9146666193717
8228,-6.313137846105067,47.553231274431056
8229,-73.8233612948664,32.24774128228565
8230,-0.846647230970335,54.801523841272264
8231,1.3206436850121712,37.58330908247198
8232,-9.129192160582505,40.985102296673666
8233,-75.66027002532296,37.76973281272276
8234,16.525220102258906,38.25183380705873
8235,120.6996815230769,14.724490063461532
8236,3.666462315688175,52.25446912461183
8237,-8.770248560162873,42.23012917444969
8238,0.30811892421813214,51.04950872484411
8239,-5.72075997819619,51.83279882532373
8240,-75.00512058131935,38.75360460254192
8241,-110.12085697128376,21.630215611469918
8242,-5.23700378865341,36.22164509169985
8243,-0.06826886661473897,39.54324682941612
8244,175.6534995679137,-36.42491964051405
8245,29.46792745591155,40.712426040664816
8246,-7.926532794037504,43.60375094130667
8247,3.2415081180197594,51.31069317252357
8248,174.23535231666673,-41.47933588833335
8249,4.3765692239754355,52.837782114776616
8250,-1.0844784558021778,50.70589666157089
8251,-8.076890752205719,44.00358021283367
8252,-74.50113029800431,16.161131793062854
8253,124.50375202802908,-33.093240921213685
8254,-3.138820698881647,51.40805400892861
8255,-122.45491249264181,47.30272029561058
8256,-3.615557002045746,51.29005582884328
8257,-67.50041360241178,17.660884673705894
8258,0.6539132664171119,50.81238129101608
8259,15.524048052781113,55.73329426316899
8260,-15.980837961716482,26.12967254146006
8261,115.67442652190479,-32.04374981280411
8262,12.708143153450226,54.730298132325615
8263,8.611072794065048,53.764830016878975
8264,7.164424852958367,53.33524826222499
8265,5.349191388157066,52.84849709417153
8266,10.222053252382102,41.65842034139568
8267,-4.803026603661125,36.549614619828006
8268,172.89959979556818,-43.4596814835397
8269,-7.222116416962732,45.18539178982531
8270,24.14990536713269,59.77599871394886
8271,2.9988692641927446,51.32001283429957
8272,2.9988692641927446,51.32001283429957
8273,115.66445897996897,-31.938985445905328
8274,13.905808376397623,39.684310670899926
8275,3.3175408522761627,51.76362515700928
8276,-5.940330092654058,53.02713512932294
8277,8.563531720012266,53.565274876562086
8278,18.363661302662443,54.432243530235866
8279,-0.06313794720988854,39.284735457414065
8280,4.154545574196159,51.28691049538806
8281,1.1236396803324757,50.774580951814606
8282,18.15073437919095,54.60087499226148
8283,4.435604578852088,52.40055235336214
8284,4.906580598825915,52.44715116911814
8285,103.75505180053618,1.1887482666437166
8286,21.65974348002604,59.971964922479664
8287,31.038524599404116,37.02643680046769
8288,-1.4189802508026177,50.89808484123714
8289,-0.5699283974847945,37.005524836845304
8290,13.706969955129699,40.68179373142835
8291,11.661312496344342,54.666342239535815
8292,-15.418493117036716,28.1430179291577
8293,18.352655070192593,57.42973106714548
8294,4.118527756814444,51.29152409338405
8295,2.1949449011103535,51.816601999757886
8296,8.256853767518336,53.86262024964834
8297,6.5800587466666665,53.80054160999999
8298,-6.8341976351485725,35.11518008178625
8299,1.6347982431900017,52.92116902683454
8300,-122.4426421587378,47.31709908637828
8301,116.08773573099903,6.042208881216616
8302,5.657239645797228,43.39349261779122
8303,12.394199261548005,54.937678030997596
8304,8.552286756035498,53.57707281534212
8305,2.6373948875000015,38.591226141666645
8306,7.7448591887001825,39.92539269847186
8307,-13.65903995836481,31.000895364309585
8308,8.569365765266397,57.13901274472128
8309,27.196932349999994,-28.36159215000002
8310,-8.045180580108411,34.749152193336116
8311,-119.24122778134615,39.0313462426828
8312,4.312199738196405,52.72138113364307
8313,-14.244151493363939,28.335648578557624
8314,3.535923939588321,52.13891805517188
8315,-122.06348922714601,34.23540030736632
8316,5.356993068383658,53.47520109570518
8317,21.47662284346963,59.00430601944102
8318,153.15634271096854,-27.372767117827397
8319,8.562661228928222,53.599824990241004
8320,2.7163286041235915,51.31928389145448
8321,31.387531112896855,36.211703735208545
8322,-74.60029614136403,40.38758028818855
8323,-9.472371679526562,43.46587826133408
8324,-81.26849706876474,30.476057983074803
8325,-9.321918784186526,37.20598226298235
8326,11.568343724076119,54.417926342060255
8327,-122.44304987338447,47.34506786491647
8328,-81.31480380771026,31.22634383341463
8329,10.882910013632737,42.16534733270204
8330,11.660749203098568,57.99119314541716
8331,10.042847543772034,41.959255020870124
8332,-44.40096112982805,-23.480084991984114
8333,-110.24245250458256,24.41897360936386
8334,-80.84247172610984,31.125257657353508
8335,-8.753491631069856,42.22922571861085
8336,3.2415081180197594,51.31069317252357
8337,-6.310873811382845,47.552546750819936
8338,-1.7917980818599561,50.74454575105167
8339,-13.102017932249138,34.2017580359743
8340,3.173089578226174,52.25004119224803
8341,17.794606686446873,57.417563658952346
8342,1.1678944763805565,53.11484874730676
8343,4.005655193870795,51.35173458673347
8344,-5.075175868919294,35.92608429970691
8345,-2.2501267437673094,50.11334823661945
8346,10.86069091787485,53.94371974789423
8347,4.215846336876659,52.75063503041052
8348,1.902106153361232,40.66520427348223
8349,10.832440498703729,58.385622275033704
8350,3.2397906065677144,51.3108391051717
8351,0.6010579995390405,39.43539845278093
8352,147.94893521836275,-19.918923487371927
8353,8.549330615916983,53.574013926594404
8354,17.76081609249543,37.577900525442516
8355,29.283772328840058,40.84544922758102
8356,10.863649420142833,41.866687303742175
8357,153.15831187145326,-27.3810720413557
8358,5.481726149735261,52.738584682249886
8359,2.070934560669889,51.536996424863425
8360,-0.3893435002568955,50.55332625575582
8361,3.170862653109353,51.321471425708424
8362,31.69071051910995,35.91102521937171
8363,-93.93669869483115,29.862787140620277
8364,4.093808132772052,51.32019726641368
8365,12.708143153450226,54.730298132325615
8366,-14.171442832583441,29.58978965344845
8367,14.874938001440034,37.92809300971126
8368,21.608524750494226,58.79965397501828
8369,8.243798185733262,53.85948712094101
8370,27.196571249999984,-28.360623750000023
8371,29.46792745591155,40.712426040664816
8372,16.524744905800574,38.25193361518374
8373,-0.0642240488765552,39.2835760307474
8374,-75.00512058131935,38.75360460254192
8375,-5.23700378865341,36.22164509169985
8376,-0.5467904398029817,37.03309923034971
8377,-1.0931443610900744,50.70942266897395
8378,174.22573936666674,-41.471562863333354
8379,0.2987956117181322,51.053390833177446
8380,-13.445570788550187,29.672368064319627
8381,5.3581752683836585,53.47558449570518
8382,-122.44304987338447,47.34506786491647
8383,29.283772328840058,40.84544922758102
8384,-93.93669869483115,29.862787140620277
8385,175.65358816791368,-36.42435294051405
8386,3.2415081180197594,51.31069317252357
8387,-7.850057489275599,43.732138105592384
8388,4.438908214401848,52.810214682661645
8389,-8.077187895539053,44.00638352950033
8390,-122.45491249264181,47.30272029561058
8391,124.50245298279094,-33.09349296089623
8392,-3.138820698881647,51.40805400892861
8393,-67.4474765742823,17.704241508922465
8394,-5.720382488412642,51.80379251599148
8395,15.5716256469352,55.73068953411137
8396,115.67442704988459,-32.043750315632394
8397,-8.770248560162873,42.23012917444969
8398,8.562237756859616,53.758613464240206
8399,7.164424852958367,53.33524826222499
8400,5.175443404823731,52.77473553167153
8401,172.90005122598376,-43.459401417561345
8402,-4.803026603661125,36.549614619828006
8403,24.230261180759417,59.793812479620776
8404,13.905808376397623,39.684310670899926
8405,-110.07075707342665,21.60377546361277
8406,2.9988692641927446,51.32001283429957
8407,2.9988692641927446,51.32001283429957
8408,3.3174602445320547,51.761958239260366
8409,115.66446246330231,-31.938983807016438
8410,-5.940583633253474,53.02590332141359
8411,8.563531720012266,53.565274876562086
8412,18.36366040748342,54.43224447209121
8413,1.2385724264059796,50.88465907553532
8414,4.154036528748034,51.286886613352145
8415,-14.201403765756668,28.47229575985729
8416,4.906580598825915,52.44715116911814
8417,4.43560467468542,52.40055271360023
8418,0.605938143181818,50.78902410454547
8419,-0.05913379093842753,39.5466925375789
8420,103.75505180053618,1.1887482666437166
8421,31.035645199404115,37.0280745004677
8422,17.990832871021475,54.68751160376039
8423,10.875727136020693,41.8881706354979
8424,-1.415471832641905,50.89661044743852
8425,-81.26849706876474,30.476057983074803
8426,-81.29904755002646,31.245850231858395
8427,-13.139403893383836,34.12079155167567
8428,13.632490982907477,40.74173262031724
8429,-74.50683799800431,16.160616443062853
8430,11.643002989677676,54.68052974286914
8431,-15.458918746961206,28.160193675624797
8432,-13.6069113345876,31.09857985429114
8433,17.802438233170932,57.42264293076009
8434,147.94930471836275,-19.91931638737193
8435,10.0589751604387,41.89977543753679
8436,9.99845245816815,53.53161074906724
8437,8.88253728100103,57.297218181491246
8438,18.251739586132768,57.39252331915404
8439,153.15541151260334,-27.389710579822314
8440,7.745303083700182,39.92496627347186
8441,2.1886233511103534,51.81552369975789
8442,-9.129009497775495,40.99709252545554
8443,-6.840856152603554,35.10220262204435
8444,-122.4426421587378,47.31709908637828
8445,-9.29636009102413,37.14581076583135
8446,6.607646046666666,53.788606509999994
8447,-110.19906678919075,24.46061284112165
8448,-7.222116416962732,45.18539178982531
8449,-5.0553280588315745,35.9284010753648
8450,-119.27891411467945,39.135643842682796
8451,-122.06713131047933,34.236316657366324
8452,4.090302837521704,51.3203998681717
8453,-0.3893435002568955,50.55332625575582
8454,31.384651712896854,36.21334143520855
8455,31.690132819109955,35.91193671937171
8456,116.08698328814188,6.0414655669309
8457,1.6500873893474957,52.90838457038981
8458,8.552286756035498,53.57707281534212
8459,5.675216456516089,43.3880204341224
8460,-6.248528744716179,47.60177815081994
8461,11.625901850742787,54.43851684539361
8462,3.666462315688175,52.25446912461183
8463,-74.60029614136403,40.38758028818855
8464,153.15490685537736,-27.377118549544498
8465,-15.92645674100365,26.19287154809912
8466,-44.40763682982804,-23.483466691984116
8467,4.086502613651106,51.2995419942607
8468,2.7163286041235915,51.31928389145448
8469,17.76175249249543,37.57769102544252
8470,3.2397906065677144,51.3108391051717
8471,10.882910013632737,42.16534733270204
8472,21.66918934590516,59.968944930666495
8473,11.660749203098568,57.99119314541716
8474,-80.84247172610984,31.125257657353508
8475,3.2415081180197594,51.31069317252357
8476,-3.6151763308711162,51.29060556699526
8477,8.549330615916983,53.574013926594404
8478,-8.000032087632322,34.779901885730304
8479,5.466575091420243,52.71810248988725
8480,10.222053552382102,41.65842064139568
8481,2.070934560669889,51.536996424863425
8482,3.173089578226174,52.25004119224803
8483,-1.7916934895522638,50.74450734335935
8484,12.42192160716204,54.94946402222567
8485,4.229778710873571,52.67686775915488
8486,10.90758951675107,58.34203357887987
8487,0.6161881595390405,39.43034811278091
8488,-8.753491631069856,42.22922571861085
8489,3.170862653109353,51.321471425708424
8490,1.315187933120597,53.101164457473466
8491,1.901558753361232,40.66511367348224
8492,8.555640143162037,53.60522594141126
8493,3.522109672799555,52.13179370978114
8494,21.474761843469636,59.00063191944102
8495,-9.473179573475143,43.48688131662149
8496,-2.2501251463792498,50.112961934194075
8497,10.86069091787485,53.94371974789423
8498,4.215846336876659,52.75063503041052
8499,4.01797652633689,51.34523090631038
8500,-5.727025713590928,51.81711709016583
8501,4.320975978842937,53.18674382660814
8502,29.46792745591155,40.712426040664816
8503,0.2482311225260007,51.03064451459074
8504,-74.54752544800434,16.229213718062848
8505,21.66137774705346,60.00060317868097
8506,16.524164685396162,38.252119565490105
8507,-0.5460303822993742,37.016999474216966
8508,-1.1083440518965262,50.71290718733032
8509,-14.13738932049984,29.692974054206662
8510,-75.65917457532296,37.727726112722756
8511,-6.837373692450161,35.099609693214816
8512,29.283772328840058,40.84544922758102
8513,-13.470023873470822,29.64608327545719
8514,0.6236042781818182,50.80269581454548
8515,15.130539809937881,56.25998756720496
8516,-14.370308828381367,29.639059825050857
8517,10.830020678295982,41.93425269182817
8518,-1.406054553877275,50.88649533573824
8519,13.720651938463028,40.68325886476168
8520,18.31027690519258,57.42108572214547
8521,-0.4048435023402289,50.551545097283594
8522,11.608901096582438,54.66353417501201
8523,-15.418493337036717,28.143018157036487
8524,2.1946092410761446,51.80836192862697
8525,-9.124345197775497,41.00731740045555
8526,-122.4426421587378,47.31709908637828
8527,1.6671509218571183,52.90108836606724
8528,116.08774530562022,6.042219672183982
8529,5.70793386703161,43.38963918887047
8530,-0.06826886661473897,39.54324682941612
8531,5.359512368383658,53.47609789570518
8532,-122.44304987338447,47.34506786491647
8533,-93.93669869483115,29.862787140620277
8534,-7.822298922608933,43.79823642225905
8535,175.65432581449076,-36.41843665648966
8536,3.2415081180197594,51.31069317252357
8537,-110.29167474234856,24.389198062789397
8538,10.919135766751065,58.326586028879845
8539,174.21131206666672,-41.468432905000014
8540,4.428971799019329,52.73459320536991
8541,-8.081726146980493,43.98954061841925
8542,-3.138820698881647,51.40805400892861
8543,-122.45491249264181,47.30272029561058
8544,-67.33983637539342,17.703945634478018
8545,124.50478177247355,-33.092891732324794
8546,16.16515233692449,55.991213956123666
8547,115.674425844127,-32.043750579470775
8548,-8.770248560162873,42.23012917444969
8549,8.562237756859616,53.758613464240206
8550,-5.23700378865341,36.22164509169985
8551,7.164424852958367,53.33524826222499
8552,-4.803026603661125,36.549614619828006
8553,172.8994462563756,-43.45973525891574
8554,147.93638067952978,-19.900963416084206
8555,-7.221670516962731,45.1853905898253
8556,8.549330615916983,53.574013926594404
8557,24.236104274172114,59.79718620168426
8558,-8.753491631069856,42.22922571861085
8559,21.479671943469633,59.00704036944102
8560,55.34731852947861,25.323022259302952
8561,115.664458367469,-31.93899123340533
8562,8.549330615916983,53.574013926594404
8563,2.998868912764173,51.32001299715671
8564,2.998868912764173,51.32001299715671
8565,-119.21223845467948,39.0257370026828
8566,18.36107042122598,54.43023799770377
8567,-75.00512058131935,38.75360460254192
8568,3.3149811522761627,51.75760645700928
8569,-5.940358149796916,53.02662535932294
8570,4.087765339877173,51.32006558405913
8571,8.563531720012266,53.565274876562086
8572,-14.173889422661427,28.616722507277917
8573,4.109195068638892,51.2684645263314
8574,3.565845856911553,52.16379084623248
8575,27.195203049999986,-28.36428935000002
8576,-13.57106365791336,31.1194470451785
8577,9.02027905824217,57.345215641903906
8578,-80.85136441703989,31.119044527392706
8579,-7.921121037543489,34.794314114919636
8580,1.8049314257421847,40.65876350872033
8581,10.041095643772032,41.95611708753679
8582,4.435605112185421,52.40055216447325
8583,-122.06101902714602,34.23196340736631
8584,3.666462315688175,52.25446912461183
8585,4.906580598825915,52.44715116911814
8586,12.393568123086467,54.9367261559976
8587,-13.138521730050504,34.079902170564566
8588,4.215846336876659,52.75063503041052
8589,6.6506955533333345,53.76302806999999
8590,103.75505180053618,1.1887482666437166
8591,-5.074827775903662,35.90520007251382
8592,-6.317575187978923,47.75473165583026
8593,1.315187933120597,53.101164457473466
8594,31.386036512896855,36.214265835208536
8595,8.552286756035498,53.57707281534212
8596,-9.463306037241269,43.54470692064956
8597,31.68800016910995,35.9146666193717
8598,7.744488263700182,39.92496872347186
8599,11.737461319631675,54.48402233459994
8600,-74.60029614136403,40.38758028818855
8601,-81.16725437748778,31.388145176706484
8602,17.718155483286434,54.801510108430705
8603,10.872050782048088,42.17666310030959
8604,-44.406324634828046,-23.48327394454822
8605,4.012612285278717,51.308990373213916
8606,3.2397906065677144,51.3108391051717
8607,1.9037486572906115,51.43453824993567
8608,3.170862653109353,51.321471425708424
8609,3.2415081180197594,51.31069317252357
8610,1.249896772747443,50.88211060457132
8611,31.04067129940412,37.02963180046768
8612,-3.6200608555941334,51.28970580435366
8613,153.15831187145326,-27.3810720413557
8614,5.473071676658338,52.718794934172955
8615,-15.907694301003648,26.231269204765795
8616,8.563108107350166,53.612061871702444
8617,-6.313137846105067,47.553231274431056
8618,3.173089578226174,52.25004119224803
8619,17.85010921385651,57.43867548534402
8620,153.15634271096854,-27.372767117827397
8621,4.01797652633689,51.34523090631038
8622,4.176980489276221,52.65982256879419
8623,10.86069091787485,53.94371974789423
8624,-110.02376713080757,21.57898386277943
8625,11.660749203098568,57.99119314541716
8626,2.7163286041235915,51.31928389145448
8627,17.814249583404525,37.56980973453343
8628,-2.2501267437673094,50.11334823661945
8629,10.222053452382102,41.65841914139569
8630,-9.2846602018368,37.14057592022988
8631,0.5950271756619719,39.426522808892024
8632,5.252569081014208,52.83548676560009
8633,-1.7917980818599561,50.74454575105167
8634,-81.26849706876474,30.476057983074803
8635,13.905808376397623,39.684310670899926
8636,4.103627610636145,53.04007925015127
8637,-14.376379495048035,29.624545091717533
8638,-73.86627639486643,32.25432368228565
8639,55.34731789197861,25.32302243430295
8640,-0.5248630989660408,37.0205239873122
8641,29.283772328840058,40.84544922758102
8642,-8.753491631069856,42.22922571861085
8643,18.246195670577205,57.39741544137627
8644,15.144401709937883,56.25831891720497
8645,-1.1553346099362283,50.70159049587871
8646,16.525220052258906,38.25183390705874
8647,-14.122147290499838,29.70311220920666
8648,10.830020678295982,41.93425269182817
8649,13.720634987086882,40.68329744916536
8650,11.607487218249103,54.66752935001201
8651,-15.418493237036717,28.143018323703153
8652,-0.4048435023402289,50.551545097283594
8653,2.1946401210761444,51.80763280862698
8654,-122.4426421587378,47.31709908637828
8655,1.6731815029350618,52.89634053254086
8656,116.08774310562023,6.042215372183981
8657,-6.870434202639236,35.07136854877854
8658,5.70714036703161,43.390332188870474
8659,5.356993068383658,53.47520109570518
8660,-122.44304987338447,47.34506786491647
8661,-93.93669869483115,29.862787140620277
8662,-6.299052411847611,47.77918730648674
8663,-7.8128446226089325,43.79931902225905
8664,175.65299766865743,-36.418167223156324
8665,3.2415081180197594,51.31069317252357
8666,174.20154459275366,-41.47602682673915
8667,4.440978188110238,52.74197080900627
8668,-8.081726146980493,43.98954061841925
8669,124.50416399747354,-33.0931665073248
8670,-122.45491249264181,47.30272029561058
8671,-3.138820698881647,51.40805400892861
8672,-67.36257792865973,17.703453513875004
8673,115.67442652190479,-32.04374981280411
8674,16.173243135637545,56.009112057718895
8675,8.562237756859616,53.758613464240206
8676,0.31000024434418255,51.05135446368165
8677,-8.709997160162875,42.322779277897965
8678,-9.113673051578905,41.03159244777118
8679,10.040326943772033,41.952049920870124
8680,-122.05982392714601,34.23162390736631
8681,7.164424852958367,53.33524826222499
8682,-4.803026603661125,36.549614619828006
8683,172.89925318256607,-43.4598094612967
8684,-81.14434124289963,31.41743233134704
8685,-7.281815021133818,45.13160637868939
8686,24.226763307505447,59.79056756835092
8687,2.998868912764173,51.32001299715671
8688,2.998868912764173,51.32001299715671
8689,115.664458367469,-31.93899123340533
8690,-119.21345735467946,39.025357102682804
8691,-110.25351163195054,24.40871115850338
8692,2.4593982875000004,38.651690341666665
8693,-75.00512058131935,38.75360460254192
8694,3.3204677522761625,51.76014615700929
8695,-5.9403728497969155,53.02721845932294
8696,8.563531720012266,53.565274876562086
8697,18.361070488057575,54.43023832416684
8698,-13.497093788550186,29.642113214319625
8699,0.6306003064171121,50.80337213101607
8700,31.388536112896855,36.21014073520853
8701,4.108949824334243,51.26887059706405
8702,9.99845296788262,53.53160534493523
8703,3.2415081180197594,51.31069317252357
8704,-7.943128318138723,34.778379009999
8705,4.435604245518753,52.40055223113992
8706,8.549330615916983,53.574013926594404
8707,4.087771679459297,51.31763338483351
8708,3.666462315688175,52.25446912461183
8709,4.906580598825915,52.44715116911814
8710,-13.162236938979074,34.06078124774711
8711,6.658414153333333,53.75798626999998
8712,103.75505180053618,1.1887482666437166
8713,-13.57985105419046,31.140073587440778
8714,17.883354977745398,57.44580980756623
8715,8.552286756035498,53.57707281534212
8716,-9.463306037241269,43.54470692064956
8717,31.690964319109952,35.910642519371706
8718,17.72989553328643,54.80096945843073
8719,-74.60029614136403,40.38758028818855
8720,147.9255331316088,-19.88839520408403
8721,4.00248900572897,51.30974052257402
8722,17.818670983404523,37.56864123453343
8723,13.905808376397623,39.684310670899926
8724,7.744256438700184,39.92533179847186
8725,-44.40694912982804,-23.484090561214884
8726,10.854613014969555,42.19579170037536
8727,-0.06826886661473897,39.54324682941612
8728,153.15831187145326,-27.3810720413557
8729,27.198620649999995,-28.36374545000002
8730,1.260898997922268,50.88774042390659
8731,-9.220208654069943,37.00884844629712
8732,3.170862653109353,51.321471425708424
8733,-3.5782941651957687,51.26481205944493
8734,8.563108107350166,53.612061871702444
8735,-6.313512712771734,47.55195074109772
8736,9.02027905824217,57.345215641903906
8737,-14.164531677382278,28.637723124371515
8738,10.923843066751068,58.31648162887986
8739,10.86069091787485,53.94371974789423
8740,-5.754459678196191,51.878710613323726
8741,21.478078143469634,59.00472286944102
8742,153.15634271096854,-27.372767117827397
8743,4.028759364440273,51.341603228781054
8744,5.478372876658337,52.71853153417296
8745,-5.108169954825231,35.880608126190296
8746,-2.2501267437673094,50.11334823661945
8747,-80.85136441703989,31.119044527392706
8748,3.194553854255539,52.26424009809755
8749,11.660749203098568,57.99119314541716
8750,2.7163286041235915,51.31928389145448
8751,4.215846336876659,52.75063503041052
8752,1.8041390390755176,40.656975602053656
8753,-15.776336634374037,26.463535268846293
8754,31.03919459940412,37.02539480046769
8755,10.222053252382102,41.65842034139568
8756,0.605679210847157,39.44498474407721
8757,11.857352844631675,54.52510542730826
8758,8.549330615916983,53.574013926594404
8759,-1.7917980818599561,50.74454575105167
8760,-81.26849706876474,30.476057983074803
8761,3.571387487863934,52.16711873750232
8762,-1.4160737544012523,50.89549434373187
8763,3.2397906065677144,51.3108391051717
8764,1.8727171072906115,51.41605299993567
8765,1.315187933120597,53.101164457473466
8766,5.282683074935776,52.859572858933426
8767,4.176980489276221,52.65982256879419
8768,12.393568123086467,54.9367261559976
8769,-109.99024163080759,21.55461336277943
8770,-14.10842721869533,29.713693734645258
8771,0.7206752064171124,50.82556943101606
8772,16.524744855800574,38.25193371518374
8773,-5.23700378865341,36.22164509169985
8774,14.863496726176477,37.90485099341443
8775,27.197303449999986,-28.364377150000017
8776,29.283772328840058,40.84544922758102
8777,-110.21795909783992,24.441832169084574
8778,2.3044137511363636,39.14385223712122
8779,7.164424852958367,53.33524826222499
8780,-4.8101376809338525,36.54648464937346
8781,172.89970838256605,-43.459534927963375
8782,-7.571143199076606,44.838678964508944
8783,24.251988207505452,59.79549625168426
8784,115.664458367469,-31.93899123340533
8785,-5.941218129042948,53.029600534045166
8786,3.3172945522761625,51.76397819986642
8787,18.363661013280687,54.43224420943714
8788,-75.00512058131935,38.75360460254192
8789,4.108893114067298,51.268886095076695
8790,4.906580598825915,52.44715116911814
8791,4.43560467468542,52.40055271360023
8792,3.666462315688175,52.25446912461183
8793,103.75505180053618,1.1887482666437166
8794,17.678827876143572,54.804771600494206
8795,31.035645199404115,37.0280745004677
8796,10.830020678295982,41.93425269182817
8797,-1.3662791390325617,50.89241952362512
8798,13.720634987086886,40.68329724916535
8799,-0.4385607070388363,50.54539761076427
8800,-15.418493224113895,28.143018889138293
8801,11.59467344333682,54.68461449124008
8802,18.277104090577215,57.41387149637626
8803,2.1883182710761444,51.80655440862698
8804,-122.4426421587378,47.31709908637828
8805,-6.859576888817512,35.074336931150604
8806,1.6731815029350618,52.89634053254086
8807,116.08775433895359,6.042250855517315
8808,5.723793037991206,43.38836568508259
8809,11.175455196751072,58.05339758887986
8810,-0.06826886661473897,39.54324682941612
8811,-122.44304987338447,47.34506786491647
8812,5.3581752683836585,53.47558449570518
8813,1.291977283934173,50.906417590573255
8814,-93.93669869483115,29.862787140620277
8815,-122.05989837714598,34.23150515736632
8816,4.086718935535621,51.31802452895834
8817,175.65280930475583,-36.420803832619306
8818,29.46792745591155,40.712426040664816
8819,-7.850414989275599,43.73237245559238
8820,3.2415081180197594,51.31069317252357
8821,-1.158376892065958,50.703765954903474
8822,174.2034245927537,-41.47486065173916
8823,-5.1081742048252305,35.88061332619029
8824,4.441746404776905,52.740472492339606
8825,-8.082103080313827,43.99356278508592
8826,124.50243302802909,-33.093493921213685
8827,-3.138820698881647,51.40805400892861
8828,29.423377799999976,-31.11784069999999
8829,-122.45491249264181,47.30272029561058
8830,147.9227453316088,-19.89011060408403
8831,11.94454157240945,54.55031043286382
8832,-67.35319313395735,17.70038961500596
8833,-81.12789172571061,31.433566096173184
8834,-9.2199211609416,37.00758622199231
8835,10.036633243772036,41.94471487087013
8836,8.148961371533352,53.82530748274901
8837,16.029290163994485,56.0394709387056
8838,-15.666782675076856,26.690252192167254
8839,0.2672968431320616,51.04401116605539
8840,21.474761843469636,59.00063191944102
8841,115.67442531079367,-32.04374996835966
8842,-119.25775090467947,39.131489486016136
8843,8.549330615916983,53.574013926594404
8844,4.215846336876659,52.75063503041052
8845,-8.709997160162875,42.322779277897965
8846,-14.428352058405787,29.46084068423584
8847,9.998453646083835,53.531609273800434
8848,17.8738543258704,57.43516810902457
8849,-9.461991206030664,43.546497636832186
8850,17.81520378340452,37.56939933453343
8851,-44.57949797982804,-23.586472691984117
8852,3.991657839072044,51.31192304687647
8853,-9.116162297852503,41.03214396110764
8854,-13.445570788550187,29.672368464319625
8855,8.562237756859616,53.758613464240206
8856,-3.5995823163649066,51.2574237573942
8857,3.2415081180197594,51.31069317252357
8858,-7.866169848090022,34.76601453919814
8859,-6.3004951985623325,47.51726641375701
8860,-80.85136441703989,31.119044527392706
8861,-14.148930597382282,28.70280357103817
8862,8.563531720012266,53.565274876562086
8863,3.194553854255539,52.26424009809755
8864,1.382451313309891,53.07430655976687
8865,-2.2501267437673094,50.11334823661945
8866,9.108881678736516,57.40107259429842
8867,8.549330615916983,53.574013926594404
8868,4.1952486357979595,52.67281205444636
8869,13.905808376397623,39.684310670899926
8870,11.660749203098568,57.99119314541716
8871,2.7163286041235915,51.31928389145448
8872,2.9988687641927445,51.32001293429957
8873,2.9988687641927445,51.32001293429957
8874,-81.26849706876474,30.476057983074803
8875,1.901558753361232,40.66511367348224
8876,4.037646003149948,51.3362012420875
8877,-1.7916934895522638,50.74450734335935
8878,3.2397906065677144,51.3108391051717
8879,10.847888705763205,42.204059418867416
8880,10.222053752382102,41.65842024139568
8881,1.8739938072906117,51.41571659993568
8882,0.6837615911710984,39.51778576819069
8883,5.4129350838011945,52.719902187744395
8884,3.619038476475046,52.20880852028009
8885,-6.299128984644545,47.77821263943692
8886,3.170862653109353,51.321471425708424
8887,153.15831187145326,-27.3810720413557
8888,8.552286756035498,53.57707281534212
8889,5.234148748745301,52.83687308750486
8890,15.168407534937888,56.24311941720495
8891,-8.753491631069856,42.22922571861085
8892,-13.26755938556716,33.91434091196113
8893,31.384651712896854,36.21334143520855
8894,-74.60029614136403,40.38758028818855
8895,8.546212639487305,53.61625119473343
8896,31.690132819109955,35.91193671937171
8897,12.407200889753133,54.94214268933093
8898,-13.561539059077282,31.23224904863551
8899,6.638322520000002,53.84259848666666
8900,153.15634271096854,-27.372767117827397
8901,10.86069091787485,53.94371974789423
8902,7.7438369387001815,39.92526229847186
8903,-5.755445588412641,51.87288091599148
8904,27.197511549999987,-28.36320475000002
8905,-5.1081742048252305,35.88061332619029
8906,-73.88123749486643,32.255261882285666
8907,2.1270977308264434,41.01291673813441
8908,-13.470015844409334,29.646086948767525
8909,-6.25448476949293,47.85252144494846
8910,-8.727590260717312,42.02492733079723
8911,29.46792745591155,40.712426040664816
8912,55.34731758185957,25.323021946604545
8913,0.7531213181818185,50.85620495454546
8914,13.905808376397623,39.684310670899926
8915,0.26875603944158544,51.0437432548649
8916,172.90037216887558,-43.45917648011139
8917,-0.4926981085476874,37.08139744181962
8918,13.747265137086883,40.64141709916535
8919,-0.06881683320213491,39.54243724118781
8920,-14.103387436427179,29.794766483264517
8921,-1.171943883536226,50.71318497844881
8922,16.524164685396162,38.252119565490105
8923,115.67442972992244,-32.043753519942804
8924,16.090845848415054,56.06047206659227
8925,-8.709997160162875,42.322779277897965
8926,8.562237756859616,53.758613464240206
8927,7.164424852958367,53.33524826222499
8928,-4.8101376809338525,36.54648464937346
8929,-7.661180723812465,44.7371880153174
8930,24.341780915046925,59.81558842240177
8931,2.316349967803031,39.69714438712122
8932,14.856062787843145,37.91668465341442
8933,115.66445491974171,-31.93899730284977
8934,-75.00512058131935,38.75360460254192
8935,3.320830652276163,51.75930795700928
8936,-5.9357793721291365,53.011057121247205
8937,-44.62706278304232,-23.595268773119642
8938,18.36107091441412,54.430239328954286
8939,4.107840370143623,51.26927723920152
8940,3.7555357247277543,52.337640557745935
8941,4.906580651347065,52.44715118192695
8942,4.435605320518754,52.40055238113992
8943,103.75514766952656,1.188683997172563
8944,17.306506348611116,54.86836842777774
8945,12.045613428011757,54.57638034383253
8946,31.041893799404114,37.028665800467685
8947,10.839728673359962,41.928488214230946
8948,-5.23700378865341,36.22164509169985
8949,-1.3612102758295017,50.89018037860453
8950,11.601087978336823,54.70539676957341
8951,18.278461566031748,57.43030773986109
8952,-15.418493324113895,28.143018722471624
8953,-0.48056879003026787,50.53867497770119
8954,9.998455032638857,53.531606253056914
8955,-13.56041990657728,31.23510097196884
8956,2.1727826553618588,51.80201425719841
8957,-6.836510168420687,35.08387790507918
8958,2.9988690127641733,51.3200130971567
8959,2.9988690127641733,51.3200130971567
8960,-122.4426421587378,47.31709908637828
8961,-110.1313508645455,24.53396674458311
8962,1.6790473779003523,52.89210208301384
8963,116.08774837228688,6.042215313850648
8964,5.727807225147169,43.38468112766669
8965,11.38717832175107,57.77615846387987
8966,10.042068543772034,41.95526718753679
8967,-81.08651849421314,31.481276588321965
8968,21.479749854580746,59.00688830277435
8969,5.346192948383658,53.50460751570518
8970,12.3704915795385,54.90525303624019
8971,-122.44304987338447,47.34506786491647
8972,-6.269884713284555,47.53157143736812
8973,-14.147822400596569,28.718855046633408
8974,8.549330615916983,53.574013926594404
8975,-14.5092287037975,29.098493160948582
8976,29.283772328840058,40.84544922758102
8977,-93.93669869483115,29.862787140620277
8978,4.105633670660009,51.32974533684188
8979,175.65446557560188,-36.418950128711884
8980,3.2415081180197594,51.31069317252357
8981,-109.95373710720204,21.531657819643446
8982,-7.826889912219323,43.78360980667464
8983,174.18468809275367,-41.510285776739146
8984,4.439149057901904,52.740156651714614
8985,7.742347440604943,39.92617377942424
8986,-8.081473780313827,43.99048535175259
8987,124.50478187247354,-33.0928916323248
8988,9.772847631693015,41.86340514027942
8989,29.159509999999983,-30.606040000000004
8990,-119.17449868179057,39.017203908016135
8991,-7.7895801163226475,34.80689440563096
8992,-5.809445152120008,51.685836454636885
8993,-3.138393848881647,51.400089819202584
8994,-9.461991206030664,43.546497636832186
8995,147.9379159316088,-19.902738179084032
8996,-122.05900602714603,34.23048570736631
8997,3.6710179407750574,52.25230245753108
8998,8.549330615916983,53.574013926594404
8999,-122.45491249264181,47.30272029561058
9000,8.08660698565565,53.80724656905451
9001,8.552286756035498,53.57707281534212
9002,-15.58240577005689,26.82854865871992
9003,31.68964906910995,35.9130898193717
9004,-67.35507017966232,17.698890491554984
9005,15.144401709937883,56.25831891720497
9006,31.387685412896854,36.212689035208534
9007,3.9906050951483683,51.3123141910013
9008,-74.60029614136403,40.38758028818855
9009,-2.299982306558007,50.036980450572926
9010,1.291977283934173,50.906417590573255
9011,-9.216665007697983,37.008179680009334
9012,17.814164583404523,37.569828834533425
9013,3.2397906065677144,51.3108391051717
9014,-9.108789673330659,41.04961853445531
9015,11.660749203098568,57.99119314541716
9016,3.2415081180197594,51.31069317252357
9017,4.056683961094378,51.32776442019316
9018,-1.7917980818599561,50.74454575105167
9019,-81.26849706876474,30.476057983074803
9020,-80.85136441703989,31.119044527392706
9021,10.86069091787485,53.94371974789423
9022,10.22205318727572,41.65841950011909
9023,5.425832826658339,52.70944908417296
9024,3.9863135586792975,52.57294828078282
9025,8.563531720012266,53.565274876562086
9026,1.8252846862895797,51.37645585401203
9027,6.696449067142856,53.85707360523807
9028,5.291115891602443,52.85597615893343
9029,-13.326763189530554,33.83330173943621
9030,3.194553854255539,52.26424009809755
9031,3.170862653109353,51.321471425708424
9032,1.4388995990026112,53.06053206529002
9033,-3.58730914969824,51.263207557394196
9034,153.15831187145326,-27.3810720413557
9035,8.546109451754386,53.61614608120342
9036,9.184273472638049,57.42445662836804
9037,0.871731157837765,39.656617884857354
9038,17.925811417537066,57.44473507569124
9039,2.727890410935185,51.31796481326608
9040,4.215846336876659,52.75063503041052
9041,1.8024172605906696,40.6552612875082
9042,153.15634271096854,-27.372767117827397
9043,10.820518371102946,42.23002051714039
9044,-6.225605668640657,47.90635245588595
9045,21.46605623599195,59.90276034089824
9046,-5.809445152120008,51.685836454636885
9047,3.194553854255539,52.26424009809755
9048,-0.5069169543052631,37.118950277707064
9049,-110.11584647487066,24.550452687284547
9050,12.670038743289913,54.70262226301519
9051,27.198566549999992,-28.36426475000002
9052,10.041299843772032,41.95120002087012
9053,174.19048529275366,-41.48480182673915
9054,16.525220052258906,38.25183390705874
9055,7.7424270406049445,39.92654357942424
9056,55.347317465192894,25.323021668826758
9057,147.93773923160882,-19.90210607908403
9058,-109.94553532720204,21.52648034964345
9059,-13.265575060852852,30.0429954406802
9060,-2.895908824289969,48.736381024868905
9061,1.5259484422345875,53.0442411734736
9062,29.283772328840058,40.84544922758102
9063,-8.081726146980493,43.98954061841925
9064,124.50416399747354,-33.0931665073248
9065,4.440341057901905,52.74029195171461
9066,-122.45491249264181,47.30272029561058
9067,-3.138393848881647,51.400089819202584
9068,-67.3414512935512,17.698034252666094
9069,16.168301555511423,56.0876324675142
9070,115.67442372645024,-32.04374909462229
9071,-44.62170144054233,-23.610413173119646
9072,8.562237756859616,53.758613464240206
9073,0.26508407277491874,51.0434622048649
9074,-8.709997160162875,42.322779277897965
9075,-14.029179987804218,29.949788834920568
9076,172.8991419397089,-43.45986047558242
9077,-4.794269308153648,36.556194140118244
9078,-7.722683989941498,44.68009337897136
9079,24.36949876564216,59.817731840854165
9080,115.66445491974171,-31.93899730284977
9081,-75.00512058131935,38.75360460254192
9082,3.3263172522761626,51.761847657009284
9083,-5.9403728497969155,53.02721845932294
9084,18.361070570181962,54.43023895542081
9085,4.906404734552055,52.44715952672312
9086,4.435604245518753,52.40055223113992
9087,103.75514766952656,1.188683997172563
9088,17.233958830429298,54.87680015126258
9089,3.6526967444996488,52.25235966306079
9090,10.819766496614069,41.9445220174159
9091,2.2536642311927437,41.03262814805199
9092,31.03919459940412,37.02539480046769
9093,-1.314731637469018,50.89394399006778
9094,13.720634887086883,40.68329724916535
9095,14.856629387843142,37.91700365341442
9096,-0.4998987575547472,50.53589078214746
9097,11.603819369051108,54.70688945885913
9098,-15.418493224113895,28.143018889138293
9099,18.200939516031756,57.40022048986111
9100,2.9988690127641733,51.3200130971567
9101,2.9988690127641733,51.3200130971567
9102,2.1728135353618585,51.80128513719841
9103,5.423934276658336,52.71692903417296
9104,-122.4426421587378,47.31709908637828
9105,4.105633670660009,51.32974533684188
9106,2.0421076082792204,40.110533914899
9107,1.6790473779003523,52.89210208301384
9108,116.08774113895358,6.042218355517315
9109,5.692163204068804,43.3830988954335
9110,21.478078143469634,59.00472286944102
9111,-0.06826886661473897,39.54324682941612
9112,3.714463023192639,52.287426705473706
9113,4.215846336876659,52.75063503041052
9114,-13.535436324188233,31.309888924057447
9115,-122.44304987338447,47.34506786491647
9116,5.359581768383658,53.47511459570518
9117,-14.109068817377834,28.795984177151624
9118,-93.93669869483115,29.862787140620277
9119,11.660749203098568,57.99119314541716
9120,17.81426738340452,37.569608834533426
9121,8.549330615916983,53.574013926594404
9122,-119.17490398179059,39.016324008016134
9123,28.189768399999988,-29.38934450000001
9124,-81.06892696943784,31.507198762258266
9125,-13.452586801165765,33.69173931049895
9126,-6.270021579951222,47.53076150403478
9127,-14.583729985763918,28.955486673674255
9128,15.186978009937883,56.252774717204964
9129,-122.058183527146,34.23037740736631
9130,18.035144116029134,57.463896678230924
9131,9.998451547105502,53.53160659719366
9132,29.46792745591155,40.712426040664816
9133,31.387531112896855,36.211703735208545
9134,10.820518371102946,42.23002051714039
9135,7.164424852958367,53.33524826222499
9136,-74.60029614136403,40.38758028818855
9137,8.552286756035498,53.57707281534212
9138,9.772847631693015,41.86340514027942
9139,12.372764763872949,54.90948277354454
9140,8.549330615916983,53.574013926594404
9141,3.988918763890926,51.31256886544439
9142,-9.108149173330657,41.05052693445531
9143,175.6916686047558,-36.44664773261931
9144,153.15831187145326,-27.3810720413557
9145,-7.821384212219323,43.78320850667464
9146,153.15634271096854,-27.372767117827397
9147,-9.461991206030664,43.546497636832186
9148,-81.26849706876474,30.476057983074803
9149,1.2965617506008398,50.907240923906585
9150,-80.85136441703989,31.119044527392706
9151,3.242682081209873,51.310964959480295
9152,2.729544877601852,51.31743297993275
9153,4.10615403888618,51.26953191364461
9154,-7.6920496478936204,34.845401018414066
9155,-2.299982306558007,50.036980450572926
9156,3.240964569757829,51.311110892128426
9157,8.563531720012266,53.565274876562086
9158,-6.827795517713616,35.09269333515493
9159,12.1472593864275,54.59742760363124
9160,3.242682081209873,51.310964959480295
9161,1.902106153361232,40.66520427348223
9162,4.04187590251938,51.322382321812555
9163,3.6324876352905138,52.435574503183915
9164,11.707815228316731,56.725760550748575
9165,-1.2662573881417585,50.722276125543466
9166,9.281130824733527,57.46699965496125
9167,10.222052987275719,41.65842070011909
9168,1.8219811029562463,51.377191570678704
9169,1.088059007837765,39.805122284857354
9170,8.086842379811491,53.80694786158698
9171,-15.524275240629022,26.8870418420645
9172,-1.7917980818599561,50.74454575105167
9173,-8.753491631069856,42.22922571861085
9174,3.170862653109353,51.321471425708424
9175,6.699799899264069,54.14944494978354
9176,-3.5942142348533705,51.26034593930034
9177,5.283826124935775,52.859213558933426
9178,8.546109451754386,53.61614608120342
9179,31.690629319109952,35.911163519371705
9180,10.86069091787485,53.94371974789423
9181,-9.216665007697983,37.008179680009334
9182,12.1472593864275,54.59742760363124
9183,-5.8095472515031235,51.684160958971304
9184,29.46792745591155,40.712426040664816
9185,174.18886779275365,-41.484268826739154
9186,-13.987901459816465,30.0365834136258
9187,2.003215608279221,40.101965914899004
9188,21.479619443469637,59.00153641944101
9189,16.200204166954133,56.125310527011955
9190,-0.5350977454591092,37.16525939219424
9191,55.34731772904626,25.323023601126255
9192,103.75514766952656,1.188683997172563
9193,-13.604623483848085,33.42852352444744
9194,29.283772328840058,40.84544922758102
9195,-14.630022075625028,28.765112054368707
9196,-109.61674744529923,21.37596834355708
9197,13.902424988302384,39.67359817661422
9198,4.906404734552055,52.44715952672312
9199,-5.12544487482523,35.85816164619029
9200,13.720634987086886,40.68329724916535
9201,-5.239097257215199,36.24341525158099
9202,27.09010999999998,-28.632428000000026
9203,5.692163204068804,43.3830988954335
9204,5.360763968383659,53.47549799570518
9205,-122.44304987338447,47.34506786491647
9206,-0.06826886661473897,39.54324682941612
9207,8.563531720012266,53.565274876562086
9208,-93.93669869483115,29.862787140620277
9209,1.593015005708945,53.03403579446643
9210,-1.7916934895522638,50.74450734335935
9211,175.6917666047558,-36.453711232619305
9212,-7.859826134441545,43.716804840007974
9213,3.242682081209873,51.310964959480295
9214,-1.276979272384156,50.72770011604053
9215,-8.082103080313827,43.99356278508592
9216,-122.45491249264181,47.30272029561058
9217,4.442706307901904,52.73063111838127
9218,124.50243302802909,-33.093493921213685
9219,-3.137306353231598,51.40867400362864
9220,-67.34105299355119,17.6974619526661
9221,16.742195088213432,38.20353129522216
9222,0.2553940674177759,51.04754485843633
9223,-44.62122191554233,-23.612880820555546
9224,115.67441824778872,-32.043744965263734
9225,-8.709997160162875,42.322779277897965
9226,8.562237756859616,53.758613464240206
9227,-13.08244623158545,30.253908088117058
9228,-73.88123749486643,32.255261882285666
9229,-4.794269308153648,36.556194140118244
9230,172.89964091828034,-43.45956243867766
9231,-7.782226446290704,44.62628088505602
9232,9.998452172786026,53.53161119281199
9233,24.36979232675328,59.81841860890972
9234,3.194553854255539,52.26424009809755
9235,115.66445491974171,-31.93899730284977
9236,-75.00512058131935,38.75360460254192
9237,-5.941218129042948,53.029600534045166
9238,3.3235266502767353,51.7654979409625
9239,18.363661158560504,54.43224549556642
9240,-80.92681112586439,31.667920562312155
9241,-9.113453973330657,41.03939365945531
9242,4.43560467468542,52.40055271360023
9243,3.656470296721871,52.253300880838566
9244,17.06097659995311,54.93539042888164
9245,14.862395201176476,37.91070139341443
9246,31.035645199404115,37.0280745004677
9247,-1.168318674738353,50.90600555793717
9248,10.86069091787485,53.94371974789423
9249,10.819766496614069,41.9445220174159
9250,8.07779156617513,53.81240671613243
9251,12.670038743289913,54.70262226301519
9252,-2.860755593450323,48.653726534780525
9253,1.9163903200278987,40.68139177348224
9254,-13.53038327571584,31.338976506598033
9255,-0.5401014110206258,50.53096490221125
9256,12.400029809486982,54.920312364772606
9257,-15.418506553792279,28.14305252906636
9258,7.742007540604943,39.92647407942424
9259,11.596266600003485,54.71418955346232
9260,4.10615403888618,51.26953191364461
9261,2.4192232007599905,41.07646454541584
9262,18.18226021603176,57.38936526486112
9263,10.037606143772035,41.94386497087012
9264,3.733244631287878,52.30275473825759
9265,9.772847631693015,41.86340514027942
9266,4.105633670660009,51.32974533684188
9267,5.382461858801195,52.72777606274439
9268,-6.269733911895667,47.530191813757
9269,18.16354457317199,57.4904342496595
9270,153.15634271096854,-27.372767117827397
9271,10.820518371102946,42.23002051714039
9272,17.81520378340452,37.56939933453343
9273,2.166491985361859,51.80020683719841
9274,3.988918763890926,51.31256886544439
9275,-7.695303687837659,34.83151861458827
9276,5.380476898745298,52.870641525004864
9277,-6.736357849711641,35.14298935285201
9278,-119.23706538179056,39.12465030801613
9279,6.691292128455652,54.25495165562516
9280,-80.85648813068316,31.117700917565248
9281,11.815595028316732,56.122235100748576
9282,-9.461991206030664,43.546497636832186
9283,-2.299982306558007,50.036980450572926
9284,-14.063097299797784,28.944592489255797
9285,-122.4426421587378,47.31709908637828
9286,11.660749203098568,57.99119314541716
9287,2.729544877601852,51.31743297993275
9288,9.301866927998368,57.4812288627238
9289,3.241686969127511,51.31132815687153
9290,-9.216665007697983,37.008179680009334
9291,1.5317208666096953,40.071665992250836
9292,-122.05799737714598,34.229934157366316
9293,4.215846336876659,52.75063503041052
9294,8.549330615916983,53.574013926594404
9295,10.222053287275719,41.65842100011909
9296,1.8232578029562463,51.37685517067871
9297,3.242682081209873,51.310964959480295
9298,4.04187590251938,51.322382321812555
9299,-3.6190313231890396,51.253922301256104
9300,27.197511249999987,-28.36320485000002
9301,8.549330615916983,53.574013926594404
9302,1.6790473779003523,52.89210208301384
9303,31.384651712896854,36.21334143520855
9304,-6.2148507287796395,47.94459378257083
9305,2.9988688641927452,51.32001303429956
9306,2.9988688641927452,51.32001303429956
9307,116.08775933895356,6.042248455517315
9308,-81.26849706876474,30.476057983074803
9309,3.587395981316327,52.41626371245332
9310,7.164424852958367,53.33524826222499
9311,-8.753491631069856,42.22922571861085
9312,3.170862653109353,51.321471425708424
9313,-74.60029614136403,40.38758028818855
9314,153.15831187145326,-27.3810720413557
9315,8.552286756035498,53.57707281534212
9316,-15.461002885261278,26.94633213002776
9317,8.546212639487305,53.61625119473343
9318,31.690132819109955,35.91193671937171
9319,1.2965617506008398,50.907240923906585
9320,15.216479534937887,56.23591901720495
9321,10.037606143772035,41.94386497087012
9322,-73.88123749486643,32.255261882285666
9323,12.670038743289913,54.70262226301519
9324,-6.43894609339751,35.87726322894252
9325,174.1259219927537,-41.55758127673915
9326,19.13516123531561,37.21021113517277
9327,-0.4924566730781569,37.176164960425545
9328,1.2349832181818179,51.01142465454545
9329,27.000748099999996,-28.55922950000001
9330,-5.239097257215199,36.24341525158099
9331,7.737275240604943,39.925080479424246
9332,13.747265137086883,40.64141709916535
9333,29.46792745591155,40.712426040664816
9334,17.728820818148154,37.92625541006343
9335,-6.269884713284555,47.53157143736812
9336,-109.27693128651659,21.187990802677856
9337,-5.811616478744902,51.6855752614232
9338,11.590022580717774,54.73109774274803
9339,-0.5437629560120132,50.531187679968035
9340,-15.418506653792278,28.14305236239969
9341,18.221708126031746,57.40880211986109
9342,2.24959505642006,51.80723666010846
9343,-122.4426421587378,47.31709908637828
9344,2.9988690127641733,51.3200130971567
9345,2.9988690127641733,51.3200130971567
9346,116.08774837228688,6.042215313850648
9347,1.6790473779003523,52.89210208301384
9348,5.692084659338467,43.38221666189417
9349,-9.211044471438552,37.0094126139639
9350,-122.44304987338447,47.34506786491647
9351,5.346192948383658,53.50460751570518
9352,5.390732453685365,52.718710157145935
9353,8.563531720012266,53.565274876562086
9354,-93.93669869483115,29.862787140620277
9355,1.593015005708945,53.03403579446643
9356,29.283772328840058,40.84544922758102
9357,-2.8037993167711726,48.5428857503075
9358,175.69269027560185,-36.44573862871188
9359,-1.297571367631801,50.73645635539714
9360,3.243404480579555,51.3111822242234
9361,-8.081290640414837,43.98533690427784
9362,-6.196100434864295,47.95998836709464
9363,4.440587307901905,52.728806318381274
9364,124.50574670488328,-33.09432345751896
9365,-119.16100838179058,39.015677108016135
9366,-3.1370324932315983,51.40865895696197
9367,-122.45491249264181,47.30272029561058
9368,-67.26539746355121,17.682576782666093
9369,-80.86100584305665,31.733724887616148
9370,16.31231903692777,56.182099015866555
9371,-44.617359020542324,-23.61217237311965
9372,-8.709997160162875,42.322779277897965
9373,115.67441318112203,-32.04375002252869
9374,8.562237756859616,53.758613464240206
9375,0.2528419977749186,51.048152084864896
9376,-12.904020399442595,30.328928377164676
9377,-4.794269308153648,36.556194140118244
9378,4.105119478793989,51.26972609640828
9379,172.89976496828032,-43.45990622201098
9380,-7.794597189624037,44.62382783838935
9381,24.388608249891245,59.825173618692986
9382,115.66445491974171,-31.93899730284977
9383,-75.00512058131935,38.75360460254192
9384,-5.940701849796916,53.02769595932295
9385,4.104599110567818,51.32993951960554
9386,18.361071669456717,54.430238822071104
9387,9.998449907040744,53.531610478240765
9388,-9.461991206030664,43.546497636832186
9389,2.3952701007599906,41.05580874541583
9390,-14.092670041110075,28.957860051321116
9391,153.15831187145326,-27.3810720413557
9392,11.660749203098568,57.99119314541716
9393,27.195359349999993,-28.365132450000015
9394,3.73714442904384,52.36449319196546
9395,4.906402120023282,52.447157596431204
9396,12.07696780104401,55.71393178256677
9397,16.953656437095965,54.94896742959594
9398,-122.05195876821746,34.22142376093774
9399,4.435605112185421,52.40055216447325
9400,-1.7917980818599561,50.74454575105167
9401,3.7773314258008646,52.34400530310609
9402,-0.06826886661473897,39.54324682941612
9403,103.75514766952656,1.188683997172563
9404,-13.56229196247777,31.370390480654507
9405,18.295814017219612,57.51929993775474
9406,8.549330615916983,53.574013926594404
9407,-9.108789673330659,41.04961853445531
9408,4.003715359873501,51.311126361852914
9409,-7.6769444231069475,34.851474401709154
9410,-80.85648813068316,31.117700917565248
9411,-13.656704264288106,33.326638919767795
9412,4.049662820724177,51.31721049377663
9413,-6.463087988403792,35.36744971036999
9414,2.729544877601852,51.31743297993275
9415,3.248439647206989,51.312323009225395
9416,1.2965617506008398,50.907240923906585
9417,31.041069299404118,37.029455100467686
9418,-3.6067581565223725,51.25970610125611
9419,14.865099462843142,37.909356578414425
9420,3.299896043641802,51.335163393441434
9421,1.9153230256852694,40.398939879059206
9422,4.215846336876659,52.75063503041052
9423,1.8167776764508843,40.67201067299207
9424,6.682886739695384,54.435531516329455
9425,10.222052947275719,41.658419120119085
9426,3.194553854255539,52.26424009809755
9427,31.386434512896855,36.21408913520853
9428,10.819766496614069,41.9445220174159
9429,9.77409211928364,41.87139385499651
9430,8.549330615916983,53.574013926594404
9431,1.8225398529562462,51.37702925401203
9432,8.069036044361404,53.80869875314224
9433,-7.831710067774878,43.782668806674636
9434,3.3213107580208434,51.758510258711404
9435,-81.26849706876474,30.476057983074803
9436,3.5409195172110515,52.38485233559079
9437,10.820518371102946,42.23002051714039
9438,15.327455109937889,56.24750371720497
9439,7.164424852958367,53.33524826222499
9440,3.170862653109353,51.321471425708424
9441,5.513939191602441,52.917289558933426
9442,-15.361550215499967,27.08505949359151
9443,8.546661803422456,53.616488887195594
9444,31.688398169109945,35.9144899193717
9445,12.363429138066172,54.89083894658929
9446,-8.753491631069856,42.22922571861085
9447,-74.60029614136403,40.38758028818855
9448,153.15634271096854,-27.372767117827397
9449,8.552286756035498,53.57707281534212
9450,-1.1907318370474347,50.899376838220235
9451,-2.299982306558007,50.036980450572926
9452,9.301866927998368,57.4812288627238
9453,10.86069091787485,53.94371974789423
9454,12.670038743289913,54.70262226301519
9455,27.195474049999994,-28.36500145000002
9456,10.66633493618291,40.20186984714818
9457,7.737116540604944,39.92568577942424
9458,14.862731921176477,37.909141995081086
9459,31.041989199404114,37.02737090046769
9460,29.283772328840058,40.84544922758102
9461,-108.96160803574739,21.04060569344709
9462,27.0013577,-28.559340400000014
9463,-8.709997160162875,42.322779277897965
9464,-5.9403728497969155,53.02721845932294
9465,4.906269556395203,52.44715331466751
9466,4.435604245518753,52.40055223113992
9467,3.73714442904384,52.36449319196546
9468,103.75514766952656,1.188683997172563
9469,16.971680737095966,54.95969725459593
9470,-3.6067581565223725,51.25970610125611
9471,10.819766496614069,41.9445220174159
9472,-1.1944603130212474,50.90019211700379
9473,13.720634887086883,40.68329724916535
9474,10.86069091787485,53.94371974789423
9475,-0.5606618727715358,50.538980050607734
9476,11.591055085717771,54.72960671774803
9477,-15.418506553792279,28.14305252906636
9478,18.194158251031755,57.39621694486111
9479,2.24231358642006,51.805271952608464
9480,2.9988690127641733,51.3200130971567
9481,2.9988690127641733,51.3200130971567
9482,1.6790473779003523,52.89210208301384
9483,116.08774113895358,6.042218355517315
9484,5.716479677772273,43.385595922983185
9485,-122.4426421587378,47.31709908637828
9486,5.396280476658337,52.72624223417296
9487,-0.06826886661473897,39.54324682941612
9488,5.359581768383658,53.47511459570518
9489,-122.44304987338447,47.34506786491647
9490,8.562365065764773,53.56606907323239
9491,1.731650236705642,53.00792234505294
9492,-93.93669869483115,29.862787140620277
9493,-80.86100584305665,31.733724887616148
9494,29.46792745591155,40.712426040664816
9495,175.6907607047558,-36.4535272326193
9496,174.18833169275374,-41.48745682673916
9497,-8.081543007081502,43.9843921709445
9498,124.50471686043882,-33.09467274640785
9499,-1.2982034276318013,50.73620757539714
9500,-122.45491249264181,47.30272029561058
9501,4.4425003579019045,52.726670018381284
9502,-3.139249273666381,51.40814706130979
9503,-67.18998636355121,17.678538982666097
9504,-13.621126961896763,31.40950019116817
9505,17.99850664478268,37.86284592687358
9506,-12.911862849442592,30.386488285498018
9507,16.36446221732789,56.21259215435335
9508,0.2500036044415853,51.0479113448649
9509,115.67441945889983,-32.04374480970818
9510,-1.7917980818599561,50.74454575105167
9511,-44.61786091554233,-23.613705020555543
9512,8.562237756859616,53.758613464240206
9513,-5.149666748671384,35.834872430805675
9514,-73.84669349486641,32.29093228228566
9515,4.104790000250414,51.27010156224758
9516,-119.15945714845726,39.01651650801614
9517,-2.752213734836441,48.49476320834947
9518,2.4943099943031575,41.111154653362775
9519,-4.794269308153648,36.556194140118244
9520,1.3133755064171118,51.05069283101605
9521,172.899609184947,-43.459966355344314
9522,153.15831187145326,-27.3810720413557
9523,12.363429138066172,54.89083894658929
9524,-7.798628706290703,44.62309135505602
9525,24.379432011796013,59.820188680597745
9526,8.549330615916983,53.574013926594404
9527,9.998449306627968,53.53161035830681
9528,4.215846336876659,52.75063503041052
9529,3.801797227619048,52.366677007348514
9530,-14.093387788350755,29.112877320554844
9531,115.66445491974171,-31.93899730284977
9532,4.003385881329927,51.31150182769222
9533,-6.332878222239555,35.401311921494596
9534,-7.677929230022532,34.851463635789244
9535,3.2527706508140426,51.31347279153399
9536,9.312240424954457,57.4903609027105
9537,-9.461991206030664,43.546497636832186
9538,1.2965617506008398,50.907240923906585
9539,12.083427946877341,55.34806697562232
9540,-122.05109591821743,34.22176011093773
9541,11.662375803098568,57.98798474541715
9542,1.8901891564526294,40.67591511071341
9543,-2.299982306558007,50.036980450572926
9544,2.0301130161534964,40.52488093123313
9545,3.2527706508140426,51.31347279153399
9546,6.607356560907505,54.61834650042037
9547,-75.00512058131935,38.75360460254192
9548,10.222052747275718,41.658420320119085
9549,1.8219811029562463,51.377191570678704
9550,3.194553854255539,52.26424009809755
9551,3.3242714317485667,51.76148853876668
9552,9.77409211928364,41.87139385499651
9553,4.08524039688023,51.33129845906307
9554,8.085660527955113,53.80419184541386
9555,-7.8222557677748785,43.78375140667464
9556,4.051136677828397,51.31941873347912
9557,5.543932633639256,52.94408296045805
9558,8.549330615916983,53.574013926594404
9559,3.530024833093529,52.382889336172695
9560,15.33435020993789,56.244829717204965
9561,7.164424852958367,53.33524826222499
9562,-8.753491631069856,42.22922571861085
9563,-13.686629991632703,33.29333184740183
9564,3.170862653109353,51.321471425708424
9565,31.387531112896855,36.211703735208545
9566,8.546661803422456,53.616488887195594
9567,10.820518371102946,42.23002051714039
9568,-74.60029614136403,40.38758028818855
9569,153.15634271096854,-27.372767117827397
9570,8.552282765284918,53.57668253178004
9571,-15.30541758833546,27.193859438829605
9572,-81.26849706876474,30.476057983074803
9573,-5.810517778128018,51.68425666575762
9574,-9.104886141007587,41.05910661242738
9575,18.49549794000724,57.57793183470974
9576,2.729544877601852,51.31743297993275
9577,-6.199062770164284,47.981409688351484
9578,3.251053139361998,51.31361872418211
9579,18.363662153703025,54.432244808359115
9580,31.690629319109952,35.911163519371705
9581,-80.84941298068316,31.102198614787472
9582,-12.911862849442592,30.386488285498018
9583,-3.6067581565223725,51.25970610125611
9584,-119.15945714845726,39.01651650801614
9585,27.200029949999998,-28.362443750000015
9586,153.15831187145326,-27.3810720413557
9587,-0.63350065511242,37.18835325110586
9588,-122.56274982527357,37.37273171316303
9589,29.283772328840058,40.84544922758102
9590,-6.322931930240625,47.37202248087316
9591,12.377061904732836,54.89625547992262
9592,0.24257869194158538,51.0520973198649
9593,-75.00512058131935,38.75360460254192
9594,18.36366149764133,54.43224605099827
9595,13.720634987086886,40.68329724916535
9596,-0.06826886661473897,39.54324682941612
9597,29.46792745591155,40.712426040664816
9598,1.8851530981192959,40.673682713491196
9599,-108.74400416699741,20.912944387494708
9600,115.66445491974171,-31.93899730284977
9601,55.31066757152901,25.294237283958672
9602,-5.941218129042948,53.029600534045166
9603,4.379331708624814,52.38338751178205
9604,4.90456132903755,52.44524865391763
9605,3.700738680966917,52.353350201580845
9606,103.75514766952656,1.188683997172563
9607,16.89721819995311,54.98886132888164
9608,3.170862653109353,51.321471425708424
9609,31.16593169940412,36.9759582004677
9610,10.819766496614069,41.9445220174159
9611,10.86069091787485,53.94371974789423
9612,-9.104608589819719,41.07273658043985
9613,-1.1164821120976283,50.85008546928517
9614,-0.5557196722616279,50.543580551562556
9615,-15.418506553792279,28.14305252906636
9616,18.203568379920647,57.39508557319445
9617,2.22020422646335,51.79151944811711
9618,-14.076669585344138,29.16379137883855
9619,1.6790473779003523,52.89210208301384
9620,116.08775933895356,6.042248455517315
9621,2.9988688641927452,51.32001303429956
9622,2.9988688641927452,51.32001303429956
9623,5.716479677772273,43.385595922983185
9624,5.360763968383659,53.47549799570518
9625,-122.44304987338447,47.34506786491647
9626,8.542944399112503,53.57226746886765
9627,8.56132015822032,53.56665485960264
9628,1.81788564279865,52.98552080538027
9629,-93.93669869483115,29.862787140620277
9630,1.0620475125793132,40.901996349570425
9631,1.7273517381818166,51.16955159454545
9632,175.69167670475582,-36.45369323261931
9633,-1.2982034276318013,50.73620757539714
9634,174.18783299275373,-41.48816195173916
9635,153.15634271096854,-27.372767117827397
9636,-8.081840150414838,43.98719548761117
9637,-8.753491631069856,42.22922571861085
9638,4.443906657901905,52.72685061838128
9639,-3.139249273666381,51.40814706130979
9640,-122.05484130155078,34.22286666093773
9641,124.50341781520068,-33.09492478609039
9642,-122.45491249264181,47.30272029561058
9643,-80.86100584305665,31.733724887616148
9644,-67.19395727585066,17.678210937211553
9645,18.32874903016898,37.778128359705946
9646,3.9437914592717083,52.43134395702723
9647,115.67442188233417,-32.043745430718275
9648,16.49053701020139,56.258915477434485
9649,-44.62065721554232,-23.618566020555544
9650,-8.709997160162875,42.322779277897965
9651,-9.461991206030664,43.546497636832186
9652,8.562237756859616,53.758613464240206
9653,11.893688853544004,54.94783011562231
9654,-6.159817531476258,48.07666017623581
9655,3.2559303166803226,51.314745801313286
9656,3.2135251335737207,52.27690864722093
9657,27.002966099999984,-28.556739300000018
9658,-73.88033629486642,32.19764098228566
9659,5.384482691420242,52.72581318988725
9660,-13.495851975409726,31.457497394143875
9661,-5.137401630250331,35.83625799396357
9662,-2.7322117282392187,48.454984324321686
9663,4.0569465196827705,51.332229335426554
9664,11.662375803098568,57.98798474541715
9665,31.82177111910995,35.8574066193717
9666,-122.4426421587378,47.31709908637828
9667,-74.60029614136403,40.38758028818855
9668,-81.26849706876474,30.476057983074803
9669,7.163861348889974,53.335043002707856
9670,-6.138573329332401,35.47298638976656
9671,172.90005934208983,-43.45968931248718
9672,4.003041366912067,51.31192249420203
9673,-13.686674634727943,33.29035324851294
9674,-4.794269308153648,36.556194140118244
9675,2.707412230770866,51.31713701486232
9676,-7.859468634441544,43.71657049000797
9677,8.543921469632249,53.616466747934545
9678,3.256781339231326,51.314466434054694
9679,-7.580948194207236,34.93416060348767
9680,-15.271751201668792,27.254658722162954
9681,-7.798628706290703,44.62309135505602
9682,-80.85227763775057,31.101437937267537
9683,24.37625727290713,59.81919658198663
9684,3.256781339231326,51.314466434054694
9685,11.589526265955865,54.7341832689385
9686,8.552235418311858,53.57645267102277
9687,-2.299000663106729,50.037390494909786
9688,1.3422211816384828,50.924367633616015
9689,6.70624491650148,54.71673276933904
9690,9.77409211928364,41.87139385499651
9691,3.489870723093528,52.3602174561727
9692,10.820518371102946,42.23002051714039
9693,9.998452917572115,53.53161055033836
9694,10.222053047275717,41.65842062011909
9695,1.8493903278582073,51.40048117812969
9696,2.2794038131944943,40.861694485778564
9697,8.078524060383781,53.804468900328864
9698,4.215846336876659,52.75063503041052
9699,4.104445485832554,51.27052222875739
9700,4.0564144505937945,51.31756104789981
9701,8.538867913811053,53.57133189594695
9702,5.370184650305925,52.87032139795805
9703,3.324190824004459,51.759821621017764
9704,-1.7916934895522638,50.74450734335935
9705,9.53615227387602,57.51004521694437
9706,31.51493821289685,36.16122513520855
9707,10.609984336182912,40.181354822148165
9708,15.359592134937893,56.22795301720496
9709,18.59667720061371,57.60727327651566
9710,-5.8100472114613515,51.68658374909096
9711,27.21129130833332,-28.37093765000002
9712,1.4615806623623826,41.10128233705213
9713,-8.727590260717312,42.02492733079723
9714,29.283772328840058,40.84544922758102
9715,174.1565584533334,-41.64738189500001
9716,-5.1298022217584345,35.808270720014214
9717,12.463820411400263,54.90551604918367
9718,-1.3023705437193618,50.73459966439294
9719,2.463888611803158,41.091120115862786
9720,5.361077212920711,52.72826823214136
9721,12.314573549307541,54.72265614750027
9722,-74.98024134917782,38.783793568417515
9723,30.91321989940411,37.1371029004677
9724,-80.86387496054971,31.733552583115348
9725,6.629142013367892,54.833844514759534
9726,10.209822556606742,39.532249913601596
9727,13.116289827669991,54.695949745620965
9728,115.67439191171367,-32.04374790517329
9729,-45.0975271744709,-24.110777445317435
9730,8.576800535446468,53.76990383581697
9731,-8.741647416981056,42.31104588439147
9732,0.18631576457782056,51.025527456456864
9733,-72.58873647569976,32.058572653714215
9734,172.91882552039542,-43.43646145177564
9735,-7.824613657243082,44.63529261410365
9736,24.945855750748013,59.96482685904182
9737,115.66469256126325,-31.93893652475271
9738,-5.9324405506302496,52.9644795762674
9739,18.412530337712145,54.405241189524496
9740,10.574255157163998,40.34737428964227
9741,3.5135533697478247,52.41470783125009
9742,4.8352546058494195,52.38932145411648
9743,4.515893443026456,52.36130896566342
9744,103.75594194949065,1.1889590308582272
9745,17.310996914662727,54.84070120107485
9746,10.906180309594657,41.83035323637363
9747,13.906570272361858,40.318607941724906
9748,10.86069091787485,53.94371974789423
9749,-0.4767698009716579,50.9384260506609
9750,17.789726251065648,57.22744972825503
9751,-108.94492273023008,20.94067568006595
9752,-0.5770926238477658,50.547054161844315
9753,-15.418454633170803,28.142980072437066
9754,1.8390258741987673,40.74214895036778
9755,2.220403948038612,51.82930300167241
9756,-13.760806702563793,33.10242568686288
9757,2.9988692380158892,51.32001314453805
9758,2.9988692380158892,51.32001314453805
9759,1.6954423060901322,52.88114758638245
9760,116.08758163338345,6.042034550932873
9761,5.919197875273791,43.353025659910756
9762,-7.901046133052654,43.585993802507986
9763,-2.7025799500285625,48.48120223206008
9764,-121.66616806209295,39.32801008919102
9765,5.222064774756036,53.58203216799442
9766,0.27499962354532387,39.60233793042741
9767,-122.44304987338447,47.34506786491647
9768,-9.086281364510505,41.025602396707164
9769,8.552235193311859,53.57645276268944
9770,4.202849507058727,52.711908188528305
9771,8.56132015822032,53.56665485960264
9772,1.81788564279865,52.98552080538027
9773,-93.93670119285662,29.862782989762344
9774,27.013054208333322,-28.564769300000016
9775,175.77323873542858,-36.4949964669849
9776,-121.86363515293492,34.213715239530146
9777,29.46792745591155,40.712426040664816
9778,2.0095308325000003,51.30095826916665
9779,-13.547417163775307,31.48747095071112
9780,1.9686097957792206,40.177535196565685
9781,15.192890881563853,56.30010284570111
9782,-8.177786738005878,44.00370600055564
9783,-14.010840960414443,29.29315450460892
9784,153.15634271096854,-27.372767117827397
9785,-1.7895628382454256,50.744215081573095
9786,124.50533552735016,-33.09441817219323
9787,-7.518008932029733,34.96766782620152
9788,-3.2267148476151806,51.3783208059544
9789,11.376322829268656,54.99391315255397
9790,4.949391757371963,52.88568489123677
9791,-75.14738093905484,38.86160979277193
9792,11.662375803098568,57.98798474541715
9793,-9.448919569549627,43.64101347719872
9794,3.237959677834111,51.313105094037155
9795,-14.761450716037762,28.546859729375345
9796,9.517033602848423,57.524187126381115
9797,-122.46609091192816,47.316890832630214
9798,-122.4426421587378,47.31709908637828
9799,4.021812478383558,51.329425058306185
9800,-6.027461981325685,35.47758604480154
9801,31.23223931289684,36.36059763520855
9802,31.67151806910993,36.06772471937172
9803,-74.60029614136403,40.38758028818855
9804,5.826860678083705,52.99214973470046
9805,-81.30090447657018,30.45496202215851
9806,3.9978963863231827,51.31221728522809
9807,-4.794269308153648,36.556194140118244
9808,18.32443430571612,37.784639952671434
9809,-6.159134770911916,48.01916437381608
9810,-67.17467185663752,17.752309884651645
9811,10.33059886103657,42.45729837092941
9812,3.0592194222773617,52.21521325794576
9813,3.2588751521651607,51.31499057600666
9814,8.532688837385477,53.56930851773766
9815,10.41091507498837,41.66912653329008
9816,-80.85022078930022,31.098423154037526
9817,8.522637132002814,53.56534580086827
9818,1.852068432928313,51.48307164562338
9819,8.127747311884718,53.83217413343122
9820,153.15831187145326,-27.3810720413557
9821,-0.7486815262878274,50.48130439128924
9822,3.1212137464080483,52.213359251904215
9823,3.2588751521651607,51.31499057600666
9824,7.161932269930039,53.33443806830492
9825,3.170862653109353,51.321471425708424
9826,11.549448693063212,55.005973663105536
9827,8.545354901759888,53.61535936437481
9828,3.3126939960342816,51.76325908995714
9829,9.824946726715758,42.13134097836414
9830,1.6531796910038243,51.07025741758284
9831,6.659163310972003,41.647923823023966
9832,9.998454149373506,53.531607349616564
9833,2.1880681308929075,40.82944943860925
9834,18.737636251608315,57.65592619484492
9835,4.106688636738366,52.65537381932113
9836,4.099052519797358,51.2701303007361
9837,4.0513919689746505,51.31721636437059
9838,-15.246722552602566,27.256352289349184
9839,-5.736080611850155,52.114716399221045
9840,2.6417605479648447,51.30968407302112
9841,-13.270531876320227,31.269108737018296
9842,27.012444608333325,-28.563898100000014
9843,-13.571727841226288,31.513757134044457
9844,-9.448919569549627,43.64101347719872
9845,-75.14738093905484,38.86160979277193
9846,-8.741647416981056,42.31104588439147
9847,-9.084992652092206,41.046686470399976
9848,6.659844961805335,41.648669891357294
9849,-122.59710148793921,37.46867847112069
9850,0.3203379965196001,39.5916120352785
9851,-2.7025023887331203,48.481195291394435
9852,29.46792745591155,40.712426040664816
9853,-108.46163625865431,20.6886618499727
9854,-1.3030026037193618,50.73435088439293
9855,124.50430618290571,-33.09476686108213
9856,-8.177672388005877,44.00280515055563
9857,-3.224469547615181,51.3792326059544
9858,4.949391757371963,52.88568489123677
9859,-122.46609091192816,47.316890832630214
9860,18.325014762578864,37.78445486167596
9861,-67.04959141497086,17.74677726798498
9862,13.139943591020845,54.75283958892844
9863,0.18631576457782056,51.025527456456864
9864,115.67439043282478,-32.043744909019445
9865,-45.1350731294709,-24.11885714198411
9866,8.576800535446468,53.76990383581697
9867,-72.59056538736641,32.05957095204755
9868,172.91878948706207,-43.43651768510897
9869,-7.824613657243082,44.63529261410365
9870,24.963085025033728,59.96320234892277
9871,115.66469266126327,-31.938940924752707
9872,-5.932127293487394,52.96360484626741
9873,-74.98165454917782,38.782788468417515
9874,18.412528475307546,54.40524312558037
9875,120.67413459999996,14.554033799999992
9876,-8.753491631069856,42.22922571861085
9877,4.830943240868298,52.38521661779769
9878,4.522227879850936,52.3569077920576
9879,-121.86314265293491,34.21423503953016
9880,3.5135533697478247,52.41470783125009
9881,6.764445075034558,54.9266995264262
9882,103.75594194949065,1.1889590308582272
9883,17.222743938948444,54.86396135413042
9884,30.907864899404117,37.1377437004677
9885,10.906180309594657,41.83035323637363
9886,3.313060560579458,51.76961755769219
9887,-4.800772003388698,36.553587820210986
9888,13.906569972361858,40.31860804172491
9889,10.86069091787485,53.94371974789423
9890,2.575579803082134,41.129804638541465
9891,-0.15032955024772485,51.01078887629922
9892,-0.4694063285394137,50.59750414471079
9893,153.15634271096854,-27.372767117827397
9894,-15.41846326968725,28.142976013631618
9895,17.59140601844236,57.15531912992467
9896,2.212338119467183,51.826835608815266
9897,129.66561565938053,35.09497642149783
9898,-5.7344728487332715,52.109121772305464
9899,1.6954423060901322,52.88114758638245
9900,116.08757379052633,6.0420271366471585
9901,5.969042686886696,43.34834490668495
9902,1.9644786957792209,40.17795709656568
9903,10.50297557049733,40.35121583630894
9904,-13.855857856441212,32.86584992937691
9905,1.4619591623623824,41.09822773705214
9906,4.279107217576782,52.77637155216927
9907,8.506735742276307,53.56115565171508
9908,-7.891591833052654,43.58707640250798
9909,1.935885455151148,40.74917158846302
9910,-80.85274366657104,31.746313369799395
9911,5.220559874756036,53.58177666799442
9912,-122.44304987338447,47.34506786491647
9913,10.777421095544499,39.323227613456744
9914,11.348279221909682,54.97696159711806
9915,-14.005445018073178,29.404035450481928
9916,4.106688636738366,52.65537381932113
9917,2.0880941325,51.32328766916666
9918,8.56132015822032,53.56665485960264
9919,5.355004088992139,52.70893436987945
9920,-93.93670119285662,29.862782989762344
9921,1.81788564279865,52.98552080538027
9922,-121.67515902875962,39.33086584752435
9923,29.283772328840058,40.84544922758102
9924,8.233408475285263,53.43973726247418
9925,-5.1298022217584345,35.808270720014214
9926,11.66236558309857,57.98797372541715
9927,3.268001010343883,51.31994135582217
9928,2.9988691646767167,51.32001313521119
9929,2.9988691646767167,51.32001313521119
9930,4.021812478383558,51.329425058306185
9931,31.23223571289684,36.36060783520854
9932,31.671420869109937,36.067776119371715
9933,-9.190644715342662,37.001344133793125
9934,-122.4426421587378,47.31709908637828
9935,10.410914416972497,41.669126855432935
9936,-74.60029614136403,40.38758028818855
9937,9.824946726715758,42.13134097836414
9938,9.59979976093259,57.51066730722956
9939,-5.898599265003849,35.5123420024452
9940,5.818923111417038,52.99444413470046
9941,-1.7895628382454256,50.744215081573095
9942,-81.30090447657018,30.45496202215851
9943,3.9978963863231827,51.31221728522809
9944,8.545437832632905,53.615442100247826
9945,4.050697798391502,51.317803866376124
9946,-7.489933486797465,34.979952684028966
9947,-80.85942586190896,31.091399691350148
9948,3.2626183770448955,51.3195350595363
9949,2.6134299407483503,51.30576047767692
9950,-6.081669093290462,48.08934741702131
9951,12.469384754909106,54.91350595153621
9952,3.225825461128147,51.314020523196504
9953,3.0592194222773617,52.21521325794576
9954,18.785976143274983,57.6792933198449
9955,11.599700230618769,55.02894718666109
9956,8.51894384324165,53.56558543046967
9957,12.305556290974211,54.70641078500026
9958,-0.7486815262878274,50.48130439128924
9959,1.6682717229776163,51.074272207810615
9960,10.33059886103657,42.45729837092941
9961,2.2786637508929073,40.907347058609254
9962,175.77141327128186,-36.49903330169298
9963,3.1212137464080483,52.213359251904215
9964,-117.27787787811687,31.6709548022078
9965,9.998453026992177,53.53160742549296
9966,1.8534320995949798,51.48242091229005
9967,8.146183799335697,53.83220918009789
9968,4.099182550708233,51.270744681293216
9969,174.23665086000005,-41.57493982500001
9970,153.15831187145326,-27.3810720413557
9971,-15.20412766795971,27.344392192444424
9972,-14.797941722906446,28.632321963920802
9973,15.192802081563853,56.301200045701115
9974,3.170862653109353,51.321471425708424
9975,7.142228641445091,53.32481858186245
9976,6.653082561805335,41.6483787913573
9977,-122.59384778758137,37.48090738933036
9978,29.283772328840058,40.84544922758102
9979,29.46792745591155,40.712426040664816
9980,0.1695781845778207,51.02268573395687
9981,30.90614379940412,37.1375559004677
9982,-117.76310077811688,31.6199686522078
9983,-13.270865341396588,31.43382983099943
9984,2.1106743975597024,37.909863382984106
9985,153.15634271096854,-27.372767117827397
9986,2.657137933456636,41.15958848515502
9987,-1.3025667296482795,50.734180101503874
9988,6.802796560451226,54.98081686128392
9989,-9.448919569549627,43.64101347719872
9990,8.536414049732652,53.568650599130144
9991,-122.44304987338447,47.34506786491647
9992,5.17551058187954,53.537623194478954
9993,8.556452059843696,53.56782140114849
9994,1.81788564279865,52.98552080538027
9995,-93.93670119285662,29.862782989762344
9996,175.77231657128183,-36.499165301692976
9997,174.23500886000005,-41.57804705
9998,124.50300611028665,-33.09501956266942
9999,-8.177988831339212,44.004700967222306
10000,-3.2118666266627995,51.380876855478206
10001,-122.46609091192816,47.316890832630214
10002,4.949391757371963,52.88568489123677
10003,18.27217223194172,37.80438621197174
10004,-67.10507773163751,17.60236646798498
10005,13.152182052905697,54.764392693755205
10006,115.67439343296368,-32.04374539707501
10007,12.46940082729006,54.913890358361606
10008,-45.1360594794709,-24.119612391984106
10009,-8.741647416981056,42.31104588439147
10010,8.576800535446468,53.76990383581697
10011,-73.01806798736644,31.73392815204756
10012,10.49352307049733,40.35818441130893
10013,172.918780087062,-43.436517385108985
10014,-7.839159987798638,44.63313765299254
10015,24.960406338803576,59.96281955554976
10016,115.66469621126328,-31.9389402997527
10017,-74.98165454917782,38.782788468417515
10018,-108.20956942717163,20.526291932028975
10019,18.412525698597342,54.405243359240224
10020,-80.79195540791618,31.803928936438382
10021,-5.931798134086808,52.96062163835804
10022,11.471966332475114,57.83865592929693
10023,4.828600004871993,52.383059929412795
10024,3.5135533697478247,52.41470783125009
10025,-75.14738093905484,38.86160979277193
10026,4.522227996517602,52.35690776062902
10027,103.75594194949065,1.1889590308582272
10028,0.3471270338509233,39.59569339064408
10029,16.816291734576147,54.971100179758125
10030,10.906180309594657,41.83035323637363
10031,13.906569972361858,40.31860804172491
10032,-121.7629098487596,39.43156159419102
10033,0.24676332385753266,51.070195876559545
10034,-121.86766683626824,34.21546288953016
10035,2.009381660359481,40.77119614992136
10036,-15.45888919294507,28.160152000098716
10037,-0.4694063285394137,50.59750414471079
10038,1.850936751065568,51.48344424758417
10039,17.414268390942365,57.07150920159134
10040,2.084479912500001,51.32491532916665
10041,2.2123659194671834,51.82659020881527
10042,-13.912973884804778,29.509858752963893
10043,-74.60029614136403,40.38758028818855
10044,8.468865862497625,53.54657519568433
10045,10.35879797915613,38.90859789905167
10046,153.15541151260334,-27.389710579822314
10047,1.8964322457792209,40.17192104656568
10048,129.67094100938053,35.097707589354975
10049,11.966451203125002,40.02478083124997
10050,-14.821573851715973,28.599955170349368
10051,2.2427036633929065,40.90175975860925
10052,2.9082921144843197,51.26474113877213
10053,2.9082921144843197,51.26474113877213
10054,1.6954423060901322,52.88114758638245
10055,-5.839561349333295,35.54532955151734
10056,31.231697212896847,36.35957803520854
10057,31.67260066910993,36.06694101937172
10058,116.08676979052636,6.041266636647158
10059,0.515697840666194,40.70589937658537
10060,7.143224098258487,53.32617542177038
10061,13.145838576489991,55.07839378926953
10062,5.982965436886697,43.344640679184955
10063,4.313848401161923,52.80104345729661
10064,-2.70484806395408,48.48552950736664
10065,-81.30090447657018,30.45496202215851
10066,10.86069091787485,53.94371974789423
10067,-5.7347428820666035,52.1091430556388
10068,3.9978963863231827,51.31221728522809
10069,2.6134299407483503,51.30576047767692
10070,-6.023410378702372,48.1518260263314
10071,-12.91671409789101,30.446183029139693
10072,-9.190644715342662,37.001344133793125
10073,3.2811426032340587,51.324183500115375
10074,8.508471406663656,53.56324764816459
10075,5.607284694750369,52.89578683886713
10076,12.282064710697057,54.626919739257055
10077,10.334108837427582,42.45361628446505
10078,10.45651475781499,41.604112409723875
10079,3.068898312647732,52.21944419582937
10080,-4.800772003388698,36.553587820210986
10081,11.593389030618766,55.02498480094681
10082,-7.458747231267161,35.007083201377455
10083,-80.86189042104705,31.090882823026114
10084,9.628649622365002,57.48372877204042
10085,-122.4426421587378,47.31709908637828
10086,8.071526467589665,53.81507036617847
10087,4.050697798391502,51.317803866376124
10088,-1.7894582459377335,50.74417667388079
10089,9.824946726715758,42.13134097836414
10090,1.6871926935133303,51.07844180959633
10091,3.0747642920295175,52.187602580717765
10092,11.277941607094867,54.93580156563657
10093,-13.886462336885641,32.78936612962313
10094,3.170862653109353,51.321471425708424
10095,4.099182550708233,51.270744681293216
10096,5.361332367673459,52.70080381268166
10097,8.5411905448365,53.61500282503191
10098,3.3124855374507347,51.77374295532789
10099,-0.7486799288997676,50.480918088863866
10100,9.998449146384807,53.53160836221987
10101,4.021812478383558,51.329425058306185
10102,18.800300504806845,57.68425668756549
10103,4.1388333016892265,52.663033957892466
10104,-15.16002425583808,27.426207179279967
10105,3.2709205399114882,51.32385777064915
10106,15.221041681563856,56.28428424570111
10107,-5.117532853337382,35.809651083172106
10108,3.1785264856874846,51.30664259619085
10109,8.48566598557462,53.54650211176321
10110,-9.190644715342662,37.001344133793125
10111,0.1122662127596389,51.002733934865965
10112,-9.448919569549627,43.64101347719872
10113,-75.42595894478278,38.17901795340135
10114,-122.59384778758137,37.48090738933036
10115,-117.76932065311688,31.618491018874465
10116,3.566093317119761,52.45273295211109
10117,17.257839744011992,58.119465866894394
10118,-122.44304987338447,47.34506786491647
10119,0.3374439915872158,39.59143809425299
10120,1.81788564279865,52.98552080538027
10121,-93.93669286279511,29.86278874061034
10122,1.9783247307096221,40.61731903527149
10123,29.46792745591155,40.712426040664816
10124,175.77395639653966,-36.49340609920712
10125,174.2502653533334,-41.584660995000014
10126,-1.301961715726711,50.73442084424896
10127,-8.17761397133921,44.00489543388897
10128,124.50533933727078,-33.094413562590056
10129,-3.224923205143812,51.37894051876934
10130,4.949391757371963,52.88568489123677
10131,-122.46609091192816,47.316890832630214
10132,18.350511232194584,37.84804314302929
10133,-67.09258551912485,17.596708738603013
10134,153.13469115114196,-27.443468299474798
10135,-107.86673730002876,20.356022172028975
10136,-45.137921094470904,-24.107343905317435
10137,115.674392711297,-32.04374558433996
10138,12.48768332417189,54.94461509887824
10139,8.51624585345303,53.75795393453569
10140,-8.741647416981056,42.31104588439147
10141,-73.41435298182222,31.80872657956456
10142,172.91980926318385,-43.435901450802895
10143,11.540311532475114,57.783312229296925
10144,-7.839159987798638,44.63313765299254
10145,24.94928760908135,59.966674992375154
10146,115.66469256126325,-31.93893652475271
10147,-74.98165454917782,38.782788468417515
10148,-121.66013021799039,39.32452029226795
10149,-5.928118706295802,52.96637153819166
10150,18.412528689773453,54.40523970591383
10151,4.824430125723861,52.38210403853466
10152,4.526716609680883,52.35670762496853
10153,6.769453560451227,55.01422206128392
10154,103.75594194949065,1.1889590308582272
10155,16.72611288451121,54.93263387274152
10156,2.6323770334566365,41.13707038515501
10157,1.9413505457792206,40.18105064656568
10158,-80.78019756996947,31.80942062842661
10159,5.3678548498254735,52.698724152379455
10160,13.906570272361858,40.318607941724906
10161,0.6706561987937727,51.1053052355582
10162,-0.4902332157855098,50.603890295498175
10163,10.927814524747932,41.81085550779565
10164,-13.315106043166118,31.51785325077429
10165,-15.418463442622837,28.142974110383616
10166,17.430030650942356,57.084321614924654
10167,-13.868955696856055,29.56078899745106
10168,-15.12395370122949,27.504050842970443
10169,2.185423469019741,51.82095909299999
10170,1.8495730843989013,51.4840949809175
10171,-12.939844902997146,30.427293307280834
10172,-5.734571111850155,52.112819749221046
10173,1.6874779609941073,52.88139137312029
10174,10.502762174516244,40.35382862992597
10175,116.08708922177001,6.041699899153424
10176,5.969835486886695,43.347651506684954
10177,-13.892020510060242,32.76366959343266
10178,2.1672491888146883,37.982597351001516
10179,153.15831187145326,-27.3810720413557
10180,9.99845555503791,53.53160689402751
10181,2.0870562125,51.32821762916664
10182,-74.60029614136403,40.38758028818855
10183,10.39410830114182,38.580098961409306
10184,129.63799492272085,35.07971526983499
10185,10.86069091787485,53.94371974789423
10186,7.141942003080913,53.325912034411594
10187,8.467573328474682,53.54618941338737
10188,11.280015180055237,54.919995176825395
10189,-121.86588095626823,34.21064222286348
10190,5.162241399379541,53.567824139478965
10191,11.845182203124999,40.07985793125
10192,-81.30090447657018,30.45496202215851
10193,3.2811426032340587,51.324183500115375
10194,3.1785264856874846,51.30664259619085
10195,-5.810545638658692,35.56854568076338
10196,12.96818627856506,54.6371519142578
10197,-80.86189042104705,31.090882823026114
10198,4.099036735985003,51.271176475000786
10199,3.2709205399114882,51.32385777064915
10200,18.782195079413405,57.72404503433359
10201,-7.411715585953306,35.04838364694455
10202,-2.6953638318467448,48.49095444872673
10203,-0.7687123020454031,50.47656608421853
10204,1.6871926935133303,51.07844180959633
10205,-75.14738093905484,38.86160979277193
10206,2.2540754409686645,40.922734467245625
10207,2.6134299407483503,51.30576047767692
10208,-5.96819293702139,48.19236260878993
10209,4.323831758542877,52.806607935788676
10210,10.336295191080554,42.441908934447845
10211,4.010442591805984,51.33229529065616
10212,3.068898312647732,52.21944419582937
10213,2.9085165492955554,51.2646105276431
10214,2.9085165492955554,51.2646105276431
10215,5.828574878083705,52.991163034700456
10216,-4.81776143542602,36.55542885124227
10217,4.1388333016892265,52.663033957892466
10218,11.564626334081467,55.05227408746571
10219,12.334413604136182,54.66068159657495
10220,-1.789562961929636,50.74421501709941
10221,9.628649622365002,57.48372877204042
10222,3.0967030860771363,52.20121254068801
10223,8.554561001044124,53.56844635381926
10224,-14.83805023199375,28.444458080349367
10225,-122.4426421587378,47.31709908637828
10226,10.4927062757576,41.5503052808411
10227,15.190754081563853,56.29830744570111
10228,7.988089198865125,53.79172061105291
10229,31.23510761289684,36.35806173520855
10230,4.051170200688799,51.31771350867342
10231,8.507178872640713,53.56286186586762
10232,31.674385369109928,36.065187819371715
10233,9.825433112408325,42.13450878269406
10234,0.37663494835850164,40.781394535559734
10235,3.9977505715999513,51.31264907893566
10236,13.004780869260731,55.16560327973344
10237,3.170862653109353,51.321471425708424
10238,29.283772328840058,40.84544922758102
10239,8.543814773733546,53.614906723694666
10240,3.313055482099604,51.763470396886326
10241,-5.1298022217584345,35.808270720014214
10242,153.15634271096854,-27.372767117827397
10243,-5.1298022217584345,35.808270720014214
10244,27.20907430833332,-28.367721850000017
10245,-12.965585302997146,30.424979407280833
10246,29.46792745591155,40.712426040664816
10247,-46.78555273180895,-24.341698967946492
10248,-13.309011909883525,31.532358818338697
10249,0.1574319012811174,51.02111646615467
10250,1.9390479457792207,40.18348744656568
10251,174.3216159600001,-41.50670942500002
10252,-1.3056293264018841,50.736613076333676
10253,55.30676286470063,25.31181991619025
10254,6.757166968784561,55.01020961128395
10255,10.907852348002038,41.826889310980604
10256,-0.6101198580887797,50.59860267596807
10257,-15.418463253700939,28.142974711869183
10258,15.813094668431368,57.37596450490192
10259,17.216488950942363,56.98313011492467
10260,2.1854543490197416,51.820229973
10261,-121.6618335179904,39.32492171726795
10262,-75.42595894478278,38.17901795340135
10263,1.6932823571835263,52.86502225684911
10264,116.0870832551034,6.041697557486758
10265,5.977218981524377,43.34431404364147
10266,-122.44304987338447,47.34506786491647
10267,5.176644619379541,53.53897251947896
10268,-93.93670119285662,29.862782989762344
10269,8.552911920127595,53.5689661276388
10270,2.2287646307736146,38.064678918564695
10271,1.81788564279865,52.98552080538027
10272,29.283772328840058,40.84544922758102
10273,-80.73579080370428,31.857503037753098
10274,-13.835251250485086,29.661721341606537
10275,175.77135173542857,-36.498198466984896
10276,-8.180170588005877,43.99813305055564
10277,124.5047196979851,-33.094689459018625
10278,-3.200568389910663,51.381610003652256
10279,4.949391757371963,52.88568489123677
10280,-122.46609091192816,47.316890832630214
10281,18.422822479437006,37.85933796076485
10282,-66.9916835316375,17.58624056798498
10283,8.217969923818538,53.433511847473646
10284,115.67439394282478,-32.04374434124167
10285,2.078454645833333,51.323397829166645
10286,4.010442591805984,51.33229529065616
10287,-45.369111054470906,-24.23248972531745
10288,8.507340599823998,53.76057847727762
10289,-8.741647416981056,42.31104588439147
10290,-73.41514819348886,31.80956507789789
10291,9.628649622365002,57.48372877204042
10292,172.91882002392603,-43.43651796524394
10293,-7.839159987798638,44.63313765299254
10294,24.962364980509918,59.96456780666085
10295,3.3163335820996043,51.76495829688633
10296,-8.753491631069856,42.22922571861085
10297,-107.60579910002878,20.212276382028975
10298,115.66469266126327,-31.938940924752707
10299,-5.932849783963584,52.9824861762674
10300,-74.98165454917782,38.782788468417515
10301,153.15831187145326,-27.3810720413557
10302,3.1936704662891717,51.341705553284626
10303,11.5375737496546,57.78308550468155
10304,2.632153233456636,41.13854978515502
10305,10.504108907849577,40.35197259659263
10306,18.41252834889916,54.4052409870015
10307,2.2034714695152307,40.57566136691559
10308,-13.897864095587815,32.69843091177065
10309,-5.7357995343501536,52.10689285922104
10310,-7.370771845367225,35.06676580749401
10311,4.808088116404206,52.36955649358013
10312,-121.86455555626824,34.209381922863486
10313,10.357131827726324,42.4080518639886
10314,9.984034749281829,53.53205120704745
10315,4.532633987350954,52.35260190644385
10316,3.2338030934121913,52.30636555484978
10317,0.3379919581746118,39.59224768248129
10318,103.75596451015768,1.1889617025695567
10319,12.614696013575122,54.65862140934078
10320,3.133213780780113,51.304278588070474
10321,11.811385703125,40.09357713124999
10322,4.051170200688799,51.31771350867342
10323,1.8495730843989013,51.4840949809175
10324,9.825433112408325,42.13450878269406
10325,-5.789772600022329,35.58669092167246
10326,30.907864899404117,37.1377437004677
10327,-2.695364570551302,48.49095499139443
10328,-80.86189042104705,31.090882823026114
10329,3.199564826065411,51.323070915998144
10330,11.231117720639652,54.90355621495115
10331,14.131125672606435,55.25877211674944
10332,4.099036735985003,51.271176475000786
10333,1.6871926935133303,51.07844180959633
10334,2.512995946087994,51.296783484372526
10335,4.17160637621065,52.68625647965723
10336,12.96828751189839,54.63838698092446
10337,-9.190644715342662,37.001344133793125
10338,-0.7687123020454031,50.47656608421853
10339,-75.14738093905484,38.86160979277193
10340,2.265536883392907,40.93175830360926
10341,-4.827855715885076,36.54981723604376
10342,3.3164219513602196,51.33868853326314
10343,2.9085165492955554,51.2646105276431
10344,2.9085165492955554,51.2646105276431
10345,8.494745751814445,53.55992114238253
10346,8.3837532404497,53.5196532396823
10347,-14.866766465327084,28.447120672016027
10348,10.492705992741728,41.55030520298396
10349,3.068898312647732,52.21944419582937
10350,11.56158713908147,55.049632782465736
10351,5.821645161417037,52.99395513470046
10352,12.377006610874261,54.70511760653049
10353,31.671513269109933,36.06773411937172
10354,4.336836076855324,52.817262796707645
10355,0.8825288871011111,51.1069394445937
10356,3.064730115243803,52.18074503652134
10357,3.170862653109353,51.321471425708424
10358,7.9616243521984575,53.78595926271957
10359,-1.789562961929636,50.74421501709941
10360,-6.471955290182481,38.56130667340978
10361,-122.4426421587378,47.31709908637828
10362,3.9977505715999513,51.31264907893566
10363,13.002070475920393,55.17193305154718
10364,31.23223471289684,36.36060683520854
10365,5.372334012325473,52.69933046487946
10366,-15.096897754741391,27.552268409756156
10367,8.543814773733546,53.614906723694666
10368,7.137564236677921,53.32431721633925
10369,18.804385087746738,57.732849242666916
10370,-74.60029614136403,40.38758028818855
10371,-81.30090447657018,30.45496202215851
10372,129.63643908878143,35.07905999135014
10373,13.906570172361858,40.31860774172491
10374,10.86069091787485,53.94371974789423
10375,15.18780133591168,56.29875604135328
10376,10.82017900656998,38.379847735270474
10377,-5.88157778224094,48.287692146712
10378,29.283772328840058,40.84544922758102
10379,-5.932232566820726,52.9805920912674
10380,2.6567217334566364,41.15933678515501
10381,-13.504209903746514,31.726092181218565
10382,-75.41156364478277,38.03463955340134
10383,15.4524804117647,57.189561938235265
10384,27.21197140833332,-28.36398705000002
10385,8.13917050409792,39.850638206290284
10386,6.7372873021178945,55.006010944617266
10387,2.3008631339539436,40.584385913772564
10388,-0.5707352226541502,50.62591259055307
10389,18.774013661274534,37.80031337268222
10390,2.077280912499999,51.32511212916665
10391,-48.03812804666668,-26.145715510000006
10392,-9.091426365686349,41.11912268023705
10393,-7.319124726130789,45.02504261945449
10394,-74.98165454917782,38.782788468417515
10395,18.412527065578228,54.40524200841723
10396,5.363624446134997,52.70045019845089
10397,12.493247667680732,54.95260500123078
10398,3.120489047672844,52.28455155662923
10399,4.765192981511186,52.33738755127206
10400,4.532634433184287,52.3526021722375
10401,3.170862653109353,51.321471425708424
10402,103.75596451015768,1.1889617025695567
10403,13.869921016862017,55.29502113050874
10404,30.90614379940412,37.1375559004677
10405,-8.753491631069856,42.22922571861085
10406,0.9296683904344444,51.12278993792704
10407,13.906569972361858,40.31860804172491
10408,10.907852348002038,41.826889310980604
10409,-15.418490266425732,28.143009898935652
10410,17.215212990942366,56.97477760159134
10411,-5.7352977820666045,52.1005354556388
10412,2.1854818490197414,51.819984473
10413,3.267161651870403,52.237476617288756
10414,1.6932823571835263,52.86502225684911
10415,116.08709261224627,6.041728043201044
10416,5.97998291485771,43.34609774364148
10417,-13.213438570739038,31.647013043796576
10418,5.178294919379542,53.53909021947896
10419,-122.44304987338447,47.34506786491647
10420,0.3379919581746118,39.59224768248129
10421,15.21517363591168,56.281902641353284
10422,8.543429866880343,53.569072324827204
10423,1.8280188480459756,52.99263606025557
10424,-93.93670119285662,29.862782989762344
10425,29.46792745591155,40.712426040664816
10426,175.77231657128183,-36.499165301692976
10427,8.259378256198206,53.45078268258205
10428,-1.312080127774097,50.73864529505662
10429,174.3200024600001,-41.50808815000001
10430,-8.183106440878706,43.98777130677759
10431,-107.58837923687089,20.189526328812605
10432,9.755892070148784,57.45741173389628
10433,124.50298892854066,-33.09501657290751
10434,-3.200568389910663,51.381610003652256
10435,-122.46609091192816,47.316890832630214
10436,-75.13589857508839,38.87077148137952
10437,4.949391757371963,52.88568489123677
10438,5.726585668083704,52.965095844700464
10439,-66.97820142274864,17.593820383540542
10440,-121.74494726465704,39.434271517267945
10441,-8.741647416981056,42.31104588439147
10442,-45.46741107947091,-24.30948619198411
10443,115.67439273171367,-32.043744496797224
10444,8.507340599823998,53.76057847727762
10445,11.468291172673942,57.73330238077731
10446,-46.785881531808954,-24.342033667946488
10447,-13.78246378130131,29.76840867972845
10448,129.6049436075299,35.060199928810036
10449,-3.7672776372497423,51.25597609799739
10450,-5.1298022217584345,35.808270720014214
10451,7.130394615357215,53.320879795703895
10452,-73.84285914348888,31.2097374028979
10453,3.1927218930287786,51.340611510648415
10454,-121.86541840626823,34.21099807286349
10455,-13.945051161799936,32.62126519732621
10456,10.495317516182908,40.316731185481515
10457,3.067346908277386,51.30548818892692
10458,8.48253935919156,53.556644733165776
10459,31.67142296910994,36.067775619371716
10460,-9.190644715342662,37.001344133793125
10461,8.364157754053922,53.514686309160965
10462,3.9977505715999513,51.31264907893566
10463,31.230514612896844,36.36042003520854
10464,-74.60029614136403,40.38758028818855
10465,10.471987048554656,42.392542616927095
10466,172.9385401572593,-43.41323441107726
10467,12.614696013575122,54.65862140934078
10468,2.8780742060932543,51.24624020656449
10469,2.8780742060932543,51.24624020656449
10470,4.051170200688799,51.31771350867342
10471,153.15831187145326,-27.3810720413557
10472,-81.2974588384613,30.4641475143809
10473,10.64983132013253,38.273396537080885
10474,12.99759797676073,55.17317783104298
10475,18.796268965365787,57.765116093222474
10476,-5.8866027580345905,48.281814073894544
10477,-7.306332766935856,35.13266607420364
10478,-0.7687123020454031,50.47656608421853
10479,-80.86189042104705,31.090882823026114
10480,11.231719678331958,54.88778854155371
10481,2.512995946087994,51.296783484372526
10482,-8.082345806002474,44.53377884636684
10483,1.712821096645389,51.09407812448866
10484,3.3461224362187214,51.35319584789224
10485,12.42090673739048,54.74849082773448
10486,-117.93942827811688,31.85407536887446
10487,10.86069091787485,53.94371974789423
10488,9.984032746840601,53.532052548525236
10489,3.068898312647732,52.21944419582937
10490,-4.827855715885076,36.54981723604376
10491,24.960406338803576,59.96281955554976
10492,4.099036735985003,51.271176475000786
10493,9.825433112408325,42.13450878269406
10494,-80.73579080370428,31.857503037753098
10495,-14.90319183588264,28.384768242571585
10496,-122.4426421587378,47.31709908637828
10497,10.537322699197578,41.48564301880378
10498,1.850936751065568,51.48344424758417
10499,2.2656957833929066,40.92800990360925
10500,-5.7886957850223295,35.588711906672465
10501,4.17160637621065,52.68625647965723
10502,11.547482614665883,55.04221443843976
10503,-1.789458369621944,50.7441766094071
10504,4.343254941021991,52.82227947337431
10505,3.064730115243803,52.18074503652134
10506,3.1917545578718474,51.33171783797496
10507,-6.629932580144957,38.516855698972634
10508,4.010442591805984,51.33229529065616
10509,7.9444493999313,53.78179668475389
10510,-2.704847370551302,48.48552919139442
10511,-15.021346555497036,27.632061936623536
10512,8.543967533667319,53.615061379746045
10513,115.66469621126328,-31.9389402997527
10514,3.3127468743554958,51.77239717913741
10515,11.787079903125003,40.10117743124998
10516,1.875193495779221,40.17977629656568
10517,12.967034608689834,54.637946927983286
10518,-5.1298022217584345,35.808270720014214
10519,-13.204998085977868,31.66973102352357
10520,2.2352904044761566,40.53886405789046
10521,-13.749400149330702,29.809666073947614
10522,15.379806811764697,57.19079323823526
10523,3.170862653109353,51.321471425708424
10524,0.0875731080343641,50.99877545674631
10525,-75.41160834478278,38.03616795340135
10526,5.389976341492139,52.70873526071279
10527,18.412526966340792,54.40523911488575
10528,2.0691964458333327,51.32152442916663
10529,-14.929852679777024,28.19627348554189
10530,3.284002683436492,52.375595480134194
10531,30.91321989940411,37.1371029004677
10532,0.3374439915872158,39.59143809425299
10533,-13.949048564715861,32.51070756799041
10534,115.67441338895571,-32.04374227615212
10535,-8.741647416981056,42.31104588439147
10536,-45.46986049447091,-24.298269005317447
10537,8.414525246241576,53.73640534674182
10538,-74.99632048424156,30.95609432150005
10539,172.93962498605973,-43.41257722119632
10540,24.950302909081348,59.96829959237517
10541,-8.02011074171676,44.572283223985885
10542,55.29520064292969,25.306442863650414
10543,-74.98165454917782,38.782788468417515
10544,115.66470915404399,-31.938931050187197
10545,-5.928276406295802,52.97541753819166
10546,-3.774777427899408,51.26457337595732
10547,4.742936117684013,52.32400768539515
10548,6.72426329378456,55.004625527950594
10549,4.532537319017622,52.35326309977719
10550,103.75596451015768,1.1889617025695567
10551,13.901674539639794,55.26443530328652
10552,3.1927218930287786,51.340611510648415
10553,10.93333043980897,41.81034937946067
10554,1.0093042728257489,51.11385267988356
10555,13.906570272361858,40.318607941724906
10556,-0.5956088588950024,50.631060132859105
10557,-107.19528562608222,20.008032606956508
10558,-15.418490366425731,28.143009732268983
10559,16.95936267594236,56.91909456909132
10560,9.823542858570839,57.513418129788704
10561,2.185423469019741,51.82095909299999
10562,-80.73860610222646,31.85506722001911
10563,1.6932823571835263,52.86502225684911
10564,116.08710279752835,6.041697627964578
10565,5.994236198191044,43.3538342519748
10566,-14.969487696933461,27.73275126879524
10567,5.180269916046207,53.568056889478946
10568,-5.733712131850155,52.11184268922105
10569,-122.44304987338447,47.34506786491647
10570,15.184914235911679,56.29591654135328
10571,-48.060259251666686,-26.23672995833333
10572,12.554874352443727,55.089008192724165
10573,8.542974563317431,53.56939405704406
10574,-93.93670115135183,29.86278277043606
10575,1.8398064463518855,53.002859235117555
10576,29.283772328840058,40.84544922758102
10577,8.099229034744093,53.38346621871781
10578,1.8495730843989013,51.4840949809175
10579,12.614696013575122,54.65862140934078
10580,175.77342530487303,-36.487839801707125
10581,-117.82532060918838,32.05845162066018
10582,3.0967030860771363,52.20121254068801
10583,174.30891975333344,-41.53746469500002
10584,-1.3150571797301438,50.74073586436835
10585,-2.6953638318467448,48.49095444872673
10586,11.394274452108,57.64174680675955
10587,-8.182572190878709,43.98650222344425
10588,-81.2974588384613,30.4641475143809
10589,-74.60029614136403,40.38758028818855
10590,8.332767302491241,53.50279537418163
10591,8.3645872525672,39.837679874414114
10592,1.9188202291125542,40.18926422989901
10593,-7.2461196389704865,35.170548678020374
10594,-80.86189042104705,31.090882823026114
10595,-121.65715941799039,39.327318092267944
10596,-3.202281096384093,51.380954485198146
10597,4.175247828141113,52.68999830441972
10598,-122.46609091192816,47.316890832630214
10599,-121.86660155626825,34.21051285064125
10600,124.50534292298508,-33.09439759235195
10601,31.674385369109928,36.065187819371715
10602,11.23483019499863,54.87435032072039
10603,4.009355958055572,51.33244939961676
10604,-46.78470092978571,-24.346001997291406
10605,-5.702127173319033,35.62394807220361
10606,31.23510761289684,36.35806173520855
10607,11.58859597401905,55.009647796863646
10608,153.15831187145326,-27.3810720413557
10609,11.594452903125,40.20353903125
10610,4.949391757371963,52.88568489123677
10611,-66.86194447512958,17.594985971635776
10612,18.949915271026438,37.7490661114378
10613,-5.8118012050235315,48.42899783596271
10614,4.051170200688799,51.31771350867342
10615,2.6323770334566365,41.13707038515501
10616,-9.182482334509329,36.9853593979598
10617,10.701007912718428,42.15448137663186
10618,10.636812856799192,38.271207827080886
10619,7.118297183340156,53.318099244633686
10620,2.512995946087994,51.296783484372526
10621,3.35001756447748,51.355997243445074
10622,5.734530134750371,52.963434644700456
10623,9.818586565429856,42.08546996857028
10624,129.56672852350286,35.039554222729706
10625,10.537321751657894,41.48564183999425
10626,3.0726881058066855,52.22270845568852
10627,-4.838745510885077,36.545233807710424
10628,4.099036735985003,51.271176475000786
10629,8.471170152403651,53.55369680441695
10630,11.964167779565205,54.41533959502797
10631,3.068329923614804,51.3085159650548
10632,10.86069091787485,53.94371974789423
10633,-75.13589857508839,38.87077148137952
10634,-122.4426421587378,47.31709908637828
10635,9.984037991006632,53.532052570719216
10636,3.996663937849541,51.312803187896264
10637,12.800348308236442,55.260965259238695
10638,2.787768212101514,51.19093059930128
10639,2.787768212101514,51.19093059930128
10640,12.945957201898393,54.62889404759114
10641,3.313055482099604,51.763470396886326
10642,-1.789562961929636,50.74421501709941
10643,1.712821096645389,51.09407812448866
10644,7.932147433264634,53.77751346808722
10645,4.347078150069609,52.823228169088594
10646,3.192874450819442,51.33313027251651
10647,-6.805828457206844,38.36323524137752
10648,2.237085883392907,40.913836703609256
10649,18.81346272718067,57.80741184832556
10650,10.525578228936535,40.371606651640946
10651,8.49057224566337,53.59220422018589
10652,-0.7687123020454031,50.47656608421853
10653,-8.753491631069856,42.22922571861085
10654,-45.4610266944709,-24.311772005317447
10655,29.283772328840058,40.84544922758102
10656,0.056537535196690705,51.00886757095437
10657,7.113121165710834,53.31606259400034
10658,3.195721839177468,52.157535246145414
10659,-48.062277791666695,-26.27502110833333
10660,9.86265717783028,57.538378208789624
10661,30.91160249940411,37.1382387004677
10662,-13.758106367920242,29.98125289589102
10663,2.0721072458333327,51.320853729166636
10664,29.46792745591155,40.712426040664816
10665,19.367347471238894,37.757052426090745
10666,-7.75144043822662,46.25102620328756
10667,4.009355958055572,51.33244939961676
10668,55.278096229185046,25.29296235640298
10669,6.714710185451227,55.001188944617255
10670,2.234803658587898,40.40981909477088
10671,-107.19298672608221,19.986885006956513
10672,124.50473044798508,-33.09466631735196
10673,8.138659093092874,53.40377419331305
10674,-46.7850854297857,-24.345722697291407
10675,-3.2009857963840926,51.381517585198154
10676,-122.46609091192816,47.316890832630214
10677,4.949391757371963,52.88568489123677
10678,-66.90882385012958,17.528697404969108
10679,115.67441111048349,-32.043741600831616
10680,8.344033761373577,53.7730193653546
10681,-8.741647416981056,42.31104588439147
10682,-74.99517239590823,30.956957119833383
10683,172.93852063546444,-43.41325556107728
10684,-5.138946800806053,35.806953213665004
10685,-8.02011074171676,44.572283223985885
10686,24.963945213843253,59.96641240666086
10687,115.66470915404399,-31.938931050187197
10688,-74.98165454917782,38.782788468417515
10689,-5.933022183963583,52.992125276267394
10690,18.4125258586868,54.405241325504605
10691,4.718431121460423,52.303112028454855
10692,4.532536827350954,52.35326306644385
10693,3.1927972232083874,52.29356228544906
10694,103.75596451015768,1.1889617025695567
10695,13.879735346306463,55.29372935661986
10696,10.913368263063074,41.82638318264562
10697,13.906570172361858,40.31860774172491
10698,1.2807610670191536,51.15243085409925
10699,-121.6588627179904,39.327719517267944
10700,-15.418490266425732,28.143009898935652
10701,-0.654201916081425,50.62026291430867
10702,16.788623977480825,56.83572551968963
10703,2.1854543490197416,51.820229973
10704,11.558482019296827,55.01443020505809
10705,1.6932823571835263,52.86502225684911
10706,116.08709318800456,6.041696072012197
10707,3.1927218930287786,51.340611510648415
10708,6.004445961524376,43.361158986141476
10709,-13.188054249452373,32.06167864148364
10710,5.129591866046208,53.45551263614562
10711,-122.44304987338447,47.34506786491647
10712,0.36500129844586904,39.593053599069705
10713,12.110398846118603,54.51507149547167
10714,15.184641235911679,56.29605924135328
10715,-93.93670115135183,29.86278277043606
10716,8.531015313559614,53.56745494842371
10717,11.494273903124999,40.24097463124999
10718,1.8398064463518855,53.002859235117555
10719,-7.192843954401902,35.21672319220699
10720,-121.86637145626824,34.21136025064126
10721,-14.887190518634092,27.828762153992205
10722,-5.734940554350154,52.105915799221044
10723,1.8438319293989014,51.4842740609175
10724,3.996663937849541,51.312803187896264
10725,175.77149573402693,-36.495628405614546
10726,153.15831187145326,-27.3810720413557
10727,-80.8611862286067,31.081759097145113
10728,2.512995946087994,51.296783484372526
10729,-117.936553000855,32.16012730732684
10730,-6.805828457206844,38.36323524137752
10731,12.804835744167448,55.26977393900864
10732,1.712821096645389,51.09407812448866
10733,9.861243605685004,53.54443495203918
10734,-4.838745510885077,36.545233807710424
10735,3.1035509820482106,52.20329778397314
10736,-80.6794590988748,31.892190179041204
10737,3.0244992922276395,51.309733074961166
10738,-14.932681753025495,28.20840372828587
10739,-75.13589857508839,38.87077148137952
10740,2.246036383392907,40.91545540360926
10741,-5.5611610838745875,35.67780662664804
10742,7.932147433264634,53.77751346808722
10743,10.496463345603201,40.495175143307605
10744,12.945957201898393,54.62889404759114
10745,24.381554940047764,38.04933808609384
10746,174.32081951000012,-41.507874475000015
10747,-1.789562961929636,50.74421501709941
10748,4.353876862926752,52.82685949861239
10749,-0.4911615773136287,37.249894123955436
10750,-122.4426421587378,47.31709908637828
10751,-14.017865943745228,32.33821532847059
10752,4.175247828141113,52.68999830441972
10753,12.614696013575122,54.65862140934078
10754,2.7573263263563734,51.1725605215475
10755,2.7573263263563734,51.1725605215475
10756,-2.704811270551302,48.48554719139442
10757,3.3163335820996043,51.76495829688633
10758,-1.3188353715396774,50.744605612506554
10759,3.2005301657417884,51.33990528242212
10760,1.9094815124458875,40.20771142989901
10761,-8.753491631069856,42.22922571861085
10762,18.827222161466388,57.8126969661827
10763,31.23223471289684,36.36060683520854
10764,8.490634046797156,53.592267644675694
10765,31.671513269109933,36.06773411937172
10766,11.235017129820053,54.865441944232295
10767,-7.2831901261307905,45.019959919454486
10768,-8.191126405383738,43.89598518698375
10769,-74.60029614136403,40.38758028818855
10770,-5.812533032718203,48.48116319309035
10771,2.5889346334566365,41.10661018515501
10772,-81.2974588384613,30.4641475143809
10773,9.818586565429856,42.08546996857028
10774,129.5256573812762,35.01824046749105
10775,12.557147536778174,55.093237930028515
10776,-0.7687123020454031,50.47656608421853
10777,10.782214688098414,42.09047814262019
10778,3.0726881058066855,52.22270845568852
10779,11.46285217516796,57.60361281603481
10780,8.472444267440457,53.553997249949845
10781,5.728165468083704,52.965675744700455
10782,11.808376661475227,54.358800952478624
10783,-9.182482334509329,36.9853593979598
10784,8.328221642515391,53.501590771852676
10785,10.86069091787485,53.94371974789423
10786,-3.7974232536728625,51.24766119561679
10787,10.622149612643348,38.276028356951024
10788,3.377250132662866,51.36545902558348
10789,4.0979501022345906,51.27133058396139
10790,8.365791855597502,39.8305938316111
10791,4.051170200688799,51.31771350867342
10792,10.537321468642022,41.485641762137114
10793,-13.41321677244574,31.759952874949125
10794,24.37818354004776,38.048741786093835
10795,-9.095393187353016,41.23979191621745
10796,-0.48810507731362873,37.24904182395544
10797,13.827006973471256,39.43974323867011
10798,29.46792745591155,40.712426040664816
10799,29.283772328840058,40.84544922758102
10800,-12.905010224129526,30.470101884154836
10801,11.545642185963493,55.01506482728033
10802,-13.746802355014543,30.018127768636433
10803,9.919264378786867,57.5089860008886
10804,0.052080385196690705,51.00810942095437
10805,11.055176603125,40.40366943124999
10806,55.26460767341423,25.285354198574932
10807,3.061549939177468,52.06546114614542
10808,19.36907207478056,37.75695925088242
10809,4.693582703415928,52.28488773595668
10810,30.90614379940412,37.1375559004677
10811,0.36500129844586904,39.593053599069705
10812,5.131242166046207,53.455630336145624
10813,-122.44304987338447,47.34506786491647
10814,15.21201353591168,56.279205841353274
10815,4.009355958055572,51.33244939961676
10816,8.494866070755819,53.549089261012796
10817,1.8398064463518855,53.002859235117555
10818,-93.93670115135183,29.86278277043606
10819,4.051170200688799,51.31771350867342
10820,175.77239903402693,-36.49576040561455
10821,174.31951291000007,-41.508961800000016
10822,-8.188211342793837,43.86422189308818
10823,-46.78541462978571,-24.3460577972914
10824,-3.2009857963840926,51.381517585198154
10825,124.50299917854063,-33.094993431240844
10826,-122.46609091192816,47.316890832630214
10827,4.9551919369174176,52.885101491236775
10828,-66.9083615501296,17.532346304969106
10829,-14.953425200681776,28.19868612214376
10830,115.67440989937239,-32.04374175638717
10831,-8.741647416981056,42.31104588439147
10832,8.308684447378704,53.76283968314444
10833,2.2727174148090956,40.37024724361881
10834,-75.00701869590824,30.955497319833388
10835,172.94412571879778,-43.38844651107727
10836,-8.2446741395302,44.53422348936593
10837,24.961421638803575,59.96444415554976
10838,-74.98165454917782,38.782788468417515
10839,115.66471170404401,-31.938931825187197
10840,7.112354377526512,53.31750251380263
10841,-5.933867463209615,52.994507350989615
10842,11.390302775167958,57.560231616034805
10843,18.412523831065343,54.405243126048624
10844,3.1927972232083874,52.29356228544906
10845,6.720272810451227,54.98744089461726
10846,5.726585668083704,52.965095844700464
10847,4.532537273184287,52.3532633322375
10848,-107.18643112608223,19.96642560695651
10849,103.75597777844318,1.1889534197306413
10850,13.844006221306461,55.281447381619856
10851,11.229649324960903,54.853811024148506
10852,10.913368263063074,41.82638318264562
10853,1.2792578353524866,51.150567974099246
10854,13.702761919942754,39.6946635145911
10855,12.110258578975746,54.515467756614534
10856,-80.66882304128677,31.902771511209703
10857,16.785920417480828,56.82663593968963
10858,-14.013050611735423,32.2986392340915
10859,-15.418510680383129,28.14304511718368
10860,-0.654201916081425,50.62026291430867
10861,1.813618081065568,51.46554776758417
10862,2.1854821490197414,51.819984573
10863,-74.60029614136403,40.38758028818855
10864,129.49581927195865,35.005606086752564
10865,-121.73949838465704,39.43665591726794
10866,-75.49456693951961,37.7450826849803
10867,-75.13589857508839,38.87077148137952
10868,10.50726427637243,40.566366487538374
10869,1.7074683230350882,52.85563169830998
10870,116.08710293800458,6.0417310720121975
10871,6.026462267406729,43.359709105259114
10872,1.868694312445888,40.19815992989901
10873,2.688380785684124,41.15381311927824
10874,-9.182482334509329,36.9853593979598
10875,-4.838745510885077,36.545233807710424
10876,8.4686377194436,53.55312315795217
10877,-7.085674835769635,35.25900124237079
10878,-80.8611862286067,31.081759097145113
10879,-6.808702322810921,38.358781352400186
10880,2.757326177784945,51.172560458690356
10881,2.757326177784945,51.172560458690356
10882,1.712821096645389,51.09407812448866
10883,-13.158388572804204,32.129532933695856
10884,-118.58491180085495,32.471826557326835
10885,8.989335479682616,53.44510439271149
10886,2.217563302531663,40.88573683710208
10887,12.806087946518689,55.27493540223197
10888,18.828224021466387,57.8139286161827
10889,12.614696013575122,54.65862140934078
10890,4.358453396260086,52.82819664861239
10891,-121.86613900626824,34.210868700641264
10892,2.072555312499999,51.32345052916664
10893,-5.7343374820666035,52.0802221556388
10894,4.175247828141113,52.68999830441972
10895,-5.646832639361527,48.53785630594828
10896,6.314325134297755,52.62577233663044
10897,12.557147536778174,55.093237930028515
10898,-1.3188353715396774,50.744605612506554
10899,3.202253496783,51.34444491486593
10900,-8.753491631069856,42.22922571861085
10901,-7.249249590416502,45.011165169454486
10902,3.0726881058066855,52.22270845568852
10903,2.512995946087994,51.296783484372526
10904,31.230515012896852,36.36042863520854
10905,3.384303118153735,51.36968759536418
10906,4.0979501022345906,51.27133058396139
10907,8.36559519055782,39.83730974386579
10908,31.671422669109937,36.067780919371714
10909,-81.2974588384613,30.4641475143809
10910,10.537322810308687,41.48564274547044
10911,-3.790085093296235,51.24749722257561
10912,153.15831187145326,-27.3810720413557
10913,-14.846240030828902,27.896027499887524
10914,8.490786806730931,53.59242230072707
10915,11.740217935456537,54.333720270437425
10916,9.818586565429856,42.08546996857028
10917,10.86069091787485,53.94371974789423
10918,3.1927218930287786,51.340611510648415
10919,10.742002049290306,42.110013997244124
10920,-122.4426421587378,47.31709908637828
10921,10.623349312643347,38.276058256951025
10922,3.996663937849541,51.312803187896264
10923,-5.419256133233563,35.728972818955725
10924,7.936561276470133,53.78105039883924
10925,12.944704298689837,54.62845399464996
10926,-2.704848263954079,48.48552950736664
10927,3.3882340670803637,51.795714421068624
10928,-0.7687123020454031,50.47656608421853
10929,3.1035509820482106,52.20329778397314
10930,-1.789458369621944,50.7441766094071
10931,3.1143288695871703,51.35890488745995
10932,2.0712246124999996,51.32342772916664
10933,3.059020139177468,52.06340944614544
10934,-46.768660456585145,-24.32346523478914
10935,-13.773349488204122,30.039683042593477
10936,-5.138946800806053,35.806953213665004
10937,-75.49475203951961,37.7480422849803
10938,-5.928276406295802,52.97541753819166
10939,24.374752840047762,38.04867748609384
10940,-107.1636554231837,19.97208465913042
10941,10.573627821384607,38.28042401761536
10942,-8.741647416981056,42.31104588439147
10943,1.8164042772560438,51.461099144409566
10944,9.979893403593234,57.496438472692255
10945,6.690125110451225,54.983044394617245
10946,16.781261915942363,56.897133481228074
10947,2.185423469019741,51.82095909299999
10948,1.725927344619887,52.837541203155695
10949,116.08710940604914,6.041687647920582
10950,6.001101008240063,43.360792255735305
10951,6.208396365222647,52.580735640435286
10952,5.115188646046207,53.484364256145625
10953,-122.44304987338447,47.34506786491647
10954,15.184914235911679,56.29591654135328
10955,8.548829972173078,53.57274113076837
10956,-93.93670189828305,29.862783537500587
10957,1.8398064463518855,53.002859235117555
10958,29.283772328840058,40.84544922758102
10959,4.049442516138561,51.31717221625087
10960,-2.695364477997538,48.49095501380214
10961,175.7722604083213,-36.49892098101747
10962,10.919758303125004,40.46744863124999
10963,174.30526000333342,-41.565856945000014
10964,124.50535524565822,-33.09438943656191
10965,-8.188020092793836,43.84732440975485
10966,-3.202281096384093,51.380954485198146
10967,-122.46609091192816,47.316890832630214
10968,-14.99003821238452,27.988258616588205
10969,19.300732326926326,37.78335226620256
10970,4.944847875806306,52.8869086086971
10971,-66.91327546798674,17.533122343064342
10972,115.67441038270572,-32.04374333031879
10973,-0.06739068693844313,51.039827090951825
10974,8.266918989904282,53.76780385245942
10975,-80.66276481307709,31.90806566662884
10976,-74.99632048424156,30.95609432150005
10977,11.390626540284238,57.53638756603481
10978,-13.146529168671298,32.22618735642895
10979,172.94565427107054,-43.386895638699656
10980,-14.023016422408427,32.226516192959195
10981,-8.275080193876201,44.47701619773978
10982,24.933991431591153,59.96031202734996
10983,5.821341334750372,52.995260807200445
10984,115.66470915404399,-31.938931050187197
10985,-74.97511448145207,38.78728502047994
10986,18.41252731966198,54.405238163148084
10987,11.547047323394185,54.97356147012328
10988,-8.753491631069856,42.22922571861085
10989,0.38997119091112475,39.59735252189194
10990,-1.324789283007816,50.749717554771415
10991,129.45239943631924,34.98260271195947
10992,-121.88348725626825,34.20858665064125
10993,4.672744868961846,52.26952658796742
10994,4.532536810684288,52.35326268311052
10995,3.1927972232083874,52.29356228544906
10996,103.75597777844318,1.1889534197306413
10997,11.161209292127573,54.79301762381516
10998,13.88109124630646,55.24961105661986
10999,5.379584103992139,52.68743817321278
11000,2.2732594367274674,40.930007363889956
11001,30.912395399404108,37.137892200467704
11002,-74.57314806182981,40.397067682131755
11003,8.529804527540456,39.81995216349062
11004,1.3863507142873246,51.09641250307554
11005,13.600897701004312,39.46898158669649
11006,-121.6368915679904,39.32750469226795
11007,-5.131298736304684,35.822091198076166
11008,4.052739462810474,51.35547969824421
11009,2.6737733334282905,41.13300402880898
11010,7.113967600152672,53.32066454925186
11011,10.512150091523948,40.58272090647778
11012,31.672310969109937,36.06737821937172
11013,-9.17158259633349,36.95219150959403
11014,-0.7687123020454031,50.47656608421853
11015,-7.19440507613079,44.99561291945448
11016,2.512995946087994,51.296783484372526
11017,31.233032212896838,36.36025113520854
11018,-81.29665091904992,30.46645841422217
11019,1.8980664124458875,40.21660002989901
11020,-3.769646722400177,51.256217957907154
11021,-0.6707964578794048,50.61528642436928
11022,10.932123441843157,41.808323699652334
11023,3.1872759752049133,51.33671928459382
11024,10.742002049290306,42.110013997244124
11025,12.631937294925276,54.66959111120123
11026,-1.789562961929636,50.74421501709941
11027,2.751146324374172,51.170884210801105
11028,2.751146324374172,51.170884210801105
11029,-15.418510873794016,28.143042833346893
11030,12.565127659887725,55.111825563487926
11031,12.171670954246194,54.52844024412947
11032,-80.8578095907885,31.078449057326935
11033,-118.70006682585499,32.565929157326835
11034,2.9875895041237976,51.312759136533465
11035,8.737629048823457,53.40895774999456
11036,-5.738457194350157,52.06219585797105
11037,-5.562968106595088,48.5744304927113
11038,8.46778543283226,53.55286760575883
11039,-7.0094439210474135,35.301900986954124
11040,-6.732387952274118,38.39246567871623
11041,13.787034293056351,39.30712955771726
11042,12.815043860347993,55.28779320341472
11043,18.821832344799724,57.81612505784937
11044,3.40696563017667,51.377700428231044
11045,2.1173485903869294,40.32910555230719
11046,1.712821096645389,51.09407812448866
11047,10.86069091787485,53.94371974789423
11048,-75.13589857508839,38.87077148137952
11049,4.003180225428016,51.31249688992915
11050,3.0726881058066855,52.22270845568852
11051,-4.838745510885077,36.545233807710424
11052,4.175247828141113,52.68999830441972
11053,4.094588354567968,51.27136836462173
11054,-14.751646725615151,28.119470831990153
11055,8.490693761082872,53.5923293494376
11056,11.153038011173182,54.10152693667506
11057,4.364375085307704,52.829639504326686
11058,9.817933736882678,42.081049512051976
11059,3.199307080724968,51.34941943261888
11060,10.537321751657894,41.48564183999425
11061,7.901598864803468,53.77169494717257
11062,13.122583337841183,54.69646606458046
11063,153.15831187145326,-27.3810720413557
11064,3.393174000727464,51.78724824998884
11065,3.083072939548211,52.19634913647314
11066,-122.4426421587378,47.31709908637828
11067,4.052739462810474,51.35547969824421
11068,11.547047323394185,54.97356147012328
11069,1.8164042772560438,51.461099144409566
11070,-2.6953650113308716,48.490955124913256
11071,9.990926749948597,57.50749346008551
11072,174.31605683666675,-41.53869219500001
11073,24.381227740047763,38.050107386093835
11074,-80.65705673009843,31.91286869215126
11075,55.01028466191985,25.147078796409772
11076,129.38570339369932,34.94960946324835
11077,27.21239909999999,-28.36486565000002
11078,-5.933022183963583,52.992125276267394
11079,-15.000129029051188,27.970233533254873
11080,10.572809721384608,38.28012601761536
11081,6.6888885854512266,54.98271234461725
11082,30.907864899404117,37.1377437004677
11083,3.0229744979076263,52.02405529058986
11084,29.283772328840058,40.84544922758102
11085,-46.766521529785706,-24.3332777972914
11086,-8.74036316603766,42.311277731561276
11087,2.0720233458333324,51.32107922916664
11088,5.404405611849282,52.67542445535564
11089,0.38997119091112475,39.59735252189194
11090,3.1902482232083873,52.293853885449046
11091,4.632205103398628,52.23465232369689
11092,4.5325365273509535,52.353262866443856
11093,103.75597777844318,1.1889534197306413
11094,13.873179646306461,55.25587245661986
11095,13.58033044987602,39.414033118068176
11096,1.4881928963749842,51.08584289148228
11097,-0.7256422853059241,50.603395936987155
11098,-15.418511239710785,28.14304064826234
11099,2.1854543490197416,51.820229973
11100,16.764482015942363,56.89171128122808
11101,1.725927344619887,52.837541203155695
11102,116.08709979652535,6.0416860919682005
11103,6.022032858696685,43.3605954210848
11104,-122.44304987338447,47.34506786491647
11105,15.184641235911679,56.29605924135328
11106,5.129591866046208,53.45551263614562
11107,-93.93670169820032,29.862783352967917
11108,8.549456949965442,53.57319694295457
11109,1.8398064463518855,53.002859235117555
11110,175.77033083747523,-36.50670958492489
11111,-107.13227069937416,19.942998635320897
11112,-8.188158109460502,43.84547882642151
11113,6.102087659438,52.53551734419545
11114,124.5043274012138,-33.0947186254508
11115,-80.8578095907885,31.078449057326935
11116,-3.1983043501814983,51.381963994578264
11117,-122.46609091192816,47.316890832630214
11118,-67.0264183096534,17.326683272231012
11119,19.302065679503357,37.782904024437855
11120,4.944847875806306,52.8869086086971
11121,0.00916000030848946,51.10874958788678
11122,115.6744136604835,-32.043741717498285
11123,3.185069269626556,51.33458875729287
11124,8.239332744350992,53.77394796378135
11125,11.388281840284238,57.53628916603481
11126,-14.046774825843912,32.16153343315195
11127,5.812768768083705,52.997853707200456
11128,-74.99517239590823,30.956957119833383
11129,10.719763500000006,40.51831709999997
11130,-14.700834351502499,28.19493577635002
11131,172.95119388773716,-43.36219397203298
11132,11.150549669184535,54.78311457065061
11133,-8.665297017994698,44.30902267404359
11134,24.945296608257824,59.95398966723089
11135,-2.521905842713802,43.71277090991135
11136,-5.138946800806053,35.806953213665004
11137,6.943391585396148,53.24285747252672
11138,115.66470915404399,-31.938931050187197
11139,-1.3091555386406617,50.75303595396566
11140,-121.63985813465706,39.32990031726794
11141,120.73742519999998,14.533103874999995
11142,2.201768861902609,40.326137067986636
11143,2.705803459221735,41.15449757576539
11144,12.565127659887725,55.111825563487926
11145,18.412526721163818,54.405239782962674
11146,13.787034293056351,39.30712955771726
11147,-121.88325715626824,34.20943405064126
11148,2.985977727100673,51.31594682078604
11149,-74.97511448145207,38.78728502047994
11150,4.360551876260086,52.82869080861239
11151,-0.7687123020454031,50.47656608421853
11152,-4.812052542743894,35.9414696367893
11153,-46.41989130661376,-25.011610432936497
11154,-74.51464476298607,40.42317666517136
11155,31.671419869109936,36.06777511937172
11156,-7.205269476130791,44.98465311945448
11157,2.512995946087994,51.296783484372526
11158,31.23223471289684,36.36060683520854
11159,-3.7307844516399427,51.24657766726387
11160,2.7511462069138544,51.17088435683285
11161,2.7511462069138544,51.17088435683285
11162,8.52292348057076,39.82226617485425
11163,-81.29665091904992,30.46645841422217
11164,10.772573935113515,42.086173577537494
11165,-5.475844295846773,48.621406009735146
11166,1.8675976624458874,40.231631579899
11167,8.466988233780368,53.55267619614946
11168,-9.16615187679213,36.932399675441694
11169,3.0726881058066855,52.22270845568852
11170,-4.838745510885077,36.545233807710424
11171,153.15831187145326,-27.3810720413557
11172,-6.926256935690271,35.33587422147794
11173,11.150003070165713,54.100115336362116
11174,9.817933736882678,42.081049512051976
11175,3.2452736910222226,51.37640338008835
11176,10.86069091787485,53.94371974789423
11177,-6.934787196859572,38.54949652123845
11178,8.622456180633709,53.38820154069984
11179,10.537321468642022,41.485641762137114
11180,4.003180225428016,51.31249688992915
11181,7.832872646009086,53.75020141369173
11182,3.416741285379858,51.38483463954085
11183,13.120086734632627,54.69548891163929
11184,8.437828072949639,53.57100831848521
11185,3.395520500727464,51.79370864998885
11186,1.7200979473151283,51.09532463399464
11187,12.171670954246194,54.52844024412947
11188,-118.70226955085496,32.58534149066017
11189,-75.13589857508839,38.87077148137952
11190,-122.4426421587378,47.31709908637828
11191,18.818725954927928,57.82148160549894
11192,4.175247828141113,52.68999830441972
11193,-0.5555377858387781,37.360606260169554
11194,10.932123441843157,41.808323699652334
11195,12.631937294925276,54.66959111120123
11196,4.094588354567968,51.27136836462173
11197,-1.789562961929636,50.74421501709941
11198,3.083072939548211,52.19634913647314
11199,2.2809352367274673,40.93904136388996
11200,-5.736456893733272,52.06438096230546
11201,12.817296826419422,55.28795519805759
11202,10.51581392485728,40.577760373144436
11203,4.049442516138561,51.31717221625087
11204,-8.753491631069856,42.22922571861085
11205,0.045269486672125867,51.12168208788678
11206,24.352725840047764,38.01771598609383
11207,-80.63386085394804,31.932790688584294
11208,174.3163561100001,-41.537799700000015
11209,-46.76685072978571,-24.3336127972914
11210,6.674023650037263,41.65924751107589
11211,-75.00701869590824,30.955497319833388
11212,0.38997119091112475,39.59735252189194
11213,1.8398064463518855,53.002859235117555
11214,-13.135159043671297,32.241473652678955
11215,115.6744124493724,-32.04374187305384
11216,8.239332744350992,53.77394796378135
11217,-8.74036316603766,42.311277731561276
11218,5.943715180462809,52.46823001639889
11219,172.97374320440386,-43.315589865622734
11220,-9.107485939788615,44.19353181384998
11221,24.940355263694332,59.952593140524534
11222,115.66471170404401,-31.938931825187197
11223,-0.7687123020454031,50.47656608421853
11224,-5.934597963209615,52.991791350989615
11225,-74.97511448145207,38.78728502047994
11226,18.41252423369118,54.40524171219502
11227,120.7377462,14.533715075
11228,8.578242076532703,39.85299388453758
11229,4.607395385745309,52.2148725618469
11230,3.1902482232083873,52.293853885449046
11231,6.688349410451226,54.98251239461726
11232,103.75597777844318,1.1889534197306413
11233,13.30215982130646,55.37635938161986
11234,13.553307364075717,39.332927796805556
11235,1.565657778041651,51.10012447481561
11236,-0.7256422853059241,50.603395936987155
11237,-15.41851128892455,28.143039676611252
11238,11.148336570771837,54.78069162461887
11239,16.764744489275703,56.86646613456141
11240,2.1854821490197414,51.819984573
11241,129.36506051606082,34.93742993817727
11242,1.7956703810423176,52.77833539480876
11243,116.08710304652536,6.041722591968201
11244,6.101250589989283,43.31973310365222
11245,2.072555312499999,51.32345052916664
11246,-122.44304987338447,47.34506786491647
11247,5.131242166046207,53.455630336145624
11248,15.21201353591168,56.279205841353274
11249,8.551242160525739,53.57398716489148
11250,10.275780575033929,57.46055531648609
11251,-93.93670169820032,29.862783352967917
11252,-106.92473907448237,19.863421516662893
11253,29.283772328840058,40.84544922758102
11254,5.682326518083704,52.94641839470046
11255,-14.070295994486711,32.124991831732494
11256,175.77124683747522,-36.506875584924884
11257,-6.936463051925692,38.556217332232116
11258,1.7200979473151283,51.09532463399464
11259,-8.188474552793837,43.84737464308818
11260,124.50302812026138,-33.09497080370477
11261,-122.46609091192816,47.316890832630214
11262,-121.73515623465704,39.43600001726794
11263,-0.5428375367083431,37.366474908430426
11264,-5.138946800806053,35.806953213665004
11265,-3.2036974854756166,51.379925694774336
11266,10.636615660573796,38.28154145207482
11267,7.093286370410279,53.31196859155184
11268,-121.88704463960157,34.21061980064126
11269,11.391933340284236,57.557023466034806
11270,-75.13589857508839,38.87077148137952
11271,8.466988233780368,53.55267619614946
11272,-14.996630165238058,28.08700649671447
11273,1.819311529112554,40.225419279899
11274,5.425818626835455,52.66881201853832
11275,19.303790412387748,37.78281085181168
11276,2.7051070744679437,41.15342950094034
11277,-9.16615187679213,36.932399675441694
11278,-80.8578095907885,31.078449057326935
11279,3.4172930554583703,51.38592132220774
11280,-67.16590997203433,17.192551339373868
11281,9.817933736882678,42.081049512051976
11282,4.944847875806306,52.8869086086971
11283,4.0220806252744685,51.30978433498902
11284,-4.838745510885077,36.545233807710424
11285,1.829953499507817,51.46870854245921
11286,-6.678258343438016,35.46055199490135
11287,12.565127659887725,55.111825563487926
11288,-118.70496405085493,32.605346940660176
11289,8.60689660265628,53.392495255809656
11290,153.15831187145326,-27.3810720413557
11291,-2.525721976047136,43.71050100991135
11292,-75.59788804530908,37.60509674655924
11293,12.815430402113867,55.283792220279814
11294,10.932123441843157,41.808323699652334
11295,8.328859985791826,53.525650024887724
11296,3.077450864548211,52.19771623647314
11297,2.2782895367274674,40.915662863889956
11298,18.82083847492793,57.82390461549893
11299,4.175247828141113,52.68999830441972
11300,2.2013619619026086,40.32647456798664
11301,11.131209245577889,54.09148527193177
11302,10.542999499999999,40.559559899999975
11303,3.186193941913107,51.33398805721149
11304,-5.7355577070666035,52.03679991763879
11305,-5.431054802878676,48.65503518837058
11306,4.052456514054286,51.31867658520112
11307,4.372895766260085,52.83135321861239
11308,3.298501547165919,51.399661203056375
11309,-8.753491631069856,42.22922571861085
11310,13.787034293056351,39.30712955771726
11311,31.230515012896852,36.36042863520854
11312,10.51221872485728,40.57778134814443
11313,-7.123631275504224,44.903780975010044
11314,3.0848736613917924,52.230968587071494
11315,2.512995946087994,51.296783484372526
11316,-74.51464476298607,40.42317666517136
11317,2.7514216363256185,51.170851900950495
11318,2.7514216363256185,51.170851900950495
11319,13.121330434632627,54.69602601163929
11320,31.671422669109937,36.067780919371714
11321,-81.29665091904992,30.46645841422217
11322,-1.2741698599718534,50.76011886760163
11323,3.0364012993642358,51.33933804004197
11324,10.86069091787485,53.94371974789423
11325,-122.4426421587378,47.31709908637828
11326,-3.7454296183066096,51.24078696726387
11327,-4.516505091839939,36.03954401616783
11328,7.82428299809242,53.75057059910839
11329,-46.475316056613764,-25.062338607936496
11330,4.091006324277698,51.27158680589316
11331,-14.705028734937212,28.03227075069178
11332,3.5137411138166907,51.881656903073264
11333,14.153779441466735,55.38438316868055
11334,10.777968624254402,42.07640329496963
11335,12.631937294925276,54.66959111120123
11336,-1.789458369621944,50.7441766094071
11337,10.537322810308687,41.48564274547044
11338,4.532536973184287,52.35326313223751
11339,5.944019586141253,52.468272561333535
11340,129.3621132193781,34.93616776155876
11341,-5.126677432385001,35.8083335768229
11342,0.5374435041834018,53.44663708836776
11343,-46.76613732978571,-24.333556880624737
11344,120.73777699999997,14.533644774999996
11345,-8.74036316603766,42.311277731561276
11346,2.0711035976168946,40.28689604655806
11347,18.41252694449197,54.40523901097964
11348,6.688329210451226,54.98450329461724
11349,103.75597777844318,1.1889534197306413
11350,11.152509401758698,38.263430412870065
11351,29.283772328840058,40.84544922758102
11352,-0.6289587186611226,37.431733710885354
11353,174.30312399333343,-41.57048557500002
11354,-106.92144769291319,19.872171250906916
11355,115.6744150692879,-32.043742683815296
11356,8.239332744350992,53.77394796378135
11357,0.2099817859800156,51.195659274156476
11358,-75.04030518424157,30.862488221500048
11359,172.99481575339377,-43.29251537868189
11360,24.92085265063877,59.95391667734994
11361,115.66471001063928,-31.938924942318618
11362,54.79667202693774,25.02013685091631
11363,-0.7687123020454031,50.47656608421853
11364,-74.97511448145207,38.78728502047994
11365,-5.9340084839635825,52.989607576267396
11366,14.942858912263674,56.48516040713
11367,11.121938464376177,54.748967622280524
11368,4.025775457709121,51.29902669168719
11369,8.653098093469799,39.805857405994814
11370,4.676702185745309,52.27079962851358
11371,3.184886523208387,52.295182385449046
11372,8.1641481774093,53.80048298292211
11373,13.27031977051281,55.403197356046995
11374,7.80732442319166,53.732101150696984
11375,-63.91471289589761,44.246159026088556
11376,11.390626540284238,57.53638756603481
11377,-9.2025509905029,44.22908262527855
11378,10.777968624254402,42.07640329496963
11379,1.6674709235972065,51.108226705741544
11380,13.544031564075716,39.30398757458334
11381,2.313556151839263,38.37455516521458
11382,3.5064050215607985,51.87614922082217
11383,-0.7444682949650151,50.60161510516897
11384,-15.418511313611042,28.143038076386173
11385,-7.340499582889729,38.467612961202946
11386,2.2128210027697413,51.81581821049999
11387,116.08710332620707,6.041659704924637
11388,2.7514215266033966,51.170851785672724
11389,2.7514215266033966,51.170851785672724
11390,6.116008627658366,43.33219771770004
11391,-75.59807314530909,37.60805634655924
11392,0.38997119091112475,39.59735252189194
11393,5.180251216046209,53.46278211947896
11394,-122.44304987338447,47.34506786491647
11395,8.467748225734706,53.55302001265025
11396,15.184914235911679,56.29591654135328
11397,8.56982529469203,53.574403742726275
11398,-6.230077807737485,48.79972709742574
11399,1.8895011095754635,53.00810363320993
11400,153.15831187145326,-27.3810720413557
11401,-93.93670186830308,29.862783079529645
11402,-7.848566413052655,43.57046504917464
11403,-14.68883043862328,28.071434819908134
11404,175.7592598472102,-36.52318040879525
11405,1.9219339500231296,51.524637136955164
11406,-14.121701588475835,31.980116566125815
11407,-8.188272459460503,43.84637967642151
11408,-122.4426421587378,47.31709908637828
11409,1.7968721791125537,40.234966579899016
11410,-121.64932554656183,39.325690392267944
11411,-6.648158282842779,35.472516776123584
11412,124.5053668170868,-33.094362565133345
11413,-3.1534362015470454,51.36127874239338
11414,10.34293796686946,57.455458312480005
11415,27.013476708333325,-28.564573600000006
11416,-2.532729642713802,43.71350020991135
11417,2.310660078660092,40.955058726389964
11418,-122.08648586293492,34.20280310397458
11419,13.308272346823744,54.746914618669464
11420,10.39872479999999,40.609265399999984
11421,-4.16304484419356,36.185742696270694
11422,-122.46609091192816,47.316890832630214
11423,16.849163749275693,56.93773721456141
11424,-6.978438275504223,44.970893267867176
11425,31.23223931289684,36.36059763520855
11426,-46.469885471613765,-25.05806937126983
11427,12.631937294925276,54.66959111120123
11428,-74.48832001091873,40.432252203004985
11429,-67.23000515536768,17.11393613937387
11430,-81.29665091904992,30.46645841422217
11431,19.300732335675228,37.78335216646503
11432,-9.169901130409151,36.92343517161191
11433,3.1862686073572837,51.33102258433867
11434,3.1502828979638853,52.27139805972285
11435,-4.838745510885077,36.545233807710424
11436,-1.2775604622429155,50.762934310361096
11437,-118.70577711585499,32.60400916066018
11438,4.086282177138248,51.27191501267262
11439,12.565127659887725,55.111825563487926
11440,-80.8596089107885,31.076431614469794
11441,4.9726512208063065,52.9028116386971
11442,-75.13589857508839,38.87077148137952
11443,8.633895044974002,53.42365940335935
11444,7.075501409314159,53.307795581129604
11445,5.821341334750372,52.995260807200445
11446,-1.789562961929636,50.74421501709941
11447,1.7200979473151283,51.09532463399464
11448,5.382225567238222,52.6648091160568
11449,4.532536710684288,52.35326271644386
11450,18.81113800492793,57.82161083049894
11451,4.175247828141113,52.68999830441972
11452,2.6802867544679443,41.131814400940335
11453,10.99126531886516,54.03022519384159
11454,4.435626042482785,52.84434533115148
11455,2.0658637458333335,51.32186172916663
11456,3.0560353913339253,52.187403302544574
11457,1.8045994777244458,52.77026428102308
11458,-15.038613630508998,27.77224314323335
11459,10.537322234328999,41.485640395661875
11460,4.029646730999393,51.309253213924094
11461,15.196997999999997,57.423501600000016
11462,3.4185349373051723,51.389121147547364
11463,10.945229223477497,41.7950360069312
11464,3.2963518181620755,51.40222194206916
11465,2.984314709505891,51.32082267239411
11466,-8.753491631069856,42.22922571861085
11467,-5.738238794350156,52.037258469971036
11468,13.781679507350919,39.29103808748599
11469,12.814992060347993,55.28736730341472
11470,2.512995946087994,51.296783484372526
11471,10.519764391523948,40.57051210647777
11472,-5.3863579215954935,48.69760926818353
11473,31.67151806910993,36.06772471937172
11474,9.817933736882678,42.081049512051976
11475,16.740350986476145,56.497981089195136
11476,10.86069091787485,53.94371974789423
11477,-3.692947079512708,51.224998006350816
11478,27.208754599999985,-28.36573085000002
11479,1.9402255551584005,51.53438543393068
11480,5.838314942878884,52.42304681728396
11481,8.773827904283404,39.86106267085117
11482,14.944988812263674,56.48574500713
11483,-5.933752683963583,52.989409276267395
11484,11.151770901758699,38.263502212870065
11485,174.31655882666672,-41.53962482500002
11486,-4.838745510885077,36.545233807710424
11487,-8.74036316603766,42.311277731561276
11488,2.071104945833333,51.32421182916664
11489,-8.753491631069856,42.22922571861085
11490,0.4283418884868825,39.59740459218759
11491,7.875588154497964,53.74178737763833
11492,-8.188158109460502,43.84547882642151
11493,124.50433667264237,-33.094711854022236
11494,-3.1534362015470454,51.36127874239338
11495,-46.7665227797857,-24.333238263958073
11496,-122.46609091192816,47.316890832630214
11497,-67.22444903036767,17.11604738937387
11498,19.302065688252263,37.78290392470032
11499,4.973735020876658,52.67477380823475
11500,134.68764384477012,33.89968504329664
11501,12.817824176419421,55.28928039805759
11502,-106.84031885957985,19.82314738146248
11503,115.67442651373234,-32.04374200432812
11504,8.239332744350992,53.77394796378135
11505,-75.15632569590824,30.530591219833386
11506,173.07288702006045,-43.20199701201523
11507,-9.307728160358094,44.11480690692143
11508,24.936347791591153,59.951237767230886
11509,115.66471001063928,-31.938924942318618
11510,54.7914209726478,25.016089337158913
11511,-74.97511448145207,38.78728502047994
11512,-0.7687123020454031,50.47656608421853
11513,18.412527149742367,54.40524009143201
11514,2.290027095589264,38.38906564104791
11515,-63.99219620861766,44.2147049211607
11516,3.186892098722445,52.30285961847254
11517,6.687949085451225,54.983094044617246
11518,4.0304510158,51.30189737330908
11519,4.744376688350228,52.32500386140202
11520,103.75597777844318,1.1889534197306413
11521,11.114102174098399,54.74277376116943
11522,13.175910270512809,55.53666835604699
11523,1.6639175319305395,51.10765310574155
11524,13.544031364075718,39.303987874583335
11525,-75.59788804530908,37.60509674655924
11526,8.035558482509968,53.69242858194459
11527,8.466069769348351,53.55251390313474
11528,0.5820005329935767,53.4164114685201
11529,-0.7444682949650151,50.60161510516897
11530,-0.7694836559589673,37.67726863375578
11531,-15.418511009267606,28.14303794274981
11532,-7.356268907225107,38.44705874184372
11533,2.212851882769742,51.815089090499995
11534,5.812768768083705,52.997853707200456
11535,116.08709638334994,6.041653090638922
11536,6.148762673848843,43.334332226390515
11537,2.7042456544679436,41.15344130094034
11538,-122.44304987338447,47.34506786491647
11539,5.177731916046208,53.46188531947896
11540,15.184825435911678,56.29701374135328
11541,-93.93670186830308,29.862783079529645
11542,-14.681355542651056,28.085352035602583
11543,8.555524066739743,53.574849405907926
11544,1.8895011095754635,53.00810363320993
11545,-74.35575331095878,40.48284741872144
11546,5.338630982595364,52.65536137784252
11547,8.322535130495037,53.50016368402465
11548,-121.65630921322848,39.327747050601275
11549,10.77856235130386,42.08555903782194
11550,-75.13589857508839,38.87077148137952
11551,-3.7801023869424775,36.28694524956074
11552,-122.0929279629349,34.202048303974586
11553,29.283772328840058,40.84544922758102
11554,2.7514213904495506,51.1708519925958
11555,2.7514213904495506,51.1708519925958
11556,1.7200979473151283,51.09532463399464
11557,-15.047061933194485,27.88960364013803
11558,13.781679507350919,39.29103808748599
11559,2.983164569841739,51.32170108974563
11560,-7.839112113052655,43.57154764917465
11561,-7.034167775504224,44.878803667867174
11562,31.23223571289684,36.36060783520854
11563,-9.169901130409151,36.92343517161191
11564,-1.2783118265063178,50.76210890254346
11565,10.391528419173895,57.493950496625146
11566,-3.66185835088023,51.21970534865851
11567,16.8280361892757,56.92569913456142
11568,2.512995946087994,51.296783484372526
11569,12.631937294925276,54.66959111120123
11570,31.671420869109937,36.067776119371715
11571,4.050780561258156,51.308093968652166
11572,-81.29665091904992,30.46645841422217
11573,1.7376219291125536,40.22505512989901
11574,-46.467636306613755,-25.058649107936493
11575,4.086037612440202,51.274226344222996
11576,-1.7849241784649277,50.7403587670064
11577,-118.7119235075216,32.61073656066017
11578,-6.212258885197993,49.03270921066253
11579,3.1876876557834013,51.331727348912366
11580,15.192897299999995,57.42674680000002
11581,3.2952016784979237,51.403100359420684
11582,8.417971178106015,53.33306742686786
11583,3.4229897780668073,51.39213557283796
11584,-5.337015538262161,48.698596012734804
11585,175.75567367080856,-36.5969070896868
11586,-5.916050777650471,35.66213579135253
11587,12.565127659887725,55.111825563487926
11588,-80.8596089107885,31.076431614469794
11589,7.075149767670833,53.30776633607121
11590,11.388281840284238,57.53628916603481
11591,4.431802833435166,52.843396635437195
11592,16.740144486476147,56.498288689195135
11593,10.371762999999994,40.62058299999997
11594,10.86069091787485,53.94371974789423
11595,10.537321734328998,41.48564139566188
11596,4.532536198184288,52.353263063666084
11597,2.4352801658941345,41.02016682638996
11598,3.202971527566544,52.30121561749127
11599,13.307019443615188,54.746474565728285
11600,-2.5345029760471354,43.71115730991135
11601,9.817933736882678,42.081049512051976
11602,3.0304654499877715,52.17269629111294
11603,18.817323927971405,57.8231184741946
11604,4.187868192075417,52.69031143612931
11605,10.53634304985728,40.555343198144435
11606,153.15831187145326,-27.3810720413557
11607,3.5092531287036555,51.88017067082218
11608,27.012979708333322,-28.56082750000001
11609,1.8045994777244458,52.77026428102308
11610,-122.4426421587378,47.31709908637828
11611,-14.15010824620427,31.830198385297628
11612,10.945229223477497,41.7950360069312
11613,10.99126531886516,54.03022519384159
11614,-5.736559473733272,52.04131883430545
11615,10.352594399999996,40.625732699999965
11616,30.90614249940412,37.13755440046771
11617,2.7046618544679433,41.153693000940336
11618,19.303790091793932,37.782810632825324
11619,-121.73504099322848,39.43437471726795
11620,-4.838745510885077,36.545233807710424
11621,-106.77068326593648,19.768838190325695
11622,11.527007228394185,54.95671180440899
11623,54.7914209726478,25.016089337158913
11624,6.688349410451226,54.98251239461726
11625,103.75597777844318,1.1889534197306413
11626,7.902300758360504,53.748836400730845
11627,0.5827497175524001,53.4059083927848
11628,-5.134671597874748,36.319179053348364
11629,134.68702154477012,33.89963814329664
11630,8.555524066739743,53.574849405907926
11631,24.443877726714433,38.09156746609383
11632,1.8895011095754635,53.00810363320993
11633,-93.93670186830308,29.862783079529645
11634,29.283772328840058,40.84544922758102
11635,175.75166957080856,-36.6025582896868
11636,174.31525222666676,-41.54071215000002
11637,-8.188474552793837,43.84737464308818
11638,124.50303022026137,-33.09495820370477
11639,-3.150455318213712,51.361798734060045
11640,8.315556306502128,53.49807861597174
11641,-122.46609091192816,47.316890832630214
11642,-46.76685108363186,-24.333612183188844
11643,-67.21963198036765,17.118197222707206
11644,4.977530120876658,52.64071174156808
11645,12.815430402113867,55.283792220279814
11646,115.67442704171214,-32.043742507156395
11647,8.199483523013617,53.78276397228293
11648,-8.74036316603766,42.311277731561276
11649,-75.16817199590824,30.529131419833387
11650,173.06424399386998,-43.17519868582475
11651,24.931406447027666,59.94984124052453
11652,115.66471256063929,-31.938925717318615
11653,-0.8043613140323436,50.466173669293156
11654,-74.97511448145207,38.78728502047994
11655,-5.933380767420142,52.98634273835805
11656,11.116385001371125,54.73786316116943
11657,5.838280183409474,52.42308342036908
11658,9.817933736882678,42.081049512051976
11659,18.41252575711627,54.405239341561604
11660,1.7200979473151283,51.09532463399464
11661,9.25981944557711,39.99890837669935
11662,4.02682043652327,51.30538424849777
11663,4.7402689774261475,52.32049838077299
11664,3.186892098722445,52.30285961847254
11665,13.145573519798528,55.57914861818985
11666,13.544031364075718,39.303987874583335
11667,-75.59620818436632,37.59458782686227
11668,7.960141868411131,53.6064172219322
11669,1.7054493252638734,51.119479525741546
11670,-122.09671544626822,34.20323405397459
11671,10.77856235130386,42.08555903782194
11672,-0.7648959492910472,50.596128360102504
11673,-15.459375687595454,28.160436261973373
11674,-7.169116997002314,38.39033201603232
11675,8.45909094535544,53.550428835081846
11676,2.2128796827697412,51.8148436905
11677,-8.753491631069856,42.22922571861085
11678,-63.851854702799976,44.28839137814002
11679,10.55676654985728,40.539110373144425
11680,-9.321050905426638,44.06684944850179
11681,116.08637255253362,6.040952135400826
11682,-14.13460193537953,31.741799014946217
11683,6.179105917182177,43.32613008555719
11684,18.815493037971407,57.8236477491946
11685,10.86069091787485,53.94371974789423
11686,-2.544310584777294,43.70594976784786
11687,-74.33084267482845,40.497622797066605
11688,-5.126677432385001,35.8083335768229
11689,15.192088999999996,57.42939260000002
11690,8.030791641862628,53.08480354088901
11691,-7.876324979719321,43.504366732507975
11692,-9.169901130409151,36.92343517161191
11693,-75.13589857508839,38.87077148137952
11694,-14.649139387979126,28.132096097860153
11695,3.008124871992129,52.16070684732209
11696,10.537323350995662,41.48564197899521
11697,2.4070755658941345,40.99056262638996
11698,-3.4040609176201326,36.39243055158453
11699,4.187868192075417,52.69031143612931
11700,4.434474283435166,52.8439894854372
11701,1.820094882022329,52.76379536118572
11702,2.9859415546660806,51.340687483564835
11703,-15.124610748511948,27.828988700138037
11704,10.945229223477497,41.7950360069312
11705,5.177731916046208,53.46188531947896
11706,10.993428828925444,54.03189507107861
11707,0.3538309841631937,39.62787521235037
11708,31.231697212896847,36.35957803520854
11709,2.0703062125,51.32656032916664
11710,5.357452225026683,52.64486341439471
11711,-3.66924699282388,51.21482131130011
11712,16.7786798892757,56.92927313456143
11713,11.391933340284236,57.557023466034806
11714,2.512995946087994,51.296783484372526
11715,3.484502954827162,51.413712564673375
11716,-5.29384303662957,48.73345437857547
11717,31.67260066910993,36.06694101937172
11718,-1.2649009590323077,50.75849315805385
11719,10.391528419173895,57.493950496625146
11720,1.6044404291125536,40.228444929899005
11721,-7.047756439789938,44.72374156786717
11722,12.631937294925276,54.66959111120123
11723,-122.44304987338447,47.34506786491647
11724,19.465405888422655,57.690720282410005
11725,4.058656896477781,51.30555194459717
11726,3.298380440963089,52.35039461243482
11727,-81.29665091904992,30.46645841422217
11728,-118.7153421075216,32.61790156066017
11729,3.194363411786475,51.33525756541302
11730,-122.4426421587378,47.31709908637828
11731,6.915287906442147,53.32372749967502
11732,0.13873243904308044,51.29070688217508
11733,13.30395503755458,54.74298262633434
11734,4.084549240594309,51.274253449661686
11735,153.15541151260334,-27.389710579822314
11736,27.01119500833332,-28.55936250000001
11737,15.21201353591168,56.279205841353274
11738,-46.47468975661376,-25.059187166269826
11739,-5.525656017927693,35.84501635623889
11740,3.6087953645663475,51.92496259505405
11741,-1.7848195861572353,50.74032035931409
11742,-80.8596089107885,31.076431614469794
11743,3.347808378950913,51.42700167784058
11744,-6.11612447407133,49.172397365853705
11745,14.94498928726368,56.48574179046332
11746,-5.736829507066605,52.04134011763879
11747,-0.7991103977310761,37.750478906312054
11748,2.7514213904495506,51.1708519925958
11749,2.7514213904495506,51.1708519925958
11750,5.64680608475037,52.92094601136712
11751,12.565127659887725,55.111825563487926
11752,4.532536973184287,52.35326313223751
11753,13.781679507350919,39.29103808748599
11754,13.818319977008876,54.91385097228328
11755,54.7914209726478,25.016089337158913
11756,11.561362834505296,54.9696762284566
11757,-13.269035069710087,32.15245296646949
11758,-13.066079282374217,32.44265080658019
11759,8.315556306502128,53.49807861597174
11760,5.746547909750371,52.972471332200456
11761,4.736070718511088,52.316076990953576
11762,30.912637499404106,37.1373618004677
11763,116.08710639287374,6.041655346591304
11764,29.283772328840058,40.84544922758102
11765,153.15831187145326,-27.3810720413557
11766,-46.7661370547857,-24.333556576458072
11767,19.300732335675228,37.78335216646503
11768,134.68762749477014,33.899670043296645
11769,14.942842912263673,56.485154257130006
11770,-4.838745510885077,36.545233807710424
11771,9.294814521342708,40.0504666434277
11772,7.960177280492579,53.60645416048422
11773,10.558112916523948,40.54222213147777
11774,13.510569716013782,39.199462520109165
11775,1.7094860235972065,51.1222284724082
11776,24.42130374004776,38.06354638609384
11777,10.77856235130386,42.08555903782194
11778,-15.418949784852584,28.143259650423225
11779,-0.7648959492910472,50.596128360102504
11780,-7.354070256597027,38.440010465316625
11781,2.196854249502438,51.82283788891621
11782,17.26080877526607,56.04228661140176
11783,6.210313018417296,43.34318206759588
11784,18.75526065797141,57.797061479194596
11785,0.4283418884868825,39.59740459218759
11786,2.512995946087994,51.296783484372526
11787,-122.44304987338447,47.34506786491647
11788,5.193384816046208,53.46701371947896
11789,15.184914235911679,56.29591654135328
11790,8.555524066739743,53.574849405907926
11791,1.8895011095754635,53.00810363320993
11792,-93.93669971561249,29.86278487156774
11793,12.646510856062653,54.67971875275348
11794,175.7315018805435,-36.63310081355715
11795,174.29825816942034,-41.55997849673915
11796,-5.161979407976059,35.80502267206382
11797,-8.188272459460503,43.84637967642151
11798,124.50536728137251,-33.0943624770381
11799,-3.148960693213712,51.34576999001243
11800,-122.46609091192816,47.316890832630214
11801,-106.70775914941333,19.753222429737253
11802,10.99126531886516,54.03022519384159
11803,-67.12022499499872,17.0759611073392
11804,3.194363411786475,51.33525756541302
11805,4.923786965318291,52.63238494614383
11806,2.6806378878012778,41.132194500940344
11807,12.814992060347993,55.28736730341472
11808,115.67444168039901,-32.04374292932811
11809,-8.74036316603766,42.311277731561276
11810,8.083753273850846,53.75235612174895
11811,-75.58096936019395,30.515914862690526
11812,173.12268888434613,-43.11369680963428
11813,5.838284710552333,52.42308618068656
11814,24.94113872206734,59.960270591635656
11815,8.458729447235557,53.55026031775881
11816,-9.543734560302683,43.954160938021666
11817,-14.119729113127683,31.730170546769997
11818,115.66478662502783,-31.93891681889419
11819,-8.753491631069856,42.22922571861085
11820,-13.43570842202952,30.513885413037862
11821,9.817933736882678,42.081049512051976
11822,-75.00168007375976,38.767387882018404
11823,-0.8556045131085857,50.455119012644545
11824,-5.933883058963582,52.99631067626739
11825,-15.183039856441125,27.63063992800983
11826,10.391528419173895,57.493950496625146
11827,18.412584984947454,54.407334561126575
11828,-75.59639328436633,37.59754742686227
11829,-5.134671597874748,36.319179053348364
11830,1.7200979473151283,51.09532463399464
11831,-5.736530347531973,52.04088417678921
11832,-3.4787679685358146,51.190283328834354
11833,4.0268870135296195,51.30497078713044
11834,-81.29665091904992,30.46645841422217
11835,-2.548063651443961,43.71201196784786
11836,-122.0837875384335,34.181272513661185
11837,-14.632686165440532,28.16037623429111
11838,-3.164576674425514,36.50248440000885
11839,4.187868192075417,52.69031143612931
11840,10.951143504650968,41.792179587611464
11841,6.677665710451226,54.98194799461726
11842,4.586373542215573,52.87824806195344
11843,31.231656912896838,36.36085653520855
11844,-0.9643936456034937,37.80501545709739
11845,103.75598318510986,1.1889581763973078
11846,2.183089630764613,38.51771314179378
11847,2.0658637458333335,51.32186172916663
11848,5.31864380034306,52.630426691258414
11849,-6.004391946102332,49.1965237981064
11850,2.933243875246475,51.31922502321415
11851,3.1818663094367308,52.304804636329685
11852,31.671028869109936,36.067942819371716
11853,11.149508488871124,54.726835161169404
11854,13.11853392051281,55.61928055604698
11855,-6.906714815504224,44.63230308215289
11856,3.434142056938818,51.39215806690657
11857,-1.224452448886535,50.7635294977623
11858,1.6379086291125535,40.24250842989901
11859,3.3134714189902383,52.358611838825816
11860,-118.73718850752164,32.62679981066017
11861,10.537322234328999,41.485640395661875
11862,4.0778462549455465,51.2740069060718
11863,3.611790413739027,51.91876803423153
11864,27.01361220833332,-28.564430700000013
11865,-122.4426421587378,47.31709908637828
11866,4.072070958073735,51.29959266434521
11867,-63.787574926395436,44.331338875605155
11868,2.78155833081187,51.1892526676706
11869,2.78155833081187,51.1892526676706
11870,-5.292336894586554,35.943450267419614
11871,-1.782646883211263,50.73691649921441
11872,12.565127659887725,55.111825563487926
11873,-80.8580354625208,31.080785887124456
11874,3.295110699531308,51.405539217489896
11875,7.452507140723318,52.80672422383879
11876,16.677754915942366,56.877218760394754
11877,2.988360480044077,52.151770654854566
11878,-75.13589857508839,38.87077148137952
11879,13.781679507350919,39.29103808748599
11880,-74.9795870013852,25.35866029555676
11881,15.191415299999994,57.43913610000002
11882,0.12532018893221564,51.24204640113296
11883,-46.50451002161377,-25.07493320460317
11884,-74.33684072567324,40.4925318369502
11885,-4.917571416157064,48.90574429169823
11886,-9.171610626977776,36.919466455272044
11887,4.532536461795399,52.35326218755497
11888,7.061084127378486,53.30824886294636
11889,2.5327388338941343,41.070724994389955
11890,-7.839970713052655,43.57380984917465
11891,11.388284132784237,57.53629136103481
11892,24.728901262820116,59.98355183560959
11893,1.820094882022329,52.76379536118572
11894,10.86069091787485,53.94371974789423
11895,-4.838745510885077,36.545233807710424
11896,2.6806378878012778,41.132194500940344
11897,-46.7665221047857,-24.333277476458075
11898,3.194363411786475,51.33525756541302
11899,-2.550946151443961,43.71196566784786
11900,30.911020099404098,37.1384976004677
11901,14.942842512263674,56.48515455713001
11902,-5.134671597874748,36.319179053348364
11903,-0.9629452456034939,37.80515395709739
11904,20.479688866560352,57.73285911673646
11905,12.565127659887725,55.111825563487926
11906,-5.933970958963582,52.997182976267396
11907,-106.70731066052446,19.751978029737256
11908,13.510569716013782,39.199462520109165
11909,10.77856235130386,42.08555903782194
11910,0.12532018893221564,51.24204640113296
11911,10.86069091787485,53.94371974789423
11912,0.4283418884868825,39.59740459218759
11913,153.15831187145326,-27.3810720413557
11914,4.532536278462064,52.35326233755497
11915,10.951143504650968,41.792179587611464
11916,-13.277849754074591,30.55166840772961
11917,-8.753965890618959,42.228122652828176
11918,3.164614309436731,52.31104099466302
11919,6.677217685451226,54.98080444461726
11920,1.7046511186952455,51.124793597408214
11921,0.5942628727472054,53.417030663239345
11922,2.512995946087994,51.296783484372526
11923,-7.404977763943686,38.45638031590242
11924,-0.7648959492910472,50.596128360102504
11925,-15.418949784852584,28.143259650423225
11926,2.1968851295024376,51.822108768916216
11927,116.08710132620709,6.041653804924636
11928,6.2531788017506305,43.358347073429215
11929,18.762192807971406,57.79791135419458
11930,5.190865516046208,53.466116919478964
11931,-1.224500108886535,50.763259217762304
11932,-122.44304987338447,47.34506786491647
11933,15.18452463591168,56.29621004135329
11934,8.555524066739743,53.574849405907926
11935,1.8895011095754635,53.00810363320993
11936,-93.93669971561249,29.86278487156774
11937,13.645013678711619,54.84717579388789
11938,-75.59242456531871,37.578530557814645
11939,29.283772328840058,40.84544922758102
11940,12.646510856062653,54.67971875275348
11941,175.7296740347102,-36.63449548022382
11942,174.29869290275366,-41.559497596739156
11943,2.071104945833333,51.32421182916664
11944,-8.188158109460502,43.84547882642151
11945,124.5047493063725,-33.094637252038105
11946,-6.198876359468509,45.83714207225742
11947,-3.148960693213712,51.34576999001243
11948,-122.46609091192816,47.316890832630214
11949,10.99126531886516,54.03022519384159
11950,19.302065688252263,37.78290392470032
11951,8.458729447235557,53.55026031775881
11952,24.411052994273955,38.05926246847479
11953,-67.05506520510511,17.05619195414771
11954,4.923786965318291,52.63238494614383
11955,12.817857176419423,55.28911202305758
11956,115.67444168039901,-32.04374292932811
11957,-8.74036316603766,42.311277731561276
11958,8.080981093382372,53.7502904935938
11959,8.315194808382243,53.49791009864871
11960,-75.74936128876539,30.36664539126195
11961,5.739618193083704,52.975263432200464
11962,11.530094195060851,54.95950774012328
11963,173.13836098434615,-43.09448250963428
11964,-9.094406937353016,41.242466641217455
11965,-14.117460515222552,31.718154243457867
11966,-9.781302874692692,43.8728409063995
11967,24.88761182095623,59.94333606830231
11968,115.66478662502783,-31.93891681889419
11969,-75.00961728116307,38.75428364166217
11970,-121.6573816465618,39.32614621726794
11971,-122.0792460486834,34.17513472219085
11972,-0.8556045131085857,50.455119012644545
11973,-15.180352136204522,27.759274997800095
11974,5.838282524178708,52.42308526975249
11975,18.412584444728722,54.40733653215648
11976,-13.251540994915624,32.22468312967342
11977,2.175997274514612,38.518180384293785
11978,9.817933736882678,42.081049512051976
11979,10.589641149857279,40.517991948144434
11980,4.0268870135296195,51.30497078713044
11981,9.39596676287091,40.06846693073939
11982,-7.839112113052655,43.57154764917465
11983,-5.270347839824649,35.9533003526577
11984,4.736070718511088,52.316076990953576
11985,1.7200979473151283,51.09532463399464
11986,13.091019020512812,55.65198945604697
11987,103.75598318510986,1.1889581763973078
11988,11.149787888871122,54.72483586116941
11989,-81.29665091904992,30.46645841422217
11990,10.406801666342558,57.47428598034279
11991,-118.77196234085496,32.714046260660176
11992,17.255143190650685,56.04048583003424
11993,-14.604083383849627,28.221484123786055
11994,27.012823708333325,-28.562161000000007
11995,7.061084127378486,53.30824886294636
11996,-63.7183042030621,44.37133862393849
11997,-3.1628638327588474,36.50259748334218
11998,-80.8580354625208,31.080785887124456
11999,-75.13589857508839,38.87077148137952
12000,27.212409799999985,-28.362805750000017
12001,2.78155833081187,51.1892526676706
12002,2.78155833081187,51.1892526676706
12003,7.9624815088980005,53.61265517541349
12004,5.367826200343061,52.63088269125842
12005,3.295110699531308,51.405539217489896
12006,-6.098582075488296,49.19408780863272
12007,7.452509855723316,52.806723537172104
12008,-74.98503087757567,25.36603288127105
12009,4.187868192075417,52.69031143612931
12010,15.122077599999994,57.53134230000003
12011,2.601869133894134,41.01217629438995
12012,4.072070958073735,51.29959266434521
12013,11.388281832784237,57.5362886610348
12014,3.434142056938818,51.39215806690657
12015,-4.7477546546910325,49.05150403440691
12016,4.0778462549455465,51.2740069060718
12017,24.883933586963458,60.05844609845775
12018,2.961509407928692,52.1398353839411
12019,1.8338539190531014,52.74245339055041
12020,3.339310299592847,52.37009444633648
12021,31.67102406910994,36.06795221937172
12022,-122.4426421587378,47.31709908637828
12023,-6.644099188252764,44.33567205759148
12024,31.231652312896834,36.36086573520854
12025,3.696692413739027,51.99683973423154
12026,10.537321834328997,41.485641095661876
12027,-46.50167365661377,-25.07500734126984
12028,-74.30987050716719,40.501960229562535
12029,-1.782646883211263,50.73691649921441
12030,2.933243875246475,51.31922502321415
12031,-5.735725470031972,52.042091136789224
12032,16.658014315942374,56.869421080394766
12033,-9.171610626977776,36.919466455272044
12034,4.5813083331679545,52.87691846623916
12035,1.6335090291125536,40.24149372989901
12036,-3.5230968211673934,51.09865526041331
12037,13.781679507350919,39.29103808748599
12038,13.645013678711619,54.84717579388789
12039,4.532535949295399,52.35326253477719
12040,10.951143504650968,41.792179587611464
12041,115.46186323315129,-31.89178648160591
12042,10.640393949857282,40.480211668144435
12043,9.39596676287091,40.06846693073939
12044,134.68764384477012,33.89968504329664
12045,-5.161979407976059,35.80502267206382
12046,-74.30987050716719,40.501960229562535
12047,1.8550504699870667,52.726051286367095
12048,-12.759981584452465,30.904585686160857
12049,5.737975343083703,52.97506423220047
12050,153.15831187145326,-27.3810720413557
12051,2.592415833894134,40.988675794389955
12052,-2.5491328847772943,43.70878706784786
12053,6.701186185451226,54.99225044461727
12054,13.510569516013781,39.19946282010916
12055,10.537323550995664,41.48564187899521
12056,29.283772328840058,40.84544922758102
12057,-106.70007426052447,19.729818429737257
12058,-5.134671597874748,36.319179053348364
12059,4.026639003876578,51.30893073775219
12060,4.736070718511088,52.316076990953576
12061,3.19795822533203,51.33443442085235
12062,3.1778680819002303,52.31355192627376
12063,103.75598318510986,1.1889581763973078
12064,1.5912107891125538,40.232770149899004
12065,13.05294199551281,55.71377478104698
12066,7.962592969424317,53.61276974120295
12067,0.5942628727472054,53.417030663239345
12068,1.832781737028579,51.145990354074875
12069,0.08050060540508387,51.22329549822598
12070,10.804179124338338,42.07010453475612
12071,11.453082010508693,38.17595576245339
12072,-0.7648959492910472,50.596128360102504
12073,-15.418949784852584,28.143259650423225
12074,-7.405403883174455,38.458029302440885
12075,2.1969126295024375,51.82186326891621
12076,116.08750843334995,6.042085690638922
12077,6.2997310639457496,43.37630842718937
12078,18.781952327971407,57.81162116419459
12079,0.4283418884868825,39.59740459218759
12080,12.565127659887725,55.111825563487926
12081,20.488921028043418,57.75899851631642
12082,13.781679507350919,39.29103808748599
12083,5.192047716046208,53.46650031947897
12084,-122.44304987338447,47.34506786491647
12085,15.21162393591168,56.27949934135327
12086,-1.224503308886535,50.76326034276231
12087,-15.210497216182882,27.741692288427803
12088,8.555524066739743,53.574849405907926
12089,1.8895011095754635,53.00810363320993
12090,-121.73593561322846,39.43474661726794
12091,-93.93669971561249,29.86278487156774
12092,12.684710953151749,54.70022359951606
12093,175.72479667080853,-36.6425894896868
12094,174.2985765027537,-41.55934072173915
12095,-8.188554342793836,43.848593493088174
12096,-6.175911570843413,45.795371880474434
12097,124.50301833692805,-33.094964665926994
12098,-3.1428910765470452,51.346904456679106
12099,-122.46609091192816,47.316890832630214
12100,19.303790221136655,37.78281063540748
12101,10.992415379094759,54.03112875439089
12102,-66.95886563428877,17.016585592889207
12103,4.924494965318291,52.63327814614383
12104,-75.58943830420759,37.560889599481314
12105,12.815430402113867,55.283792220279814
12106,10.436308111995295,57.476374187786035
12107,115.67444046928789,-32.043743084883666
12108,-122.08057549868337,34.17558087219085
12109,24.493400794273953,38.13502491847478
12110,8.047783164382077,53.7433145959649
12111,-8.74036316603766,42.311277731561276
12112,1.7200979473151283,51.09532463399464
12113,-13.269381385021795,30.571756898703555
12114,6.023553360670201,52.10367694460228
12115,2.512995946087994,51.296783484372526
12116,-63.64772693891107,44.407417422584466
12117,-75.7564743887654,30.36527919126196
12118,-14.123373192319207,31.693281980632687
12119,-13.034859778123012,32.659027715134364
12120,173.15955284059615,-43.050124789425944
12121,-13.20856868127926,32.24180066625352
12122,-9.781302874692692,43.8728409063995
12123,24.829084779091158,59.93160504719119
12124,2.0716369124999994,51.326583129166636
12125,5.361755819985919,52.63155646090129
12126,5.838280695390828,52.42308503952161
12127,-81.29511453108569,30.468529328667852
12128,2.933243875246475,51.31922502321415
12129,115.66478917502783,-31.93891759389419
12130,7.061051985739031,53.30856488162275
12131,-14.58135728400459,28.24409320326134
12132,-80.8604375559104,31.071896279424035
12133,3.295110699531308,51.405539217489896
12134,-0.9550975789368275,37.80693360709739
12135,2.78155833081187,51.1892526676706
12136,2.78155833081187,51.1892526676706
12137,27.20913069999998,-28.36104205000002
12138,-9.171610626977776,36.919466455272044
12139,-5.934816238209615,52.99956505098962
12140,-122.4426421587378,47.31709908637828
12141,-6.393775521972313,44.034099853848176
12142,-3.0147690144255135,36.56656450167551
12143,31.22993221289684,36.36067893520854
12144,4.0873462726198095,51.278327080099814
12145,-3.4788662498497827,51.08563560503711
12146,-8.753965890618959,42.228122652828176
12147,-46.50935340661376,-25.07869684126983
12148,-75.00961728116307,38.75428364166217
12149,31.670933769109947,36.067993719371714
12150,4.582550333167955,52.87729936623916
12151,-9.099711737353015,41.23133336621745
12152,-0.8556045131085857,50.455119012644545
12153,11.391933332784236,57.5570229610348
12154,14.631333499999993,57.843772199999975
12155,-4.607306341395467,49.16057825329154
12156,27.00954460833332,-28.560397200000008
12157,-118.76560844085492,32.75651431066017
12158,-7.876682479719322,43.50460108250798
12159,-74.98569227900423,25.366527431271052
12160,3.434142056938818,51.39215806690657
12161,8.463291627739547,53.550762871940094
12162,24.883727086963454,60.05875399845775
12163,18.412582716974967,54.40733620527305
12164,3.339310299592847,52.37009444633648
12165,17.228739802563144,56.02916246577499
12166,-4.880006026042419,36.04688213514136
12167,3.8445087033418575,52.09032161750303
12168,-1.7825422909035706,50.7368780915221
12169,2.961509407928692,52.1398353839411
12170,-75.13589857508839,38.87077148137952
12171,2.174312885625724,38.51801789262711
12172,9.817933736882678,42.081049512051976
12173,-6.044469247338298,49.33489550141705
12174,-5.736157160248423,52.04247102445697
12175,4.101165560474384,51.30494331881426
12176,4.187868192075417,52.69031143612931
12177,8.298664941945258,53.49304714332233
12178,16.633884155942372,56.85749790039476
12179,11.149160101371123,54.71746536116942
12180,30.90556139940411,37.1378148004677
12181,10.86069091787485,53.94371974789423
12182,27.20913069999998,-28.36104205000002
12183,0.5942628727472054,53.417030663239345
12184,-1.2152257852225419,37.74261994066201
12185,9.352794544344173,40.0862296135284
12186,134.68699069227011,33.900314443296644
12187,10.537322634328998,41.485640395661875
12188,3.1979017704736696,51.334206481948506
12189,0.10158813401875094,51.220682420144136
12190,-6.164777645843413,45.78216921797443
12191,2.755084214655174,51.803236423275855
12192,-46.7661372297857,-24.33355678062474
12193,24.462460827607288,38.10596661847479
12194,-75.78974802709871,30.374897542928622
12195,-5.929225181295802,52.98047523819166
12196,3.210552944067578,52.38679906967745
12197,0.42779392189948645,39.59659500395929
12198,1.913277440783639,53.000533023677136
12199,-5.134671597874748,36.319179053348364
12200,174.22251116942033,-41.64178974673915
12201,7.061416479493227,53.3089360465555
12202,-8.74036316603766,42.311277731561276
12203,173.15924647309618,-43.050693671925956
12204,-9.780762674692692,43.87292250639951
12205,24.798267603813375,59.93158286734993
12206,12.721131035021404,54.72548658865127
12207,115.66512357671846,-31.938895237455487
12208,9.817933736882678,42.081049512051976
12209,-75.02012458503424,38.730433364130164
12210,18.413186726987725,54.41719357584358
12211,-1.0346579170494292,50.415889152483345
12212,-2.550946151443961,43.71196566784786
12213,4.033509368248104,51.30924681088884
12214,6.7005120104512255,54.99302969461726
12215,4.736070718511088,52.316076990953576
12216,1.6081496516125537,40.23096819989901
12217,103.75600061432318,1.1889663465707718
12218,12.999422145512813,55.72082734326919
12219,7.963241915106671,53.61366354210359
12220,1.8679844286952454,51.15284154407486
12221,13.51082563183778,39.32503253607965
12222,-106.58325377883253,19.681812616150452
12223,10.804179124338338,42.07010453475612
12224,2.512995946087994,51.296783484372526
12225,-15.418949807074807,28.143259505978776
12226,-0.7648959492910472,50.596128360102504
12227,-7.451826664638234,38.41196896731878
12228,-8.753965890618959,42.228122652828176
12229,2.196854249502438,51.82283788891621
12230,116.0874966467328,6.042028550497375
12231,6.314503086807107,43.39025330123488
12232,18.75526065797141,57.797061479194596
12233,2.2204895177182977,38.5672163174461
12234,12.562854475553277,55.10759582618358
12235,5.156564613421466,53.4783093905357
12236,-1.1141300810649186,50.773446814427516
12237,-122.44304987338447,47.34506786491647
12238,153.15831187145326,-27.3810720413557
12239,8.555524066739743,53.574849405907926
12240,-93.93669971561249,29.86278487156774
12241,29.283772328840058,40.84544922758102
12242,-15.29173297296859,27.56084318838812
12243,-9.094112237353016,41.24227114121745
12244,175.7319387263213,-36.62537467677937
12245,-8.188020092793836,43.84732440975485
12246,11.136223147204458,54.70984751116941
12247,-13.025637254483554,32.79273184334865
12248,-14.624060136643475,28.142251677348654
12249,11.534516390060853,54.96362224512326
12250,-75.6278607242076,37.520414379481316
12251,124.50536658137253,-33.09436270370477
12252,-3.0787451857116004,51.341653302510124
12253,-122.10534814868335,34.17358952219085
12254,-122.46609091192816,47.316890832630214
12255,-13.191015515895483,30.67903502100855
12256,-74.3196268646546,40.49448095439288
12257,10.99126531886516,54.03022519384159
12258,-66.87054139325159,16.86943576238692
12259,19.300732335675228,37.78335216646503
12260,-2.746330917112876,36.63281949494593
12261,13.781679507350919,39.29103808748599
12262,2.78155832483197,51.18925244671583
12263,2.78155832483197,51.18925244671583
12264,4.721985645318844,52.56967022779432
12265,5.691941175595782,53.10694531099404
12266,-81.29511453108569,30.468529328667852
12267,12.893245963440313,55.31104325589676
12268,-80.8604375559104,31.071896279424035
12269,1.7200979473151283,51.09532463399464
12270,4.187868192075417,52.69031143612931
12271,3.295110699531308,51.405539217489896
12272,31.234523212896843,36.35832813520855
12273,-13.193668979612596,32.29156661208685
12274,-9.172945941263492,36.9164689171768
12275,2.065197245833333,51.32277432916662
12276,-5.736710047531973,52.05389952678923
12277,115.67443840262123,-32.04374454214862
12278,11.088827270407613,40.10382115046765
12279,31.67389456910994,36.065412119371715
12280,-122.4426421587378,47.31709908637828
12281,-6.371606467123827,43.77593173687848
12282,10.4452603670517,57.48534600691375
12283,15.182669002578345,56.297073541353285
12284,-3.43845930121883,51.08708027563235
12285,26.99482070833332,-28.57509130000001
12286,3.3751506548693344,52.38986792520444
12287,16.99452118330327,55.9305684395489
12288,-118.80844618252164,32.8022057689935
12289,-63.646472786395435,44.405646220605156
12290,8.022900783632057,53.72740167190039
12291,-4.566345489097973,36.04530671399057
12292,4.148836145887964,52.2513890594237
12293,4.099607150136428,51.30512075341683
12294,-14.132467306518226,31.64858010543289
12295,4.095152579649373,51.28251981693061
12296,-1.782646883211263,50.73691649921441
12297,8.298664941945258,53.49304714332233
12298,-46.52619816387568,-25.091233592698412
12299,5.83828148747874,52.42308831589218
12300,2.968690106823264,52.133501685203264
12301,-5.922253378294129,49.54034828884242
12302,2.933243875246475,51.31922502321415
12303,-75.13589857508839,38.87077148137952
12304,6.0150873484153,52.05430382744541
12305,16.693132938880996,56.72385015341553
12306,-75.02597473731592,25.086764470989664
12307,14.652807869999993,57.83872556999999
12308,5.369608664262476,52.61147505334632
12309,2.670826033894134,41.03979393188995
12310,-7.845012113052656,43.57200454917464
12311,11.390626207784237,57.536386836034815
12312,3.434142056938818,51.39215806690657
12313,-4.557421317824039,49.242299973648684
12314,8.463291627739547,53.550762871940094
12315,5.7030857364170355,52.971292725533786
12316,25.19649636001479,60.21452217412998
12317,-8.753965890618959,42.228122652828176
12318,10.951143504650968,41.792179587611464
12319,20.53475373627535,57.79276107630209
12320,174.29246636942034,-41.56587149673915
12321,24.471050894273954,38.106894718474784
12322,-2.554800151443961,43.71089716784786
12323,26.993037108333326,-28.57335390000001
12324,-5.942694396463581,52.91569344210074
12325,-4.996093823406663,36.40900519554694
12326,2.7460843146551737,51.788880123275845
12327,-8.74036316603766,42.311277731561276
12328,3.199399131318563,51.33568627426128
12329,1.7200979473151283,51.09532463399464
12330,9.397172912821631,40.091512263144075
12331,6.700063985451226,54.99188614461727
12332,13.51082563183778,39.32503253607965
12333,116.08749938006615,6.042022408830709
12334,12.565127659887725,55.111825563487926
12335,29.283772328840058,40.84544922758102
12336,-46.7664420047857,-24.334192476458075
12337,4.721985645318844,52.56967022779432
12338,12.896516754511742,55.31471665053963
12339,13.781679507350919,39.29103808748599
12340,115.67444168039901,-32.04374292932811
12341,7.970942936919837,53.71644953608899
12342,-75.79478543876537,30.37717084126195
12343,173.25108274392952,-42.96774772609262
12344,10.86069091787485,53.94371974789423
12345,24.785223275241947,59.92537718163563
12346,12.721131035021404,54.72548658865127
12347,54.787495332194666,25.012126514926027
12348,115.66512946989303,-31.93888727221739
12349,9.817933736882678,42.081049512051976
12350,-0.8399305869764764,50.467072976505506
12351,-75.02676371304335,38.71841147522775
12352,18.41342889736752,54.41816243180671
12353,2.073426945833333,51.32439912916663
12354,3.1475826085364433,52.31794887529535
12355,4.033509368248104,51.30924681088884
12356,4.736070718511088,52.316076990953576
12357,1.6051603516125537,40.22839029989902
12358,103.75603209529123,1.188972973009299
12359,7.9632423054912875,53.61366309594974
12360,12.931307952179475,55.83035689660252
12361,2.2753504595047698,51.256133067932
12362,5.900074102844582,52.00924879751675
12363,0.10158813401875094,51.220682420144136
12364,3.295110699531308,51.405539217489896
12365,2.512995946087994,51.296783484372526
12366,10.808584811245655,42.07078128348493
12367,-15.41898811437832,28.143300897203634
12368,-7.614886793981375,38.40392901780237
12369,-0.7648959492910472,50.596128360102504
12370,2.1968851295024376,51.822108768916216
12371,18.762192807971406,57.79791135419458
12372,6.350876770140441,43.39676480679044
12373,11.530094195060851,54.95950774012328
12374,-106.51758262391799,19.615615913159
12375,5.169953433421466,53.4488164705357
12376,0.4560631694392634,39.59836931250505
12377,-122.44304987338447,47.34506786491647
12378,-1.1166556920172999,50.77506370071323
12379,8.555524066739743,53.574849405907926
12380,2.772847089988053,51.188630319141105
12381,2.772847089988053,51.188630319141105
12382,1.9257621499743118,52.99475647818054
12383,-9.094406937353016,41.242466641217455
12384,-93.93669971561249,29.86278487156774
12385,-12.805345795563571,30.883146041716415
12386,-121.71929766248915,39.411282450319874
12387,-15.287143272968592,27.688491188388117
12388,11.132407859704456,54.69954001116941
12389,-13.03049225591213,32.89782790251532
12390,175.73000915547524,-36.633163280686794
12391,-8.188158109460502,43.84547882642151
12392,124.50433673692807,-33.09471199259366
12393,5.838282217057496,52.42308619924383
12394,5.69672106975037,52.97353382553379
12395,-81.29511453108569,30.468529328667852
12396,-14.617455040565044,28.16591704499571
12397,-75.6276756242076,37.51745477948131
12398,-122.46609091192816,47.316890832630214
12399,-122.4426421587378,47.31709908637828
12400,-3.0787451857116004,51.341653302510124
12401,10.473860833518653,57.48872160931524
12402,-122.10545764868336,34.174134522190855
12403,-75.13589857508839,38.87077148137952
12404,4.532536786795399,52.353262089777196
12405,3.434142056938818,51.39215806690657
12406,-4.427531304097974,36.06892207121279
12407,-9.781302874692692,43.8728409063995
12408,-9.172945941263492,36.9164689171768
12409,-2.6171859237795427,36.64797615216814
12410,11.091575043740946,40.09796565713432
12411,5.705389915992608,53.10862869555754
12412,-6.179699207123829,43.77128833687848
12413,-14.156582514641102,31.575204443464
12414,31.23165071289683,36.360872835208546
12415,-13.194618054612596,32.28272479958685
12416,31.671022869109933,36.067958019371716
12417,-3.3977556427469517,51.08064672879825
12418,16.677894038881007,56.71543015341555
12419,-13.181242383319727,30.706677752069158
12420,10.99126531886516,54.03022519384159
12421,-7.839506413052654,43.57160324917464
12422,-75.02596203874447,25.086759460989665
12423,19.302065688252263,37.78290392470032
12424,4.095152579649373,51.28251981693061
12425,134.682890978995,33.899931993985014
12426,3.3808678495640976,52.39152625212068
12427,11.313513270670835,57.469360661808004
12428,-46.52400645887568,-25.091659209365076
12429,-66.8663509915289,16.86761291797516
12430,25.19649636001479,60.21452217412998
12431,5.362517814262475,52.61779720334633
12432,15.178483452578346,56.30147344135328
12433,-80.8604375559104,31.071896279424035
12434,4.093809908155948,51.30421246761843
12435,17.028615324799933,55.94331482898285
12436,4.235801816287964,52.33090692742371
12437,-1.7450490596907127,50.745505641311205
12438,2.968690106823264,52.133501685203264
12439,-63.570966469300345,44.43317035381937
12440,8.461544205871107,53.55030421903707
12441,2.933243875246475,51.31922502321415
12442,8.306195947107359,53.49544134549723
12443,14.626673369999994,57.82711236999998
12444,-4.500170166824038,49.278828840648686
12445,-118.82395601863273,32.89447329399351
12446,-6.012997940221636,49.62621745008408
12447,7.061416479493227,53.3089360465555
12448,2.745642672841502,41.08555828105662
12449,-5.735901810031971,52.05974657678921
12450,4.187868192075417,52.69031143612931
12451,-74.32376461358643,40.49217671426979
12452,24.47137809427396,38.10612541847478
12453,-106.512707423918,19.612727213159
12454,0.10158813401875094,51.220682420144136
12455,-2.704812490227514,48.485547260246506
12456,-46.76677120478571,-24.33452747645807
12457,4.532536899295399,52.35326223334862
12458,29.283772328840058,40.84544922758102
12459,12.565127659887725,55.111825563487926
12460,-6.2106261021612434,45.75444783036784
12461,-9.095889187353015,41.23978921621745
12462,10.011069592441485,41.97328022287823
12463,9.43690504574362,40.12052713026036
12464,1.4035647182792206,40.212518599899006
12465,13.510825431837782,39.32503283607964
12466,-2.423420415061594,36.76722812088609
12467,2.3566648513998936,38.68091123699614
12468,0.4560631694392634,39.59836931250505
12469,13.781679507350919,39.29103808748599
12470,8.555524066739743,53.574849405907926
12471,-93.93669971561249,29.86278487156774
12472,1.9257621499743118,52.99475647818054
12473,175.72510175547524,-36.6386824806868
12474,174.29350600275367,-41.56450602173914
12475,-8.188901742793837,43.83252019308818
12476,124.50301773692807,-33.09496499259365
12477,-3.0787451857116004,51.341653302510124
12478,-122.46609091192816,47.316890832630214
12479,10.992415379094759,54.03112875439089
12480,19.303790221136655,37.78281063540748
12481,-66.7035805490289,16.773677805058494
12482,10.86069091787485,53.94371974789423
12483,4.722693645318844,52.570563427794326
12484,12.894089980206184,55.30939684776185
12485,115.67444046928789,-32.043743084883666
12486,-8.74036316603766,42.311277731561276
12487,15.205708552578349,56.283807341353274
12488,7.7778000314627205,53.6389737809799
12489,-121.79785162915582,39.51988285031987
12490,-75.81066753876539,30.375411041261955
12491,173.33432708221818,-42.85563943830224
12492,24.788241979091158,59.92490114719119
12493,3.196613984564992,51.331588729988745
12494,54.787495332194666,25.012126514926027
12495,-75.04603059594625,38.67653359660973
12496,115.66515977311433,-31.938857817595537
12497,-5.943357988209615,52.917479279322954
12498,9.817933736882678,42.081049512051976
12499,18.411366368063508,54.42259892987271
12500,-0.8399305869764764,50.467072976505506
12501,5.773183445608409,53.119220885097576
12502,-2.5529868847772943,43.70771856784786
12503,4.736070718511088,52.316076990953576
12504,4.035252330495457,51.30804316804061
12505,6.732739510451226,54.95779869461726
12506,3.1464603752031097,52.318910041962006
12507,103.75604046850553,1.1889749614021563
12508,12.894563527179479,55.87798972160253
12509,7.963353401645134,53.61377784210359
12510,2.4695376243658806,51.31504197751532
12511,10.808584811245655,42.07078128348493
12512,-122.10542179868332,34.173606472190855
12513,2.512995946087994,51.296783484372526
12514,-15.418988089231803,28.143301200152354
12515,-75.6276756242076,37.51745477948131
12516,-7.6764207120588255,38.42309540106053
12517,-0.7648959492910472,50.596128360102504
12518,1.7288228855839975,51.10055971108973
12519,2.181851637078195,51.81003714543137
12520,5.357903108905332,52.613807347989194
12521,2.772847089988053,51.188630319141105
12522,2.772847089988053,51.188630319141105
12523,116.08750053292331,6.042055248830709
12524,-8.753786406362037,42.22818824410906
12525,6.428642156253344,43.40802294660698
12526,-13.133993862510774,30.74374141808751
12527,18.781952327971407,57.81162116419459
12528,-80.8604375559104,31.071896279424035
12529,-12.981160682998418,32.943235403487854
12530,-75.13589857508839,38.87077148137952
12531,11.110150843740946,40.083280732134305
12532,11.133521009704458,54.70030556116942
12533,-3.396739376581249,51.06235677475202
12534,-6.214634655317591,43.6977515650394
12535,-74.32938086685455,40.485814763464866
12536,14.944973481141227,56.48573550168781
12537,-63.57492368606635,44.43608908102405
12538,-9.172945941263492,36.9164689171768
12539,-13.184616347945928,32.30616002125351
12540,3.295110699531308,51.405539217489896
12541,7.961184471464239,53.75195253200647
12542,8.306195947107359,53.49544134549723
12543,16.658104730804084,56.706368059099304
12544,31.22993121289685,36.36069413520854
12545,5.1125799687513585,53.383475421972825
12546,-9.787411334692692,43.8696528063995
12547,2.0739589124999998,51.326770429166636
12548,31.670932469109943,36.06800431937171
12549,-1.0387315231828715,50.78500947843554
12550,7.061416479493227,53.3089360465555
12551,-122.44304987338447,47.34506786491647
12552,-81.29511453108569,30.468529328667852
12553,3.4252952364141023,52.408178273647636
12554,3.434142056938818,51.39215806690657
12555,-14.65423775128299,28.119602088341253
12556,26.98969460833332,-28.56945870000001
12557,-12.753096095563576,30.914084791716412
12558,4.093809908155948,51.30421246761843
12559,17.00241853344191,55.93301500479984
12560,5.616318519750369,52.945372513033796
12561,4.484297079203197,52.43664405228774
12562,-1.7450578673830206,50.7455098336189
12563,10.48925429897055,57.49174262243478
12564,-118.81107396863271,32.90202479399352
12565,-14.164783663248995,31.487490788528085
12566,12.721131035021404,54.72548658865127
12567,8.461167358034709,53.55018192658779
12568,11.524965295060852,54.95547075440898
12569,2.933243875246475,51.31922502321415
12570,-5.734068800248422,52.05812156445697
12571,14.232828969999993,57.69880336999998
12572,-4.2113259165859445,49.679127441124876
12573,5.838281349914638,52.42308604345018
12574,-4.276153817880026,36.13753784076406
12575,25.19649636001479,60.21452217412998
12576,-6.01292267355497,49.62535481675075
12577,-122.4426421587378,47.31709908637828
12578,5.670176810317458,51.8948371138889
12579,-7.876719279719322,43.50442233250797
12580,-75.01981023874448,25.083282320989664
12581,11.317164770670834,57.49009466180801
12582,4.187868192075417,52.69031143612931
12583,-46.53199290887568,-25.095650709365074
12584,4.089355337668891,51.2816115311322
12585,2.968690106823264,52.133501685203264
12586,-15.317364458682878,27.686340384816685
12587,3.0705989346062084,41.092085697233095
12588,134.67888396496522,33.89566622291147
12589,4.532536899295399,52.35326223334862
12590,29.46792745591155,40.712426040664816
12591,1.894442883022872,52.699292946137035
12592,-2.7061607620117467,48.48673215578593
12593,-46.76756353158514,-24.334800230622477
12594,174.22251116942033,-41.64178974673915
12595,-2.5610310069995164,43.708738895625636
12596,15.174688252578346,56.295716641353295
12597,-12.932477120279307,33.15199664803259
12598,-5.21992726661099,51.16728912148792
12599,-106.44330488794623,19.584245462533634
12600,175.7326549045097,-36.63358057429144
12601,-122.46609091192816,47.316890832630214
12602,129.3896243529493,34.96100618130737
12603,137.36910321589818,34.87135595818963
12604,-4.986905375472181,36.41490105488363
12605,-8.74036316603766,42.311277731561276
12606,10.017163463870059,41.98158192525918
12607,3.2010968292812443,51.32746676461038
12608,5.330556641289502,52.60140125489073
12609,6.760344610451226,54.92567129461726
12610,13.548065514868135,39.34796371340728
12611,0.10158813401875094,51.220682420144136
12612,-93.93669971561249,29.86278487156774
12613,1.9355841885930902,52.99479845773201
12614,29.283772328840058,40.84544922758102
12615,-94.32431952971609,28.2520525361927
12616,12.562416706322509,55.107083676183585
12617,-9.094112237353016,41.24227114121745
12618,-8.188419592793837,43.82905280975484
12619,-3.0609004260809303,51.34404800280737
12620,124.50536319313724,-33.09436323164594
12621,10.99126531886516,54.03022519384159
12622,-66.69853469545747,16.76900312672516
12623,19.300732335675228,37.78335216646503
12624,12.893245963440313,55.31104325589676
12625,4.682879530318844,52.5508294892229
12626,115.67443840262123,-32.04374454214862
12627,-6.165270805638687,45.71872263008588
12628,7.5692005475033985,53.576567159093905
12629,-75.95052973257494,30.30814287697624
12630,173.45000351555154,-42.70855950496891
12631,-13.033889333591183,30.846647537735194
12632,-80.85279778924372,31.00778094275737
12633,24.772028103813373,59.927224367349936
12634,-1.1781552215915634,50.38555448444355
12635,54.787495332194666,25.012126514926027
12636,115.66523155317104,-31.938793678539906
12637,-5.942950196463582,52.91589174210073
12638,9.817933736882678,42.081049512051976
12639,16.746200686996186,56.756165368270494
12640,18.412249613402906,54.42371692900696
12641,-75.04603059594625,38.67653359660973
12642,4.035252330495457,51.30804316804061
12643,9.539231758503915,40.04241973646805
12644,4.736070718511088,52.316076990953576
12645,1.3748152182792208,40.18272929989901
12646,3.1435220252031097,52.32109859196202
12647,103.75604046850553,1.1889749614021563
12648,12.886954585512811,55.853706263269196
12649,7.963241830491287,53.613663295949735
12650,3.295110699531308,51.405539217489896
12651,2.59188517936588,51.348537460848654
12652,2.512995946087994,51.296783484372526
12653,10.808584811245655,42.07078128348493
12654,-0.7648959492910472,50.596128360102504
12655,-15.418988175626518,28.143301462421196
12656,-46.54055556387568,-25.09626069269841
12657,-7.448016869221272,38.20147089148688
12658,2.1612784880179254,51.78703738247822
12659,-75.13589857508839,38.87077148137952
12660,116.08749390385647,6.04203178400992
12661,-122.4426421587378,47.31709908637828
12662,6.4948490768763065,43.41727199895504
12663,18.753846257971407,57.79566337919459
12664,2.585691529524894,38.713918441371135
12665,5.7030857364170355,52.971292725533786
12666,2.763048354680661,51.187753478063385
12667,2.763048354680661,51.187753478063385
12668,1.7288228855839975,51.10055971108973
12669,-14.61881163352658,28.12850875915322
12670,13.781679507350919,39.29103808748599
12671,-75.66203272420759,37.41444047948131
12672,5.71263463996732,51.917731011970126
12673,-122.09286245989641,34.16467650904817
12674,134.6757507598928,33.8925432140709
12675,-1.009011836652705,50.79547493835939
12676,8.4633589868336,53.55125411121298
12677,2.059730745833333,51.321541629166624
12678,31.23244781289684,36.360517535208544
12679,5.042545549515713,53.30646343522072
12680,31.67182016910994,36.06760251937172
12681,-81.29511453108569,30.468529328667852
12682,-6.152202951031874,43.479098090039415
12683,-4.160103870965905,49.80266939452269
12684,6.092751953453273,53.173450561711114
12685,-74.36272245285232,40.41204835563907
12686,-122.44304987338447,47.34506786491647
12687,-63.828051871884036,44.3354160057114
12688,-2.3928430167282606,36.780136422552765
12689,0.4560631694392634,39.59836931250505
12690,3.434142056938818,51.39215806690657
12691,-118.84564029272369,32.98881017853896
12692,27.208309699999987,-28.36516985000002
12693,-14.184895125587293,31.436451652315277
12694,-4.249210076668182,36.1538924391554
12695,11.540708759171965,54.953557813938076
12696,26.99388930833332,-28.573105800000018
12697,2.933243875246475,51.31922502321415
12698,15.021939018300316,56.454012462672694
12699,8.311336320686825,53.49917008767778
12700,12.748465085443943,54.74602555379809
12701,5.838278168907311,52.42308746759853
12702,25.19649636001479,60.21452217412998
12703,3.0571995611089786,52.165069459488976
12704,-5.91317802901749,49.647150875921405
12705,4.900902342913196,41.11208961816633
12706,-5.706359110031973,51.86846517678922
12707,-7.849289513052655,43.57057224917464
12708,11.316239712776095,57.469579588123786
12709,13.539050233636358,57.27810257
12710,4.089355337668891,51.2816115311322
12711,-9.172945941263492,36.9164689171768
12712,7.061416479493227,53.3089360465555
12713,-75.01916003731593,25.082792770989663
12714,-13.135486307016452,32.534845096874236
12715,-15.433747108696307,27.491898301938786
12716,3.4364781205816968,52.417793974478926
12717,4.187868192075417,52.69031143612931
12718,11.129882506121898,40.075494871896225
12719,16.719551912288996,55.82299754931625
12720,-9.787411334692692,43.8696528063995
12721,10.86069091787485,53.94371974789423
12722,8.555547326595512,53.5748961534092
12723,-12.800612587438302,30.89903589507549
12724,-8.753786406362037,42.22818824410906
12725,4.093809908155948,51.30421246761843
12726,-1.7450578673830206,50.7455098336189
12727,10.48925429897055,57.49174262243478
12728,11.150315020581079,54.696903631299264
12729,8.095711675630904,53.77646639450647
12730,-3.327407556581249,51.04561931808534
12731,4.717624779341525,52.571615899264124
12732,4.599141133500009,38.06924259683617
12733,-4.986905375472181,36.41490105488363
12734,10.015531992441487,41.9846824395449
12735,16.72882128699619,56.749179668270514
12736,-2.376312262940382,36.78348566118912
12737,-15.460638629465542,27.59628215040032
12738,-75.13589857508839,38.87077148137952
12739,-106.43082276794622,19.576331582533633
12740,29.283772328840058,40.84544922758102
12741,12.565127659887725,55.111825563487926
12742,19.302065823252263,37.78290394053366
12743,-46.76630117978571,-24.336051305624743
12744,-8.74036316603766,42.311277731561276
12745,2.664345194240718,38.775240079213475
12746,12.718310722074454,39.6164326252364
12747,-7.8398352130526545,43.571654849174635
12748,-121.75654444648917,39.40072602831987
12749,-122.4426421587378,47.31709908637828
12750,116.08748736099933,6.042025869724206
12751,6.516447482452985,43.418779866477216
12752,18.760778407971404,57.79651325419459
12753,13.781679507350919,39.29103808748599
12754,5.040026249515714,53.30556663522072
12755,-122.44304987338447,47.34506786491647
12756,-0.9050476538554565,50.80848684384854
12757,0.4560631694392634,39.59836931250505
12758,-6.087681974009552,45.677971219653465
12759,134.6719025684155,33.88613769247999
12760,8.555547326595512,53.5748961534092
12761,-93.93669971561249,29.86278487156774
12762,1.9447033437456505,52.99477878189962
12763,175.73013943366365,-36.63914041819887
12764,-8.188623909460503,43.82381415419929
12765,-9.094406937353016,41.242466641217455
12766,-3.056673909414264,51.345022536140696
12767,124.50433334869278,-33.094712520534834
12768,-122.46609091192816,47.316890832630214
12769,10.99126531886516,54.03022519384159
12770,-66.7413955450065,16.7955441115823
12771,12.896483754511742,55.31488502553963
12772,4.682879530318844,52.5508294892229
12773,1.9563599078191292,52.67196161477882
12774,115.67444168039901,-32.04374292932811
12775,7.469016566578096,53.5409458950941
12776,-80.85279778924372,31.00778094275737
12777,137.3678935610403,34.87405205550228
12778,-75.95484003257494,30.309585076976237
12779,11.536275964171963,54.94649860893809
12780,-74.36272245285232,40.41204835563907
12781,173.55009314540087,-42.58355483222497
12782,-75.66198802420759,37.41291207948131
12783,24.78929937226576,59.92655260723088
12784,-13.103327385082826,32.55608896660728
12785,115.66524937341677,-31.938770633935206
12786,54.787494888125394,25.012127427999616
12787,-75.04603059594625,38.67653359660973
12788,-5.942674239320724,52.91566881210073
12789,4.187868192075417,52.69031143612931
12790,-1.2425930417307696,50.39223077181286
12791,3.2005870377847208,51.325437686356366
12792,18.4064516067077,54.429838898848885
12793,9.817933736882678,42.081049512051976
12794,2.0575853458333335,51.31921622916664
12795,1.7288228855839975,51.10055971108973
12796,9.527622334532053,40.05261228273427
12797,4.035252330495457,51.30804316804061
12798,-2.560578606999517,43.707542295625636
12799,-46.58672035887568,-25.144245009365076
12800,4.736070718511088,52.316076990953576
12801,-122.09264195989641,34.16520620904818
12802,6.785130773686519,54.93051720344078
12803,1.3463603182792203,40.197272599899
12804,3.1435220252031097,52.32109859196202
12805,103.75604046850553,1.1889749614021563
12806,12.86264138551281,55.90307386326919
12807,0.10158813401875094,51.220682420144136
12808,7.9632423054912875,53.61366309594974
12809,-8.753786406362037,42.22818824410906
12810,6.151830441845371,53.181645133021554
12811,-81.29511453108569,30.468529328667852
12812,13.548065314868136,39.34796401340728
12813,7.061416479493227,53.3089360465555
12814,4.532536124295398,52.353262339777196
12815,5.727367071633983,51.917326356732026
12816,-4.170163151668182,36.223647818322064
12817,2.6383432243658795,51.37323073418199
12818,-5.706300287748421,51.8848175477903
12819,4.093809908155948,51.30421246761843
12820,11.133589579455231,40.06904137856288
12821,2.763048354680661,51.187753478063385
12822,2.763048354680661,51.187753478063385
12823,11.215667395581079,54.72036113129927
12824,10.817828124250168,42.06330008472406
12825,-12.79344694299386,30.902334595075487
12826,31.231651712896834,36.360873835208544
12827,12.748465085443943,54.74602555379809
12828,-12.89364484601605,33.24437905534646
12829,8.095711675630904,53.77646639450647
12830,-6.044165531031873,43.4886002400394
12831,2.512995946087994,51.296783484372526
12832,-14.635291519024417,28.207608249387704
12833,25.19649636001479,60.21452217412998
12834,-3.357646856581249,51.044626018085346
12835,-14.277871938762846,31.260621286045065
12836,-7.448016869221272,38.20147089148688
12837,27.211396099999988,-28.36077305000002
12838,13.255807513636363,57.19906481999998
12839,-6.007512080903454,49.64930705894773
12840,-0.7648959492910472,50.596128360102504
12841,-2.706198222580456,48.48674989701122
12842,11.3135135127761,57.46936108812379
12843,-4.098626432338454,49.90644340569915
12844,-15.418988175626518,28.143301462421196
12845,5.838277042533685,52.42308654845017
12846,10.506011441436517,57.49702925699828
12847,26.993392208333322,-28.56935920000001
12848,15.024067018300318,56.45459186267268
12849,-94.32430384162085,28.247529499883182
12850,3.295110699531308,51.405539217489896
12851,8.330201812453264,53.50726517042739
12852,5.933554873682424,41.03057044560224
12853,3.4364781205816968,52.417793974478926
12854,-74.99223531017306,25.113627749561093
12855,16.600730295237646,55.777852199494625
12856,10.86069091787485,53.94371974789423
12857,-118.86029628772366,33.01597446853898
12858,3.0571995611089786,52.165069459488976
12859,-64.15908357336576,44.21432847335361
12860,3.434142056938818,51.39215806690657
12861,4.089355337668891,51.2816115311322
12862,-5.220433970314693,51.17225672333976
12863,4.851096704547431,52.740083567181784
12864,-9.172945941263492,36.9164689171768
12865,-1.7450578673830206,50.7455098336189
12866,8.462429478535697,53.5510369585987
12867,5.598075403083702,52.94307677840736
12868,31.67093046910994,36.068000019371716
12869,-9.787411334692692,43.8696528063995
12870,5.289688951762474,52.586328844417764
12871,2.933243875246475,51.31922502321415
12872,2.161309368017926,51.78630826247822
12873,-6.086917661509551,45.67847830715346
12874,-12.74758204299386,30.93124259507549
12875,-122.09264195989641,34.16520620904818
12876,-5.220433970314693,51.17225672333976
12877,1.7288228855839975,51.10055971108973
12878,-15.48745100756078,27.59904979040032
12879,3.200587004451387,51.32543781968969
12880,2.643284684716909,38.77261461373728
12881,-9.172945941263492,36.9164689171768
12882,0.1164409023925155,51.22221425644244
12883,2.129944001751298,51.76219329622606
12884,19.303790356136656,37.78281065124081
12885,1.9563599078191292,52.67196161477882
12886,-74.36510973188928,40.41002391126881
12887,54.787494888125394,25.012127427999616
12888,-2.5704974760471355,43.71605010276849
12889,9.539680998247656,40.06029130071582
12890,6.78553109868652,54.92993555344077
12891,13.548065314868136,39.34796401340728
12892,10.836256722967123,42.033065461990915
12893,2.6388298176992127,51.37366265418199
12894,2.512995946087994,51.296783484372526
12895,-15.418988175626518,28.143301462421196
12896,-0.7648959492910472,50.596128360102504
12897,-7.4490328224264,38.20395527273688
12898,-122.4426421587378,47.31709908637828
12899,116.08749305671363,6.04205872400992
12900,6.550345114749055,43.46072519783274
12901,18.780537927971405,57.81022306419459
12902,5.014668532554865,53.28358883892337
12903,-94.32442604828752,28.257182380716515
12904,-122.44304987338447,47.34506786491647
12905,-0.8587080501352105,50.81336656600271
12906,-46.592830808875675,-25.147554809365076
12907,8.555547326595512,53.5748961534092
12908,134.67484638693404,33.882484427665176
12909,6.184451930557833,53.185905812150686
12910,1.9447033437456505,52.99477878189962
12911,-93.93669971561249,29.86278487156774
12912,29.283772328840058,40.84544922758102
12913,175.72523203366364,-36.64465961819887
12914,-9.099711737353015,41.23133336621745
12915,174.2933984027537,-41.56418122173915
12916,-8.188925452793836,43.82617257086596
12917,124.50302713202608,-33.094958731645946
12918,-3.014204513152581,51.337084572277774
12919,10.993428828925444,54.03189507107861
12920,-122.46609091192816,47.316890832630214
12921,-66.71530284326737,16.775268195133027
12922,12.565127659887725,55.111825563487926
12923,-46.766630583631866,-24.33638612485551
12924,137.3678935610403,34.87405205550228
12925,8.112061938964239,53.78166634117313
12926,12.894089980206184,55.30939684776185
12927,4.682879530318844,52.5508294892229
12928,-75.13589857508839,38.87077148137952
12929,115.67442412233055,-32.04373686997691
12930,-8.74036316603766,42.311277731561276
12931,13.781679507350919,39.29103808748599
12932,-75.66198802420759,37.41291207948131
12933,7.411767465612787,53.518236084898014
12934,-121.84543471315581,39.50996852831987
12935,-76.14420820368603,30.159788488087358
12936,-80.85279778924372,31.00778094275737
12937,-4.989910763877977,36.4147069295213
12938,-12.820597039360091,33.762927036117055
12939,173.60832501183853,-42.51702037686781
12940,24.788241979091158,59.92490114719119
12941,-75.04603059594625,38.67653359660973
12942,115.66524937341677,-31.938770633935206
12943,9.817933736882678,42.081049512051976
12944,-5.942163392420141,52.91208936669138
12945,-1.4203855553181495,50.415845081671144
12946,18.406452746871835,54.42983850919511
12947,0.4651982451155748,39.60181502066783
12948,10.011069592441485,41.97328022287823
12949,-14.592618410691088,28.25069206605437
12950,26.989957108333318,-28.568928800000013
12951,5.280317141524379,52.581555375132055
12952,5.727053693650792,51.91728577055555
12953,4.736070718511088,52.316076990953576
12954,15.18932211377193,56.27929821324561
12955,15.060951385949359,55.48346925399447
12956,-2.3287360944659325,49.5681667090199
12957,8.462663220180662,53.5504617604525
12958,4.943190746803322,52.77202024943286
12959,1.3149893551213256,40.24651037358322
12960,4.035252330495457,51.30804316804061
12961,103.75604046850553,1.1889749614021563
12962,27.207960999999983,-28.360342750000022
12963,3.0486181140919983,52.306354369739786
12964,5.838276390390827,52.42308575821208
12965,11.216682195581079,54.72129373129928
12966,-13.0846110375855,32.599798054277514
12967,-64.51962124800544,44.06884557854468
12968,4.093809908155948,51.30421246761843
12969,12.718310722074454,39.6164326252364
12970,12.832603834798528,55.92718362541206
12971,-118.86362683772366,33.02024321853898
12972,3.295110699531308,51.405539217489896
12973,2.763048354680661,51.187753478063385
12974,2.763048354680661,51.187753478063385
12975,-3.592645230511745,36.400850489491425
12976,15.024069602391226,56.45459386418783
12977,7.061416479493227,53.3089360465555
12978,-2.706235125983233,48.48673205298344
12979,-7.877048079719321,43.50447393250797
12980,11.317165012776098,57.49009508812379
12981,2.949434562655088,52.13220659062011
12982,2.933243875246475,51.31922502321415
12983,8.310269419958932,40.810133490689026
12984,4.187868192075417,52.69031143612931
12985,11.12298267945523,40.06781665356287
12986,3.434142056938818,51.39215806690657
12987,7.963206418409839,53.61362635739771
12988,4.532536899295399,52.35326240834862
12989,2.0844040125000003,51.332212229166636
12990,3.4586074368525743,52.42739500904811
12991,16.192874549113974,55.62991457783003
12992,-9.787411334692692,43.8696528063995
12993,31.231113412896843,36.35984353520854
12994,12.748465085443943,54.74602555379809
12995,5.255117019750369,52.75416138257403
12996,31.67211236910994,36.06716521937172
12997,25.19649636001479,60.21452217412998
12998,-3.3296806191770725,51.02984037311825
12999,-8.753786406362037,42.22818824410906
13000,-5.977968880102072,43.26494104688328
13001,-14.268140807575255,31.2067240971783
13002,-1.7450577252261579,50.7455098336189
13003,-81.29511453108569,30.468529328667852
13004,11.53207732131482,54.94779758036666
13005,8.332861953768813,53.50840770417328
13006,-5.706066321081755,51.88463863112364
13007,10.86069091787485,53.94371974789423
13008,-6.007262947570122,49.653048058947725
13009,-74.99359871350642,25.114371492894428
13010,12.591350013636362,56.74800542000003
13011,-3.944099356979535,49.93406701090883
13012,4.089355337668891,51.2816115311322
13013,10.549921747242966,57.49398967248216
13014,137.369461505229,34.87705234762716
13015,29.46792745591155,40.712426040664816
13016,174.21639976942032,-41.64490154673915
13017,2.6700927481097665,38.76947109959226
13018,129.4000112291145,34.96794210088221
13019,-74.37210517352415,40.403726897740256
13020,54.787494888125394,25.012127427999616
13021,3.203275879493015,51.32496667129495
13022,5.770133741719455,51.94025819861239
13023,-46.765916704785695,-24.33633090979141
13024,-2.576558588745548,43.72508295197485
13025,1.9563599078191292,52.67196161477882
13026,-80.85279778924372,31.00778094275737
13027,19.303293206389515,37.78251769896503
13028,6.82416979868652,54.89947575344077
13029,134.69959067086313,33.87381282125281
13030,29.283772328840058,40.84544922758102
13031,-12.778262557600602,34.081491238316595
13032,-76.16018947126669,30.168238271151864
13033,9.587199480349204,40.06124984675571
13034,4.035252330495457,51.30804316804061
13035,3.2325963066127072,52.3421984793975
13036,4.736070718511088,52.316076990953576
13037,-9.786871134692692,43.8697344063995
13038,103.75604046850553,1.1889749614021563
13039,1.2383184634546596,40.31474370274988
13040,12.852291970128197,55.89902510429484
13041,7.963167780491287,53.613587045949735
13042,2.7252389360325457,51.38203214751532
13043,2.512995946087994,51.296783484372526
13044,11.162578327252358,41.817822223847045
13045,0.1164409023925155,51.22221425644244
13046,-15.418988175626518,28.143301462421196
13047,-7.583848821086044,38.14368702103805
13048,-0.7252221778936675,50.6190278259451
13049,-4.990780113877977,36.412401629521305
13050,2.1298856217512974,51.76316791622606
13051,116.08745226183761,6.042031962678052
13052,6.612042073270858,43.47863290110695
13053,18.765407867971405,57.797927779194595
13054,0.4560631694392634,39.59836931250505
13055,13.781679507350919,39.29103808748599
13056,-122.44304987338447,47.34506786491647
13057,5.016005632554865,53.28410223892337
13058,8.019320955001971,54.15705089594799
13059,-0.6365982171314986,50.848610229223844
13060,8.555547326595512,53.5748961534092
13061,1.9447033437456505,52.99477878189962
13062,-93.93669971561249,29.86278487156774
13063,8.134957467247068,53.79759964874889
13064,175.73193724339856,-36.63517094206922
13065,-9.093040512353017,41.28030011621745
13066,-8.188677509460504,43.826534354199296
13067,-2.942608811227734,51.30509487597358
13068,-94.324013789128,28.194515218015958
13069,-122.46609091192816,47.316890832630214
13070,-122.4426421587378,47.31709908637828
13071,124.50577479313725,-33.09428933164594
13072,-7.849289513052655,43.57057224917464
13073,10.993636543302934,54.03170898558628
13074,-66.79027621377928,16.765485750420904
13075,4.597285618395767,52.54041637845366
13076,-9.172945941263492,36.9164689171768
13077,-106.32915096558021,19.510827098103103
13078,115.67442359435076,-32.043736367148625
13079,7.2290352345267515,53.477136211443415
13080,-8.74036316603766,42.311277731561276
13081,25.19649636001479,60.21452217412998
13082,-122.59582537177674,37.490315138240824
13083,-46.576010763875686,-25.136989792698408
13084,173.63855737905473,-42.44987973019505
13085,-2.693648230675694,48.4930514777255
13086,20.65818565001551,57.84815268182507
13087,24.791175975241945,59.93257808163564
13088,11.128950006121899,40.07198737189622
13089,1.6996114275194814,51.08394412076714
13090,2.084182245833334,51.316650429166636
13091,-81.29193313606307,30.470088228215364
13092,136.79482084542187,34.731654215296835
13093,10.015531992441487,41.9846824395449
13094,-14.529880185443336,28.398233333308
13095,-12.77933360913557,30.9161168708256
13096,15.231001667925614,55.613534608321245
13097,115.66526948223134,-31.93874549305821
13098,-75.66203272420759,37.41444047948131
13099,-121.74824031837012,39.424024836486545
13100,-5.711285422510328,51.86587400507927
13101,7.060580028155951,53.30888740440416
13102,153.15634271096854,-27.372767117827397
13103,-13.043901525609236,32.76481622838651
13104,-5.942629096463582,52.91487984210074
13105,27.207741899999984,-28.364025750000017
13106,-8.753786406362037,42.22818824410906
13107,31.369103412896834,36.38524063520854
13108,12.748465085443943,54.74602555379809
13109,31.662038469109927,36.09406071937171
13110,-5.872899508201758,43.27480457796917
13111,-75.05546851312913,38.66136320663331
13112,10.579225757409633,57.48875007045584
13113,5.287545914262474,52.583223140846314
13114,18.40341024832073,54.43348730956946
13115,-14.288648211021343,31.13582638739974
13116,5.838277861683284,52.42308786578577
13117,5.434467675305923,52.827069078407355
13118,-1.6020376450888094,50.39634340519404
13119,-3.24698758547824,51.010961996146165
13120,11.313515812776098,57.46936378812379
13121,-3.9161615234748446,49.98280011051741
13122,4.089355337668891,51.2816115311322
13123,10.86069091787485,53.94371974789423
13124,4.093809908155948,51.30421246761843
13125,-65.01360940849656,43.86488558242954
13126,3.434142056938818,51.39215806690657
13127,4.532537236795397,52.353262042554974
13128,26.993321908333314,-28.572404900000016
13129,15.615690933771925,56.36206595991228
13130,3.553380381900089,52.49957210958992
13131,-74.9947474087445,25.113508199561092
13132,15.995862853180743,55.58024300597619
13133,-2.9628484116018354,36.64350104870392
13134,9.817933736882678,42.081049512051976
13135,3.295110699531308,51.405539217489896
13136,15.021938818300312,56.45401291267269
13137,12.718310722074454,39.6164326252364
13138,-2.339668562093504,49.56801699255918
13139,-5.220433970314693,51.17225672333976
13140,-1.7450577252261579,50.7455098336189
13141,12.565127659887725,55.111825563487926
13142,3.1071949800911742,52.20700796284803
13143,2.742777544509459,51.186871602558206
13144,2.742777544509459,51.186871602558206
13145,8.451033472623088,53.54466984393075
13146,2.933243875246475,51.31922502321415
13147,12.893651638440312,55.312971930896765
13148,4.199685794658284,52.69815376105397
13149,6.555653675751215,53.23906894840417
13150,11.540708759171965,54.953557813938076
13151,-118.87207841772369,33.0402043618723
13152,-5.846330775877216,49.73948679871465
13153,-15.630187286034046,27.368819619698566
13154,8.372038245078924,53.52664509914691
13155,9.037675828292265,40.7563294573557
13156,12.968778113636365,56.193211145000035
13157,11.276756925547973,54.69010283408255
13158,-2.576558588745548,43.72508295197485
13159,-5.942629096463582,52.91487984210074
13160,0.1164409023925155,51.22221425644244
13161,116.5317642939247,-22.778316619176625
13162,-106.30325111896367,19.493351577802354
13163,5.795491186666786,51.935175215897395
13164,-4.990780113877977,36.412401629521305
13165,-122.4426421587378,47.31709908637828
13166,6.611249273270858,43.47932630110695
13167,137.3692476188654,34.87685106489989
13168,8.134957467247068,53.79759964874889
13169,134.70330137086316,33.8735726712528
13170,29.46792745591155,40.712426040664816
13171,-12.77873163498155,34.190583166015
13172,19.30329327325226,37.78251784053366
13173,-46.76630117978571,-24.336051305624743
13174,20.65818565001551,57.84815268182507
13175,54.787494888125394,25.012127427999616
13176,4.035252330495457,51.30804316804061
13177,6.823721773686519,54.898332203440766
13178,7.9630201954912865,53.61343436094974
13179,3.1972868250476227,51.31743940231153
13180,2.781333038254768,51.392437750848664
13181,11.162578327252358,41.817822223847045
13182,2.512995946087994,51.296783484372526
13183,136.79482084542187,34.731654215296835
13184,-15.418988175626518,28.143301462421196
13185,-0.7252221778936675,50.6190278259451
13186,-7.583848821086044,38.14368702103805
13187,2.129916501751298,51.762438796226064
13188,116.08745026183762,6.042026062678052
13189,18.772340017971402,57.79877765419458
13190,7.060580028155951,53.30888740440416
13191,-12.779681764691125,30.915705470825596
13192,-122.44304987338447,47.34506786491647
13193,5.013486332554866,53.28320543892337
13194,-0.3597716613906401,50.88742885815649
13195,-93.93669971561249,29.86278487156774
13196,8.555547326595512,53.5748961534092
13197,1.9447033437456505,52.99477878189962
13198,29.283772328840058,40.84544922758102
13199,-121.74793631837012,39.423627161486536
13200,9.421153166664697,54.87954652424586
13201,-80.8486134892437,30.944934942757378
13202,175.69237271756523,-36.72801708873589
13203,-9.093335212353017,41.28049561621745
13204,174.28681120275368,-41.568764196739146
13205,-8.188563159460504,43.82563350419929
13206,124.50515701813724,-33.09456410664595
13207,-2.8504633255272505,51.3029998150557
13208,-8.753786406362037,42.22818824410906
13209,11.3135135127761,57.46936108812379
13210,5.838278004651983,52.423087106669875
13211,-122.46609091192816,47.316890832630214
13212,13.781679507350919,39.29103808748599
13213,-66.78454573877929,16.7654283504209
13214,4.597285618395767,52.54041637845366
13215,-9.172945941263492,36.9164689171768
13216,115.67442359435076,-32.043736367148625
13217,0.4560631694392634,39.59836931250505
13218,7.183318863922918,53.46780339860955
13219,-46.57203068387568,-25.14007119269841
13220,-8.74036316603766,42.311277731561276
13221,25.19649636001479,60.21452217412998
13222,-76.16520697126668,30.170305471151863
13223,14.976508145862292,55.546041648756436
13224,173.775513746747,-42.28243783404121
13225,5.431580775305925,52.82792837840736
13226,24.785552075241945,59.925691681635634
13227,-13.114640945991159,33.039176446533595
13228,-81.29193313606307,30.470088228215364
13229,115.66526948223134,-31.93874549305821
13230,26.99302900833332,-28.570377700000012
13231,3.098623753211253,52.20363335559405
13232,27.210961999999984,-28.36132055000002
13233,-75.05546851312913,38.66136320663331
13234,-1.4469336800113985,50.43934377581604
13235,18.403176013382158,54.43398071755048
13236,153.15634271096854,-27.372767117827397
13237,-14.454403286896795,28.58168251825015
13238,11.130771979455233,40.067121778562885
13239,1.6996114275194814,51.08394412076714
13240,-15.635188836034045,27.497732869698567
13241,12.718310722074454,39.6164326252364
13242,3.434142056938818,51.39215806690657
13243,4.736070718511088,52.316076990953576
13244,3.295110699531308,51.405539217489896
13245,-5.220433970314693,51.17225672333976
13246,-9.787411334692692,43.8696528063995
13247,15.78153646371537,55.4982760593776
13248,2.076413045833334,51.315386929166635
13249,-14.305866333072567,31.09918903305687
13250,12.748465085443943,54.74602555379809
13251,103.75604046850553,1.1889749614021563
13252,11.275419125547971,54.68790403408255
13253,1.2447367634546593,40.37145470274989
13254,31.662034069109936,36.09406971937172
13255,1.9563599078191292,52.67196161477882
13256,5.294336314262475,52.58337944084632
13257,31.369099212896842,36.38524943520854
13258,-5.87938024820176,43.275132477969166
13259,3.553380381900089,52.49957210958992
13260,3.2325963066127072,52.3421984793975
13261,-3.2232354979216793,50.99929725225476
13262,10.014763292441486,41.98061527287823
13263,9.817933736882678,42.081049512051976
13264,10.86069091787485,53.94371974789423
13265,16.380941733771934,56.497028359912285
13266,12.837647170128196,55.91645350429483
13267,-66.00416838130995,43.48261035652369
13268,8.45023259438614,53.54402006592282
13269,-75.6620326242076,37.41444047948131
13270,10.579225757409633,57.48875007045584
13271,-74.99473620874451,25.11350319956109
13272,2.742777544509459,51.186871602558206
13273,2.742777544509459,51.186871602558206
13274,-2.9531622983071237,36.645985444708074
13275,-1.7450577252261579,50.7455098336189
13276,-118.86968498772367,33.037596301872306
13277,15.024068718300317,56.45459751267268
13278,8.3615608939459,53.52441338697986
13279,4.089355337668891,51.2816115311322
13280,12.565127659887725,55.111825563487926
13281,11.538381714171962,54.94960858393808
13282,-5.939932902222996,49.78825447026864
13283,-5.712495522510328,51.86168710507926
13284,-2.6936480306756945,48.49305137772551
13285,4.093809908155948,51.30421246761843
13286,12.896516754511742,55.31471665053963
13287,12.81464370052161,56.089782540082
13288,-3.813871829903415,50.02233273837455
13289,7.5876769625552685,38.14283747096887
13290,2.933243875246475,51.31922502321415
13291,11.87199847587153,40.67513335810913
13292,4.199685794658284,52.69815376105397
13293,-2.340413142093504,49.56760441255918
13294,9.641149328632963,40.10241651616466
13295,6.6830970832747605,53.25247296949175
13296,4.532536453462065,52.35326214255497
13297,10.993636543302934,54.03170898558628
13298,0.1164409023925155,51.22221425644244
13299,13.781679507350919,39.29103808748599
13300,116.53184181753579,-22.77425527889885
13301,-15.633905576034046,27.5021643430319
13302,29.283772328840058,40.84544922758102
13303,3.2325963066127072,52.3421984793975
13304,7.060580028155951,53.30888740440416
13305,-4.924600284407779,36.45908653349481
13306,14.06622301834796,37.481906845269094
13307,19.305017676793927,37.78242454865865
13308,54.787494888125394,25.012127427999616
13309,-5.943380588209615,52.91753797932295
13310,6.909341134470833,54.95308493154535
13311,5.838279732985317,52.42308688916987
13312,3.18633262759787,51.30842531396243
13313,-0.7252221778936675,50.6190278259451
13314,-46.767826579785705,-24.340999505624737
13315,8.15799692661722,53.80563389525577
13316,-12.783521449836625,34.38258356431211
13317,-76.17463457126668,30.16947897115187
13318,173.79470541341368,-42.26225936737455
13319,24.78691068893243,59.92369178639754
13320,115.66528191973133,-31.938728805558206
13321,12.718310722074454,39.6164326252364
13322,-75.05546851312913,38.66136320663331
13323,-1.4326770466365306,50.456660916048904
13324,18.403817650477958,54.43302669060296
13325,4.035252330495457,51.30804316804061
13326,4.736070718511088,52.316076990953576
13327,1.2044668634546594,40.362089802749885
13328,7.963131130106672,53.61354897377026
13329,103.75604046850553,1.1889749614021563
13330,12.833394445128192,55.935736529294836
13331,-46.57075470887568,-25.141704809365073
13332,2.742777544509459,51.186871602558206
13333,2.742777544509459,51.186871602558206
13334,2.8698449899214338,51.396735304181995
13335,2.512995946087994,51.296783484372526
13336,-81.29193313606307,30.470088228215364
13337,11.162578327252358,41.817822223847045
13338,-15.418988175626518,28.143301462421196
13339,115.44347447413278,-31.884155261373976
13340,-7.584399840316815,38.14449550757651
13341,2.129944001751298,51.76219329622606
13342,15.039715975590855,55.61511803723633
13343,116.0874574189805,6.042056148392337
13344,6.680704998729312,43.49722120343168
13345,-7.877405579719322,43.50470828250797
13346,18.792099537971406,57.81248746419459
13347,-9.786626748978406,43.800621701637596
13348,2.0749182125000005,51.31589322916663
13349,-106.27486449003146,19.454661082737424
13350,0.4560631694392634,39.59836931250505
13351,-122.44304987338447,47.34506786491647
13352,-0.22889131190739312,50.91564778915247
13353,136.8162658901109,34.736162117516535
13354,5.014668532554865,53.28358883892337
13355,134.79515502202375,33.88338604220111
13356,8.555547326595512,53.5748961534092
13357,10.176922746706474,55.19907145515647
13358,1.9447033437456505,52.99477878189962
13359,29.46792745591155,40.712426040664816
13360,-93.93669971561249,29.86278487156774
13361,175.7037715901744,-36.79808096762967
13362,-9.098640012353016,41.269362341217445
13363,174.28738040275368,-41.56790232173915
13364,-8.188944492793835,43.829210770865956
13365,124.50342604869279,-33.09489152053484
13366,-2.8087593288717527,51.26389584775458
13367,-122.46609091192816,47.316890832630214
13368,-66.88613623377928,16.830446410420905
13369,-14.4638758258734,28.641022660763234
13370,-14.324363407118733,31.080314328429086
13371,5.258328933905331,52.575295260489185
13372,6.694361019050162,53.254099238582654
13373,-8.753989324386755,42.228225276610345
13374,-2.5787716220788814,43.721187651974844
13375,5.75271597073121,51.91224184533994
13376,27.038713308333318,-28.528067200000013
13377,-121.82649028503675,39.532227561486536
13378,4.597285618395767,52.54041637845366
13379,-2.3389188945294017,49.53748585409763
13380,1.9563599078191292,52.67196161477882
13381,153.15634271096854,-27.372767117827397
13382,-8.74036316603766,42.311277731561276
13383,-9.148390024596825,36.935997375510134
13384,4.089355337668891,51.2816115311322
13385,9.912661850560275,38.07687648356648
13386,9.817933736882678,42.081049512051976
13387,20.65818565001551,57.84815268182507
13388,115.67442238323963,-32.04373652270418
13389,-5.920219422487474,43.280108764635834
13390,-13.089106693766675,33.2764922814715
13391,10.86069091787485,53.94371974789423
13392,9.634760855021852,40.10576764937173
13393,14.881452320065778,55.263200512935455
13394,-75.6749541242076,37.414697179481315
13395,27.208060599999982,-28.36030665000002
13396,-122.59582537177674,37.490315138240824
13397,-66.76238605714728,43.171283317493355
13398,7.048096652303152,53.46349030477839
13399,-75.0437264435064,24.81624838289443
13400,8.446989022914998,53.54363147721946
13401,-2.693999672064434,36.74840456360427
13402,11.537513114171961,54.94737858393808
13403,-80.8486134892437,30.944934942757378
13404,10.600549313866543,57.48178584488775
13405,3.295110699531308,51.405539217489896
13406,15.003996553300318,56.5388658217203
13407,8.321031562210052,53.50339272233282
13408,-5.690331812726777,51.77276369274701
13409,12.565127659887725,55.111825563487926
13410,-5.939932902222996,49.78825447026864
13411,2.933243875246475,51.31922502321415
13412,4.093809908155948,51.30421246761843
13413,12.735544500521613,56.03323509008199
13414,-3.696678944529778,50.06232597101258
13415,4.532536899295399,52.35326240834862
13416,-118.86725273772366,33.039196701872314
13417,3.1593004677563097,52.22682601181064
13418,-12.724688364691131,30.95008152082559
13419,-2.703130830675694,48.48762557772551
13420,11.279139212776096,57.47849038812379
13421,11.149252979455232,40.04875255356288
13422,1.6996114275194814,51.08394412076714
13423,16.354825633771938,56.42499535991228
13424,12.35730497587153,40.63040785810912
13425,3.562411071544759,52.50493833173639
13426,12.894089980206184,55.30939684776185
13427,3.434142056938818,51.39215806690657
13428,10.011069592441485,41.97328022287823
13429,-5.1828942234396935,51.1686248254231
13430,5.4305660253059225,52.82679747840737
13431,10.995800053363219,54.03337886282329
13432,137.3692476188654,34.87685106489989
13433,11.343430428773777,54.72701307924385
13434,4.223077872265922,52.71229262914081
13435,31.367379112896845,36.38506263520854
13436,12.748465085443943,54.74602555379809
13437,31.661943769109936,36.09411121937171
13438,25.19649636001479,60.21452217412998
13439,-1.7451892552261576,50.74552663695223
13440,-3.187663914615717,50.96979655768585
13441,-7.877048079719321,43.50447393250797
13442,-8.728040901314989,42.02393635981542
13443,6.935394386732742,53.27889725407583
13444,-81.29193313606307,30.470088228215364
13445,8.143300526747936,53.80299226079732
13446,11.18499031877378,54.574403830672416
13447,25.19649636001479,60.21452217412998
13448,54.787494888125394,25.012127427999616
13449,-106.18435083753172,19.414934512342676
13450,10.098762461932822,38.08171616376255
13451,-46.7671612047857,-24.340794609791406
13452,-9.124084713485713,36.95592321439903
13453,-122.44133238289541,47.31661488763657
13454,-5.885736890820806,43.280668072969156
13455,-46.67645602637568,-25.21434529269841
13456,13.548065414868136,39.34796361340728
13457,0.4555152028518675,39.59755972427675
13458,-12.777583666394781,34.49533651336126
13459,14.419428002460515,37.414570299165206
13460,174.20508166942034,-41.637401946739146
13461,-8.187959883247775,43.826339832525946
13462,124.50579162647054,-33.09428843164595
13463,-2.7921519928970038,51.26698056341985
13464,-122.46609091192816,47.316890832630214
13465,19.303293206389515,37.78251769896503
13466,-66.86903761654634,16.825186812956293
13467,115.67442413948964,-32.04373698135803
13468,4.554410048150389,52.49203887209046
13469,-8.74036316603766,42.311277731561276
13470,6.976869090597296,53.43934099494718
13471,-13.1384280053143,33.45537192861435
13472,-77.44170095698094,29.3876712997233
13473,173.79664224478623,-42.24098156355993
13474,5.853635465052789,51.95777504527904
13475,24.778452903813374,59.928575867349934
13476,115.66529755544563,-31.938715317462975
13477,-5.937971218795801,52.899044404025
13478,18.40584078810117,54.43138806809452
13479,-1.627657118348456,50.403410256635844
13480,4.736070718511088,52.316076990953576
13481,7.010155733875595,54.947403629065185
13482,1.2434229034546593,40.350143482749885
13483,3.294578375477175,52.41195856044627
13484,4.035252330495457,51.30804316804061
13485,103.75577066345069,1.1889274058783552
13486,6.7735031906207475,53.26321230193983
13487,12.863413138461533,55.833698225961506
13488,7.96575867567479,53.61795012278224
13489,2.90215708352628,51.39707221188458
13490,1.6996114275194814,51.08394412076714
13491,11.2570680395276,41.76781811698782
13492,-0.6764323931714453,50.63116964955621
13493,-15.418988175626518,28.143301462421196
13494,2.512995946087994,51.296783484372526
13495,-7.524486620252583,38.082027513274504
13496,153.15634271096854,-27.372767117827397
13497,-4.92202388979555,36.463125486843595
13498,2.1298856217512974,51.76316791622606
13499,15.0351782517047,55.63686014277485
13500,115.43883810651373,-31.878902445183503
13501,116.08745047939301,6.042028707570526
13502,6.76971665132373,43.51968436793484
13503,5.2392056412895025,52.55650256381929
13504,-12.613154109135575,31.120793870825597
13505,18.765407867971405,57.797927779194595
13506,-14.406002670247013,28.800515032856264
13507,10.22781759670647,55.337649871823125
13508,-2.6037951887455484,43.723166251974845
13509,3.184814375798638,51.30434249124989
13510,-122.44304987338447,47.34506786491647
13511,5.438510491972591,52.82513627840736
13512,5.000097512554865,53.31269835892337
13513,0.5672767921089499,51.012265864383956
13514,3.295110699531308,51.405539217489896
13515,8.555547326595512,53.5748961534092
13516,8.313944445998136,53.50164901634784
13517,134.84342265359805,33.885380808886254
13518,1.9447033437456505,52.99477878189962
13519,5.8382816765018015,52.42308811450871
13520,136.832135376871,34.737955804189916
13521,-9.786086548978407,43.8007033016376
13522,-75.68000816860118,37.423572610667904
13523,3.562411071544759,52.50493833173639
13524,-121.75264515884629,39.41369885077226
13525,-80.84616621570247,30.946027082432817
13526,-93.93669971561249,29.86278487156774
13527,12.52880327682618,55.08002217744454
13528,-14.345194175075674,30.981514514230707
13529,-2.428698502710022,49.516578575304905
13530,12.756850131359037,54.75167782894871
13531,29.283772328840058,40.84544922758102
13532,4.1015873680026775,51.28663783113191
13533,4.532537553462064,52.35326209255497
13534,137.36998620111558,34.87833767123578
13535,20.56972738127367,57.78645909300052
13536,12.881813654156325,55.303541212363285
13537,31.668469169109926,36.086957319371706
13538,31.375787612896843,36.37819353520853
13539,10.015531992441487,41.9846824395449
13540,-2.892256545672152,50.93887809444882
13541,4.223077872265922,52.71229262914081
13542,8.444912654545623,53.54333821522304
13543,10.86069091787485,53.94371974789423
13544,-118.86750974272368,33.044731461872296
13545,-67.07008729101155,43.03093837098651
13546,-75.04363794207782,24.816200832894424
13547,2.7336972249896867,51.18604453950139
13548,2.7336972249896867,51.18604453950139
13549,1.9563599078191292,52.67196161477882
13550,4.106041938489733,51.30923876761813
13551,11.23786984610943,57.41959164923491
13552,12.526536698763369,55.07038415184024
13553,-3.613492830195457,50.06421884285734
13554,-9.084316588741906,41.28562133149523
13555,-2.543556840397768,36.84138226360427
13556,9.817933736882678,42.081049512051976
13557,27.04296610833332,-28.532707500000015
13558,3.434142056938818,51.39215806690657
13559,175.71153239426613,-36.79806643796768
13560,1.0038872975829853,53.23755925581018
13561,14.958080719704146,56.5154251405824
13562,11.1776570061219,40.01674317189622
13563,9.718230958726759,40.099264306925846
13564,-75.05546851312913,38.66136320663331
13565,-5.1828942234396935,51.1686248254231
13566,14.469397914436438,55.29067539178064
13567,3.2738789573648672,52.28248970091424
13568,27.20916839999998,-28.36503345000002
13569,-122.59582537177674,37.490315138240824
13570,2.0950508458333337,51.32694992916663
13571,10.600549313866543,57.48178584488775
13572,2.933243875246475,51.31922502321415
13573,12.7908043385084,40.69865003604398
13574,-2.6970650721042655,48.492079175582646
13575,11.825449557556526,54.69350363932874
13576,-1.7451892552261576,50.74552663695223
13577,11.598823144576928,54.97338298602712
13578,-5.843733759979889,49.796861083075655
13579,16.79758652640693,56.46106746285715
13580,-5.69939097459366,51.70125204518343
13581,5.246652214262475,52.55655469084631
13582,153.15634271096854,-27.372767117827397
13583,136.832135376871,34.737955804189916
13584,-5.942972796463582,52.91595044210073
13585,0.1164409023925155,51.22221425644244
13586,-106.17461998729421,19.396476168464407
13587,14.419428002460515,37.414570299165206
13588,-8.753942271667533,42.228234747629045
13589,8.126557651747936,53.79487113579731
13590,19.303293206389515,37.78251769896503
13591,13.548065414868136,39.34796361340728
13592,120.70536709666663,14.599064709999999
13593,29.46792745591155,40.712426040664816
13594,54.787494888125394,25.012127427999616
13595,-13.130116722162956,33.535159785263176
13596,29.283772328840058,40.84544922758102
13597,-46.767546079785696,-24.34051530562474
13598,-12.76696749734716,34.51233623955173
13599,-12.286327908404592,31.470137307552463
13600,-4.92202388979555,36.463125486843595
13601,5.8382784125091245,52.42308694643179
13602,2.7336972249896867,51.18604453950139
13603,2.7336972249896867,51.18604453950139
13604,6.774018370620747,53.26307497193983
13605,3.295110699531308,51.405539217489896
13606,7.010959008875594,54.94664257906519
13607,12.820078745128196,55.94003167929483
13608,-0.6764323931714453,50.63116964955621
13609,-2.6033427887455485,43.72196965197485
13610,22.945655935092585,39.75027136000003
13611,-122.44304987338447,47.34506786491647
13612,1.1524330345683393,51.098715838542475
13613,5.013486332554866,53.28320543892337
13614,8.555547326595512,53.5748961534092
13615,134.88940421102834,33.88357227436613
13616,1.9447033437456505,52.99477878189962
13617,-93.93669971561249,29.86278487156774
13618,175.7002632680008,-37.384888114495595
13619,174.26507046942035,-41.573518996739146
13620,-9.084611288741906,41.285816831495225
13621,12.46302629876337,55.04804845184024
13622,-8.190599388624925,43.81188672148675
13623,124.50517295147056,-33.09456393997928
13624,-2.5395444185557663,51.2827692656333
13625,10.605198554107256,38.04365581231095
13626,-122.47244944263221,47.32102253986479
13627,-66.90359864857015,16.86860967986106
13628,4.554410048150389,52.49203887209046
13629,-9.124084713485713,36.95592321439903
13630,0.4560631694392634,39.59836931250505
13631,115.6744274610174,-32.043734937855696
13632,6.844087109560754,53.389932923931994
13633,-8.74036316603766,42.311277731561276
13634,1.085072810318041,53.223193399011805
13635,11.166158052107113,54.55611239733909
13636,25.19649636001479,60.21452217412998
13637,-78.36280525698093,28.722104699723296
13638,10.86069091787485,53.94371974789423
13639,15.042037451704697,55.63977494277485
13640,173.83928793654152,-42.155240912364576
13641,24.785552075241945,59.925691681635634
13642,115.66529325306466,-31.938714738891544
13643,10.33387409952337,55.394954809851285
13644,2.933243875246475,51.31922502321415
13645,-1.4086157337190628,50.464723863245574
13646,18.40317447806159,54.433978824082395
13647,27.21132999999999,-28.36072915000002
13648,4.02878351962148,51.31092507755009
13649,115.43883810651373,-31.878902445183503
13650,4.736070718511088,52.316076990953576
13651,-9.824212956478405,43.780387874137595
13652,3.2325963066127072,52.3421984793975
13653,2.075820845833334,51.318700129166636
13654,103.75577066345069,1.1889274058783552
13655,1.2397690034546593,40.34802928274989
13656,7.96575915067479,53.617949922782245
13657,9.728444928423729,40.09991472245614
13658,-122.4426421587378,47.31709908637828
13659,2.9118899397167564,51.399964737836974
13660,-9.255389752847464,43.87590691704879
13661,-14.378112453800382,30.916469142810378
13662,11.179062379455232,40.01142367856288
13663,11.290392026062902,41.74069442999858
13664,5.853634616731642,51.95777613514135
13665,2.512995946087994,51.296783484372526
13666,-81.29193313606307,30.470088228215364
13667,-15.418988121182075,28.143301499087862
13668,-46.666381058875686,-25.228992009365076
13669,4.106041938489733,51.30923876761813
13670,-7.524486620252583,38.082027513274504
13671,1.6996114275194814,51.08394412076714
13672,3.562411071544759,52.50493833173639
13673,11.238249046109429,57.419709049234896
13674,2.129916501751298,51.762438796226064
13675,8.174026029456593,53.43905090610503
13676,-75.58936386461448,37.51704807628253
13677,-118.86856103772367,33.04185888187231
13678,-121.7523411588463,39.413301175772254
13679,-75.13589857508839,38.87077148137952
13680,12.531514230391396,55.084764064748896
13681,137.36998620111558,34.87833767123578
13682,16.747190948057654,56.3644331694361
13683,3.1794357072903416,51.30141666040079
13684,14.052089248733253,55.12013376442013
13685,12.756850131359037,54.75167782894871
13686,31.66559746910994,36.08950321937171
13687,116.08744086986923,6.042027151618144
13688,-2.689830350705272,50.89203272607717
13689,-5.893514122487473,43.28192341463583
13690,6.932013371691074,43.548409591332195
13691,11.787785574420997,54.66366407792382
13692,11.655906437449055,54.99632173413125
13693,5.431580775305925,52.82792837840736
13694,-5.963588832222996,49.79058433360197
13695,-3.4520480112179763,50.146626695465976
13696,8.362572409846926,53.5129563880007
13697,-67.77277299999997,42.74696959999999
13698,-2.4517989978794525,36.87736288691929
13699,4.5325366701287315,52.3532622258883
13700,-80.84616621570247,30.946027082432817
13701,12.886752447132515,55.30564161057759
13702,4.231835739341519,52.71021621490009
13703,10.014763292441486,41.98061527287823
13704,-5.1552910209396945,51.157304286673096
13705,10.638561780075333,57.463601655636374
13706,27.044964908333316,-28.525505950000014
13707,14.960208807391226,56.51600079656879
13708,18.796395845660356,57.8102600983841
13709,-75.05546851312913,38.66136320663331
13710,-14.386712237407293,28.823617383840585
13711,-2.399942485686212,49.520945147090615
13712,-1.7451892552261576,50.74552663695223
13713,-5.706092013489229,51.68275436954419
13714,-122.59582537177674,37.490315138240824
13715,-75.04362724207783,24.816195632894424
13716,4.1015873680026775,51.28663783113191
13717,1.9563599078191292,52.67196161477882
13718,3.517592832806573,52.40311337685196
13719,-2.703146184842361,48.48759880689217
13720,20.578040417276842,57.7977253811845
13721,31.372915112896848,36.38073823520854
13722,3.434142056938818,51.39215806690657
13723,9.817933736882678,42.081049512051976
13724,14.092822480175057,40.62672810271065
13725,2.073794045833334,51.31683512916664
13726,-46.666381058875686,-25.228992009365076
13727,-2.6037864220788816,43.720760851974845
13728,-12.764511182195648,34.52082337743052
13729,-106.1396272077613,19.367952839245888
13730,-122.4426421587378,47.31709908637828
13731,29.46792745591155,40.712426040664816
13732,115.43883810651373,-31.878902445183503
13733,13.548065214868137,39.34796391340728
13734,-9.124084713485713,36.95592321439903
13735,12.465487698763368,55.049456051840245
13736,3.2325963066127072,52.3421984793975
13737,7.008212323161308,54.948301275755085
13738,5.794543279067413,52.39986749850864
13739,-81.29153321724438,30.476811307473604
13740,1.1758161120975712,53.173508311180846
13741,29.283772328840058,40.84544922758102
13742,12.756850131359037,54.75167782894871
13743,4.738066352871132,52.31796926525414
13744,-9.824212956478405,43.780387874137595
13745,4.02878351962148,51.31092507755009
13746,1.1994992034546592,40.33866438274989
13747,103.75577066345069,1.1889274058783552
13748,4.532537099295399,52.35326270834862
13749,12.811765020128195,55.96328530429487
13750,15.108412437815808,55.670447501108185
13751,3.584050393124015,52.51319137507299
13752,2.915800224716756,51.40116442450364
13753,5.868371220081782,51.957367315298214
13754,11.290392026062902,41.74069442999858
13755,-15.418988121182075,28.143301499087862
13756,-0.6764323931714453,50.63116964955621
13757,2.129944001751298,51.76219329622606
13758,-7.525037639483351,38.08283599981297
13759,116.08745256986924,6.042057251618144
13760,6.986626752460885,43.55505399483662
13761,18.816155365660357,57.82396990838411
13762,3.434142056938818,51.39215806690657
13763,0.4560631694392634,39.59836931250505
13764,1.4950261750629368,51.07647104620323
13765,-122.44304987338447,47.34506786491647
13766,5.014668532554865,53.28358883892337
13767,8.555103023901463,53.57549970593445
13768,134.8976116839833,33.87524260141114
13769,1.9447033437456505,52.99477878189962
13770,-93.93669971561249,29.86278487156774
13771,175.68710950417417,-37.46848236094082
13772,174.26627186942034,-41.57202132173915
13773,-8.190980721958258,43.815463988153425
13774,-9.082603418741904,41.23190594649522
13775,-2.440899378079576,51.26117303083892
13776,124.50344198202612,-33.09489135386817
13777,-4.916767904182498,36.46851978508839
13778,-122.47244944263221,47.32102253986479
13779,19.305017806136654,37.782424551240815
13780,-46.767910579785706,-24.340888205624733
13781,115.6744295549063,-32.04373245952236
13782,17.02350254805766,56.4218134694361
13783,-15.773297766867381,27.317408034698566
13784,4.554410048150389,52.49203887209046
13785,6.798198167006348,53.37853682296574
13786,10.335181999523373,55.399029009851304
13787,-8.74036316603766,42.311277731561276
13788,136.832135376871,34.737955804189916
13789,-5.153330404919793,51.166186687434
13790,25.19649636001479,60.21452217412998
13791,11.163425908411014,57.35233932542538
13792,13.394320335634756,54.86434222430219
13793,-14.361076420870495,28.816073881617513
13794,10.86069091787485,53.94371974789423
13795,-78.87951375698093,28.3952043997233
13796,-5.890932922487474,43.282204364635824
13797,173.85873756824884,-42.13292638553532
13798,11.577557336146281,38.04880014819752
13799,3.295110699531308,51.405539217489896
13800,24.78857077909116,59.9252156471912
13801,-14.392612303853486,30.84215677355131
13802,4.106041938489733,51.30923876761813
13803,-121.82761385884629,39.52214077577225
13804,115.66530085306465,-31.93871095317726
13805,-75.59861966043387,37.488423938322654
13806,-75.13589857508839,38.87077148137952
13807,-5.938921265556329,49.78779298814743
13808,-2.399868585686212,49.51855154709062
13809,8.324952418044418,53.50690452229798
13810,-1.4086157337190628,50.464723863245574
13811,-5.943380588209615,52.91753797932295
13812,9.722056454812618,40.10326585566321
13813,-2.6967904001497165,50.876537545799394
13814,8.099433726355162,53.40624713704952
13815,2.933243875246475,51.31922502321415
13816,-68.17670779999997,42.58475390000002
13817,5.4305660253059225,52.82679747840737
13818,12.545146997058064,55.09018059808223
13819,-80.83900062500982,30.88786958365937
13820,18.397989817411876,54.442086559671516
13821,2.512995946087994,51.296783484372526
13822,-122.59582537177674,37.490315138240824
13823,4.254266697673784,52.725896864213404
13824,-2.1325146168188467,36.93712267252534
13825,-66.78383657739367,16.820373545743415
13826,27.045121108333316,-28.525328250000015
13827,12.8829577790968,55.29857836938711
13828,-75.05546851312913,38.66136320663331
13829,-118.87077402522364,33.04595266937231
13830,3.7606478687587073,52.51602935596741
13831,14.960209062391229,56.51600248990213
13832,-1.7451892552261576,50.74552663695223
13833,6.781803830620747,53.26439164193983
13834,3.155923388214889,51.35398741407603
13835,15.365445503642702,40.68735879584252
13836,-75.68785659350641,25.39604538289443
13837,11.18120857945523,40.06149455356287
13838,2.7336972249896867,51.18604453950139
13839,2.7336972249896867,51.18604453950139
13840,7.965870086828637,53.6180648189361
13841,1.9563599078191292,52.67196161477882
13842,11.664235358282388,54.99824950675029
13843,-5.715819051600416,51.57855282405404
13844,20.637592198523812,57.870782460579704
13845,-2.70318218484236,48.487580506892165
13846,-3.412080142194223,50.18240314841745
13847,4.1015873680026775,51.28663783113191
13848,11.906477513761269,54.7527472979882
13849,137.36998620111558,34.87833767123578
13850,10.676473619807474,57.44602644730304
13851,10.958487452107113,54.43844431067244
13852,31.37073051289685,36.38126253520854
13853,31.665274669109934,36.08989851937171
13854,9.817933736882678,42.081049512051976
13855,1.6996114275194814,51.08394412076714
13856,10.011069592441485,41.97328022287823
13857,11.163425908411014,57.35233932542538
13858,2.0305340458333334,51.30785422916662
13859,54.789114547505875,25.01230494740347
13860,-12.763788257775696,34.52617799577414
13861,13.544533780874385,39.319659663605584
13862,-75.59866436043387,37.48995233832266
13863,174.1316932694203,-41.711028146739146
13864,5.794546315441042,52.399868228609385
13865,10.81977077786469,54.34737027582394
13866,-4.920789253409183,36.46309719027387
13867,29.46792745591155,40.712426040664816
13868,-81.28947351061394,30.48085201404193
13869,17.14434432640693,56.46289046285716
13870,-9.124084713485713,36.95592321439903
13871,3.4382865930588586,51.394149991706975
13872,-122.07659354132042,34.15270916428628
13873,12.845086638461531,55.880105525961525
13874,1.9563599078191292,52.67196161477882
13875,-1.7555683449032626,37.03520871965737
13876,3.162577547156871,51.35997811718168
13877,27.04879640833332,-28.52845555000001
13878,24.716438839166653,40.13988138000002
13879,136.81622089803358,34.73477813181127
13880,19.303293206389515,37.78251769896503
13881,-2.6122824387455483,43.72245155197484
13882,9.939216663757264,40.11537877458666
13883,25.19649636001479,60.21452217412998
13884,3.584050393124015,52.51319137507299
13885,-79.07172985698094,28.271868299723305
13886,10.86069091787485,53.94371974789423
13887,173.8471869091218,-42.1086262432734
13888,24.780448103813374,59.929920667349926
13889,115.66530643026044,-31.938705378322766
13890,-5.938517332367232,52.906866331882135
13891,-1.7047828275029857,50.40484319168735
13892,18.400011515694594,54.440449979695295
13893,2.9318651805568043,51.319639412120196
13894,4.028845864449066,51.310980077550084
13895,3.3017634721438425,52.409249126372195
13896,4.738066352871132,52.31796926525414
13897,7.1056905100238374,54.999832461453536
13898,-9.823672756478405,43.7804694741376
13899,1.2393376409546593,40.347694632749885
13900,103.75577066345069,1.1889274058783552
13901,-2.6970651911518844,48.49207927558265
13902,5.911461791719456,51.9803379569457
13903,2.9284127763834236,51.39982447259887
13904,11.35283814557419,41.69605756562981
13905,2.512995946087994,51.296783484372526
13906,-15.340876214515408,28.197902092421195
13907,-0.7061813089243623,50.625728862342
13908,-7.524486620252583,38.082027513274504
13909,2.1829661467512977,51.732474855114944
13910,10.376708568754141,55.42917655600513
13911,116.08776860877337,6.04242698999574
13912,1.6996114275194814,51.08394412076714
13913,7.092848737911367,43.568929343250666
13914,18.786397805184166,57.808463978939656
13915,-15.901989525200708,27.01812496914301
13916,12.406270395760972,54.991605197162215
13917,-122.44304987338447,47.34506786491647
13918,1.7223170347336332,51.10819916170451
13919,5.029548098879651,53.27397866170115
13920,-5.711104208645873,51.481294297160105
13921,8.555103023901463,53.57549970593445
13922,134.8879263871399,33.849038957850524
13923,137.38016272337748,34.86480753309726
13924,12.453634698763366,55.007804351840235
13925,1.9447033437456505,52.99477878189962
13926,-93.93669971561249,29.86278487156774
13927,29.283772328840058,40.84544922758102
13928,1.2669735259681145,53.18893667095482
13929,175.66731445972655,-37.62196178130145
13930,-5.819112259979888,49.797918483075655
13931,-8.190461371958259,43.813732304820086
13932,-9.075513768741905,41.28062047149523
13933,-121.75228066741772,39.41074728505798
13934,124.50579044869279,-33.094289476090395
13935,-2.1760066082382816,51.19659491193049
13936,9.817933736882678,42.081049512051976
13937,-122.47934330170169,47.32555885656903
13938,13.018865557550589,54.78745376798826
13939,8.082055073189114,53.40734467271738
13940,12.390136700593114,38.02090914099369
13941,-46.767161029785704,-24.340794405624735
13942,-14.437123522869308,30.684743679172453
13943,-75.13470554253027,38.830679114454455
13944,-2.5203212423071686,49.48116213451958
13945,10.015531992441487,41.9846824395449
13946,-14.361228651257624,28.846463567700965
13947,15.12582769081581,55.683340410108194
13948,0.3489851167984114,39.57898903084891
13949,7.911658667036293,53.594509768157835
13950,31.690183469109947,36.06202681937171
13951,4.452504526517393,52.452474267191455
13952,27.209624499999983,-28.363895850000016
13953,-75.7343026291512,25.61110766878971
13954,4.255764919102355,52.726711086832445
13955,31.39352701289686,36.35908673520853
13956,-2.611401373457003,50.89329368737105
13957,-5.90082330748747,43.282289256302505
13958,5.438510491972591,52.82513627840736
13959,-13.153535433568495,33.67396994684188
13960,-68.09516059999999,42.606767500000004
13961,10.753308419150121,57.421675594097024
13962,3.847806870650203,52.531977137644105
13963,4.106041938489733,51.30923876761813
13964,13.003215345299674,55.19108101261725
13965,6.757881717656277,53.364532510211845
13966,-5.151608753631831,51.179411274974115
13967,-66.7564389784136,16.82836663452761
13968,-1.7451892552261576,50.74552663695223
13969,115.67442748823963,-32.04373391678732
13970,2.7336972249896867,51.18604453950139
13971,2.7336972249896867,51.18604453950139
13972,-75.05546851312913,38.66136320663331
13973,11.709663360966536,54.983052058566244
13974,-80.83900062500982,30.88786958365937
13975,4.1015873680026775,51.28663783113191
13976,-8.74036316603766,42.311277731561276
13977,6.782307884510667,53.26383699921255
13978,3.2992552356513487,51.4075311422903
13979,14.910877569097671,56.41673956276207
13980,15.371447361976037,40.69341743686816
13981,-3.438555308654405,50.19619949333066
13982,-12.260915305110327,31.473078590239094
13983,8.291067362714667,53.495575682410816
13984,12.52504050169196,55.07675270852104
13985,-118.87003413022369,33.0531377293723
13986,20.637592198523812,57.870782460579704
13987,-122.59517022948401,37.4854376052941
13988,11.277291206121902,40.013265071896214
13989,136.81622089803358,34.73477813181127
13990,3.159029081126407,51.3609048253599
13991,-75.50599003543387,37.60817391332266
13992,-81.23531442334628,30.545367712379367
13993,-4.925028808083552,36.47012770715584
13994,-5.70973310703493,51.3887453458835
13995,-46.7675456797857,-24.340515005624738
13996,137.38016272337748,34.86480753309726
13997,54.787494888125394,25.012127427999616
13998,-5.943189910035011,52.92329486995788
13999,7.228019135901031,55.01952828116114
14000,103.75577066345069,1.1889274058783552
14001,12.785455245128196,56.00409072929486
14002,31.06502939940412,37.13971630046769
14003,-15.89452927242293,27.145065494143008
14004,5.861993329458915,51.9588833086262
14005,-0.7061813089243623,50.625728862342
14006,134.88191333215866,33.822175046527704
14007,29.283772328840058,40.84544922758102
14008,10.63167724119802,54.203700512490606
14009,174.20200396942033,-41.63504239673915
14010,27.21070840833332,-28.366022250000015
14011,-8.74036316603766,42.311277731561276
14012,25.19649636001479,60.21452217412998
14013,-79.07825339983809,28.274360256866157
14014,10.86069091787485,53.94371974789423
14015,-13.134627132595956,33.724125360076044
14016,24.785446775241944,59.92566748163563
14017,115.66529639454615,-31.938703203918003
14018,-1.441052304505193,50.48544002136842
14019,18.353346536768328,54.450461306473784
14020,2.9318651805568043,51.319639412120196
14021,4.738066352871132,52.31796926525414
14022,4.028845864449066,51.310980077550084
14023,1.1662308409546593,40.382163532749885
14024,3.239781403279374,52.339489045323425
14025,-2.7031463038899797,48.487598906892174
14026,13.544533780874385,39.319659663605584
14027,2.978143198554469,51.403505036644994
14028,0.07991725199463752,51.218132490129435
14029,-15.340876214515408,28.197902092421195
14030,2.512995946087994,51.296783484372526
14031,11.35283814557419,41.69605756562981
14032,-7.524486620252583,38.082027513274504
14033,2.1829970267512975,51.73174573511495
14034,5.189011627595809,52.56261205751298
14035,116.08776157544006,6.042428431662406
14036,7.128227114190944,43.57289041971091
14037,18.793329955184166,57.809313853939656
14038,0.3489851167984114,39.57898903084891
14039,3.4382865930588586,51.394149991706975
14040,5.042936918879652,53.24448574170115
14041,2.0385221199528836,51.16015540982512
14042,-122.44304987338447,47.34506786491647
14043,-9.826692516478404,43.7807425141376
14044,8.553423025031611,53.5759539809523
14045,-93.93669971561249,29.86278487156774
14046,2.00608260239399,52.99181696878393
14047,-122.4426421587378,47.31709908637828
14048,29.46792745591155,40.712426040664816
14049,-121.75197666741774,39.41034961005797
14050,17.047256648057644,56.408562542769424
14051,175.7295856810248,-37.56136468531572
14052,-80.83900062500982,30.88786958365937
14053,2.4264902083425044,40.966644722381936
14054,-75.13470554253027,38.830679114454455
14055,-8.190615588624926,43.85488792148675
14056,-9.075808468741906,41.28081597149523
14057,10.41117996875414,55.44970875600513
14058,27.211942099999987,-28.35825815000002
14059,-1.0588327960339456,37.15561401553488
14060,-5.797089692201618,36.00293774777793
14061,-2.0219895864719386,51.157700190960995
14062,124.50476060424835,-33.09463876497928
14063,9.817933736882678,42.081049512051976
14064,10.13340960527963,40.11660786862827
14065,-122.47934330170169,47.32555885656903
14066,24.717796535092585,40.14147626000002
14067,19.311925023252265,37.76330677053365
14068,-73.06401076135474,40.9398178585902
14069,-2.6118300387455484,43.72125495197484
14070,1.9563599078191292,52.67196161477882
14071,3.584050393124015,52.51319137507299
14072,8.222955122069235,53.47398255736101
14073,6.784246864510667,53.263899069212556
14074,-2.614940057042371,49.37971129861946
14075,11.310101179455234,39.95914677856288
14076,-14.334649081257629,28.877909187700975
14077,15.368579703642705,40.68958560353482
14078,13.050931544084785,55.18196284066975
14079,2.0204890458333336,51.30156752916663
14080,-14.469951206795129,30.59992828453411
14081,12.37956136896712,54.96965819067562
14082,8.095159356243135,53.416518603078494
14083,-5.911862922487473,43.28261381463583
14084,4.281307460599859,52.73883329512982
14085,12.39012429876337,54.985468651840236
14086,2.7336972249896867,51.18604453950139
14087,2.7336972249896867,51.18604453950139
14088,-75.05546851312913,38.66136320663331
14089,5.432145825305924,52.82737737840736
14090,7.911659142036292,53.594509568157825
14091,31.687702269109945,36.063949719371706
14092,4.44705127929517,52.44212025647717
14093,-122.59517022948401,37.4854376052941
14094,115.67442160013887,-32.04372080539538
14095,31.39104501289686,36.36100843520853
14096,4.1015873680026775,51.28663783113191
14097,12.444264235208493,38.011913460609065
14098,-9.124084713485713,36.95592321439903
14099,-2.6599614514044583,50.86162667148489
14100,20.628572586235677,57.86816053049497
14101,-3.2646003809279995,50.21730826713746
14102,10.014763292441486,41.98061527287823
14103,-66.8997685784136,16.843741070241897
14104,12.527751455257178,55.08149459582539
14105,1.2885658516963598,53.16520606350439
14106,12.7398263258734,54.68501246034105
14107,10.753308419150121,57.421675594097024
14108,-118.87792382983906,33.051458099372304
14109,6.965281318434218,53.257572450977506
14110,15.181211105708217,55.72043397282527
14111,-68.11212479999999,42.6011944
14112,6.735198633898874,53.3593088205298
14113,-5.151608753631831,51.179411274974115
14114,3.846115556493319,52.57229901885895
14115,3.2992552356513487,51.4075311422903
14116,4.106041938489733,51.30923876761813
14117,173.9518679405739,-41.97214685365818
14118,-1.7451892552261576,50.74552663695223
14119,11.722323884684481,54.98221445343805
14120,-76.04242934527365,25.665461781986995
14121,1.7159452768925663,51.09763067450675
14122,-5.936368799067916,49.80952563305608
14123,14.913014290118092,56.41730241874845
14124,-13.135110532595954,33.723064460076046
14125,1.9563599078191292,52.67196161477882
14126,31.064797399404124,37.14007360046769
14127,-81.18649972717216,30.546357598756625
14128,-2.6122736720788815,43.72004615197484
14129,-5.754702915727315,50.69883188593314
14130,29.46792745591155,40.712426040664816
14131,7.31230131632547,39.234388516692526
14132,136.84228113704899,34.73897808451429
14133,-75.50594533543386,37.60664551332266
14134,27.21019279999998,-28.360279250000023
14135,-12.731695936349084,34.571988370590596
14136,27.210763208333315,-28.364610050000014
14137,174.20161666942036,-41.634911821739145
14138,12.541384221923842,55.08691112915872
14139,-15.89230009482553,27.148396881805343
14140,-5.943853501781044,52.92508070718011
14141,4.028845864449066,51.310980077550084
14142,12.752897270128193,56.05694767096153
14143,0.0719607393376327,51.21900971988789
14144,0.3489851167984114,39.57898903084891
14145,17.04796114805765,56.40950224276944
14146,19.313649556136657,37.76321348124081
14147,11.718518184684482,54.97842795343804
14148,-9.124084713485713,36.95592321439903
14149,115.67442038902774,-32.043720960950935
14150,4.444698232628504,52.435567313143835
14151,6.696297204406204,53.38469790285039
14152,-8.74036316603766,42.311277731561276
14153,25.19649636001479,60.21452217412998
14154,-66.81738854508028,16.794297625797455
14155,-79.08321899983808,28.27380545686616
14156,10.86069091787485,53.94371974789423
14157,24.78846547909116,59.92519144719119
14158,54.787494888125394,25.012127427999616
14159,115.66529639454615,-31.938703203918003
14160,-1.4221953137086008,50.49046717865872
14161,18.353347667502923,54.4504614124933
14162,2.9318651805568043,51.319639412120196
14163,-0.18706339395629037,37.689261312553995
14164,4.738066352871132,52.31796926525414
14165,3.239781403279374,52.339489045323425
14166,7.33952396090103,55.009179831161134
14167,1.1603684409546593,40.443060832749886
14168,103.75577066345069,1.1889274058783552
14169,2.0186005125000004,51.30316012916663
14170,13.544533580874386,39.31965996360558
14171,2.9936083585544697,51.40395863831166
14172,-2.703182773959424,48.4875811723882
14173,5.81946310807712,51.93628809262421
14174,11.35283814557419,41.69605756562981
14175,2.512995946087994,51.296783484372526
14176,-15.340876214515408,28.197902092421195
14177,-0.7061813089243623,50.625728862342
14178,10.67166674119802,54.20995981249062
14179,-7.5291783359577105,38.09713109035784
14180,137.38016272337748,34.86480753309726
14181,2.183024826751298,51.731500335114944
14182,116.08777607544005,6.042453431662406
14183,7.205408631868246,43.581471890619945
14184,-5.793418492201619,36.00393939777793
14185,18.812417075184168,57.82288466393967
14186,3.2992552356513487,51.4075311422903
14187,-4.933695047032093,36.466546083269115
14188,-6.343023324522956,44.76504678304058
14189,2.4269160283425033,40.96827972238193
14190,-122.44304987338447,47.34506786491647
14191,5.022909405546318,53.236979530590034
14192,-9.821214456478405,43.779696074137604
14193,-80.83900062500982,30.88786958365937
14194,2.430719285457368,51.188908781965374
14195,134.96472060413222,33.81286692192935
14196,5.103917654857713,52.54872512929871
14197,8.54922298768627,53.574756777269386
14198,2.00608260239399,52.99181696878393
14199,-93.93669971561249,29.86278487156774
14200,173.95243309771675,-41.973132710801025
14201,-14.492628756789037,30.542891618492387
14202,29.283772328840058,40.84544922758102
14203,4.532577015962065,52.35337064168195
14204,3.4382865930588586,51.394149991706975
14205,8.181250075240692,53.45590421689119
14206,-76.06547885891001,25.71864490562336
14207,175.57368237207604,-37.63038919248108
14208,-2.6193065821736883,50.86589015610028
14209,-118.88343747983907,33.0634874493723
14210,1.3270327018418777,53.144694483998535
14211,-73.06401081590019,40.93981798949929
14212,10.236793026390743,40.0982611132116
14213,10.374455368754143,55.46469255600514
14214,2.7336972249896867,51.18604453950139
14215,2.7336972249896867,51.18604453950139
14216,-8.190912731958258,43.85769123815342
14217,-9.081113268741904,41.26968269649522
14218,-9.31497708555239,42.8742048922384
14219,10.011069592441485,41.97328022287823
14220,-68.02245519999998,42.63563829999999
14221,13.07219173098955,55.17162453674119
14222,-121.82724936741772,39.51918921005797
14223,6.9656049396033755,53.25759229042147
14224,4.106041938489733,51.30923876761813
14225,124.50345438758164,-33.09488497609039
14226,-5.043737689462179,51.168312551091205
14227,-0.8795221141400065,37.13283711614094
14228,-2.4550261965591984,49.28774473920598
14229,-1.1571977359417192,51.02705017549718
14230,-75.05546851312913,38.66136320663331
14231,7.858527129954845,53.5719213496058
14232,1.7142203768925666,51.097816774506754
14233,-122.47934330170169,47.32555885656903
14234,14.913018103941615,56.41730361796412
14235,12.395321698763368,54.988006951840234
14236,-3.0529006755511308,50.24965209604028
14237,4.1015873680026775,51.28663783113191
14238,12.47134566490037,38.005310405455006
14239,6.791807614510667,53.26540431921255
14240,15.432111223012075,40.71637823889518
14241,20.628572586235677,57.86816053049497
14242,-122.59517022948401,37.4854376052941
14243,11.303230279455233,39.963796153562875
14244,-122.0793880413204,34.16275378095294
14245,9.817933736882678,42.081049512051976
14246,15.209074751541552,55.73357183865859
14247,3.584050393124015,52.51319137507299
14248,4.263655805693654,52.73301268354974
14249,12.568908785988269,54.61938896719819
14250,-14.261615270840961,28.98500504061764
14251,10.753308419150121,57.421675594097024
14252,3.8849230637800276,52.55944220634982
14253,5.299495675305923,52.77629386590736
14254,-1.7068972768170667,50.73668620399768
14255,24.714726769021155,40.143910920714305
14256,-5.911882145820807,43.28285825296916
14257,31.38886041289686,36.361532735208534
14258,12.386397272233484,54.95632947528598
14259,31.687541869109946,36.06406841937171
14260,-122.4426421587378,47.31709908637828
14261,-5.936322732401249,49.80567688760153
14262,8.096067596759998,53.41792819820928
14263,-79.08321899983808,28.27380545686616
14264,0.1293075519484975,51.27399074676336
14265,-6.905939119715942,35.95458921567647
14266,54.789114547505875,25.01230494740347
14267,-0.23452303401608926,37.67247535114083
14268,-46.67581052637568,-25.21488329269841
14269,17.167304226406923,56.446819362857156
14270,27.208075808333316,-28.368437250000014
14271,-81.17444544282574,30.581479710970598
14272,-5.711056203064387,49.756380845036894
14273,-66.98294158535805,16.884238364686336
14274,29.46792745591155,40.712426040664816
14275,-46.764945704785696,-24.342785509791405
14276,14.457564903243346,37.42394525471355
14277,10.2865761120005,40.11229608680238
14278,13.149618366257513,55.11222647720929
14279,1.9563599078191292,52.67196161477882
14280,-2.6149512720788817,43.719800468641516
14281,-9.124084713485713,36.95592321439903
14282,-4.934564397032093,36.46424078326911
14283,-75.12309130943503,38.84473536183541
14284,7.522113946711841,55.06814674742239
14285,5.862548962307691,51.95925792886446
14286,8.54922298768627,53.574756777269386
14287,135.0054860525322,33.81325678169126
14288,-93.93669971561249,29.86278487156774
14289,2.00608260239399,52.99181696878393
14290,29.283772328840058,40.84544922758102
14291,175.61984125788942,-37.63323065828582
14292,174.1893072694203,-41.66481934673915
14293,-8.190477571958258,43.856733504820085
14294,-9.075513768741905,41.28062047149523
14295,124.50579044869279,-33.094289476090395
14296,-0.8609216282639695,50.94893730458502
14297,2.512995946087994,51.296783484372526
14298,-122.47934330170169,47.32555885656903
14299,19.311924888197794,37.763306505435615
14300,-122.59397872636758,37.47695930551842
14301,115.67441832236109,-32.043722418215886
14302,-8.739376917119186,42.31191376430628
14303,4.384002075804864,52.3972434756715
14304,6.705976768591481,53.395569704215156
14305,-80.83900062500982,30.88786958365937
14306,25.19649636001479,60.21452217412998
14307,10.86069091787485,53.94371974789423
14308,24.774352103813374,59.92888366734993
14309,115.66528083287947,-31.938705470584665
14310,-5.948848907296917,52.940076162934055
14311,-1.3899461572070917,50.500231718115735
14312,18.353346650946275,54.45046209406418
14313,2.9318651805568043,51.319639412120196
14314,4.028845864449066,51.310980077550084
14315,4.738543489027036,52.31815610730628
14316,3.2473188699460405,52.34103146824009
14317,103.7551837715114,1.1888119189863942
14318,1.1689582159546594,40.43179763274988
14319,12.734498353461529,56.097735612628185
14320,-13.115841137892325,33.7594197501099
14321,-5.753535914487158,50.58195956091419
14322,13.544533780874385,39.319659663605584
14323,-75.347967738235,37.75171226560357
14324,-2.6970651053185515,48.49207980010647
14325,8.11281395148373,53.53189365042034
14326,3.0106007578401837,51.398226845930715
14327,-15.340876214515408,28.197902092421195
14328,-7.531902774965976,38.107344508273826
14329,2.1688188967512976,51.728053130114944
14330,-12.708334384981836,34.623687453375595
14331,-121.75228066741772,39.41074728505798
14332,-122.07084375465377,34.175691797619606
14333,3.4382865930588586,51.394149991706975
14334,5.438510491972591,52.82513627840736
14335,116.0877655421067,6.042431348329074
14336,7.228269575618245,43.58430561410659
14337,-73.06398184802141,40.939813961923534
14338,-2.4422458553267603,49.212288655842514
14339,31.09899689940411,37.09590000046769
14340,10.663276105300586,54.15330639967009
14341,18.787103738517498,57.80552107893965
14342,12.341413419046596,54.53716747745751
14343,5.030953845056126,52.520528019576474
14344,6.121300720068977,52.56460797273776
14345,8.129570932824539,53.43802116297995
14346,10.391096768754142,55.48297950600514
14347,24.978672660582774,40.208735159019625
14348,2.7336972249896867,51.18604453950139
14349,2.7336972249896867,51.18604453950139
14350,173.9508686615766,-41.97567487899693
14351,6.782307884510667,53.26383699921255
14352,10.029792112441488,41.991341679544895
14353,9.817933736882678,42.081049512051976
14354,137.38016272337748,34.86480753309726
14355,31.428225812896848,36.305567235208535
14356,-76.07954811754243,25.748015157191304
14357,-5.929878780820804,43.283481561302494
14358,12.283481915808823,54.8390633029766
14359,31.716104069109946,36.022270719371704
14360,-2.615861950084136,50.866124694906254
14361,4.106041938489733,51.30923876761813
14362,-122.4426421587378,47.31709908637828
14363,-122.44304987338447,47.34506786491647
14364,1.9851192458333333,51.28536922916662
14365,-0.7061813089243623,50.625728862342
14366,-67.96502419999996,42.66799289999998
14367,3.6065684835804155,52.52190278492538
14368,1.3906632705653252,53.12131006691915
14369,-14.223456996298838,29.060564465874037
14370,2.4470085021348456,51.18260483212157
14371,10.769801880148773,57.420180453509985
14372,-118.89266337650575,33.07417594270564
14373,136.8389518817726,34.738897632286424
14374,6.878973649569043,53.19496909366519
14375,15.207330206541553,55.73697135615859
14376,0.016980218750255825,39.53461312796114
14377,-105.97454295146782,19.26284018043517
14378,4.084210330221882,52.658424855779934
14379,-6.3767240223801,44.73639989089772
14380,-14.507561339995185,30.449216838550342
14381,-75.04548160991484,38.6690861773476
14382,-5.014861296128846,51.0807006115674
14383,-0.9444139337720407,37.144832010058686
14384,5.0288089355463175,53.24067466059004
14385,7.702957775936292,53.51540477935783
14386,4.532577453462065,52.35337009255497
14387,12.413446755061965,54.70619198852347
14388,-1.7068971552786052,50.7366861693823
14389,3.2992552356513487,51.4075311422903
14390,27.20815449999998,-28.362496250000017
14391,4.263655805693654,52.73301268354974
14392,1.7168345022713223,51.10259663188939
14393,-5.826917816507348,49.83549748451389
14394,14.869548361784753,56.55062187874845
14395,8.089935296438291,53.41660348121064
14396,15.683147037773976,40.69053050282375
14397,20.628572586235677,57.86816053049497
14398,11.286575206121903,39.95466997189622
14399,-2.487408979452525,50.266058720103544
14400,4.1015873680026775,51.28663783113191
14401,2.428477079933413,40.966287423518295
14402,12.641899612141279,38.070013493741016
14403,-9.807217972842041,43.72946793053056
14404,11.469054695012392,41.72833950720283
14405,-9.273326856682253,42.89687813604632
14406,-12.697606784981836,34.62226170337559
14407,-4.934564397032093,36.46424078326911
14408,-75.34851500270882,37.743912174916396
14409,0.11595360183763269,51.225350365721226
14410,-11.977405720646734,31.7466514643533
14411,-81.16673631908765,30.60012962715811
14412,138.5219247590989,35.04116779811196
14413,31.098634899404114,37.0959820004677
14414,-5.785532379117018,49.75482145389654
14415,17.036205948057646,56.40956070276943
14416,29.283772328840058,40.84544922758102
14417,-9.124084713485713,36.95592321439903
14418,-8.739376917119186,42.31191376430628
14419,-5.756245114487159,50.55305422758085
14420,-5.948519907296915,52.93959866293406
14421,4.738543489027036,52.31815610730628
14422,12.70344455346153,56.1331858126282
14423,-75.12309130943503,38.84473536183541
14424,-2.614506874301104,43.71860577086373
14425,-122.44304987338447,47.34506786491647
14426,5.026289635546318,53.23977786059004
14427,0.016980218750255825,39.53461312796114
14428,6.068128756474794,52.54194807056322
14429,2.4897591643117654,51.18707980439487
14430,8.547400500665091,53.57526263874365
14431,2.00608260239399,52.99181696878393
14432,-93.93669971561249,29.86278487156774
14433,135.1310350785093,33.82637941936185
14434,-67.80802839999997,42.71683549999998
14435,175.61330588595172,-37.621184052692215
14436,174.20170916942035,-41.63525219673916
14437,1.9877393458333337,51.284194929166624
14438,-8.190615588624926,43.85488792148675
14439,-9.075808468741906,41.28081597149523
14440,124.50476060424835,-33.09463876497928
14441,-0.7661429975830287,50.95232711634821
14442,-46.765331279785705,-24.342466805624735
14443,-122.47934330170169,47.32555885656903
14444,19.311924955060544,37.76330664700425
14445,-122.59397872636758,37.47695930551842
14446,115.67442160013887,-32.04372080539538
14447,4.384002075804864,52.3972434756715
14448,6.673002698429839,53.385836210165984
14449,25.19649636001479,60.21452217412998
14450,10.86069091787485,53.94371974789423
14451,-105.95742668364099,19.254301993775172
14452,24.789522872265756,59.92684290723088
14453,-80.83440999796838,30.857228461878385
14454,115.66527509954614,-31.938703874751333
14455,-1.3899461572070917,50.500231718115735
14456,18.35334588617386,54.45046218601319
14457,2.929311873733709,51.32009175842646
14458,4.028845864449066,51.310980077550084
14459,3.2968572074460405,52.356396580740096
14460,-9.879304412842043,43.635666670530554
14461,103.7551837715114,1.1888119189863942
14462,1.1460082159546594,40.43453543274988
14463,7.5667508217118415,55.08639463075574
14464,11.469054695012392,41.72833950720283
14465,13.544533580874386,39.31965996360558
14466,-2.7031457180566463,48.48759923141598
14467,-121.7517816340844,39.41228111005797
14468,27.211942099999987,-28.35825815000002
14469,-122.07085495465373,34.17668849761961
14470,137.38016272337748,34.86480753309726
14471,5.7613172438729086,51.913691799798215
14472,4.267475118901201,52.73538144079778
14473,3.0455505558957388,51.398682838152915
14474,2.512995946087994,51.296783484372526
14475,-12.71637894868768,31.481075367427916
14476,-15.340876214515408,28.197902092421195
14477,-73.06401076135474,40.9398178585902
14478,2.163548340552203,51.71728498703802
14479,10.029023412441486,41.98727451287823
14480,-7.531902774965976,38.107344508273826
14481,-0.13013186640035942,37.73431407773198
14482,-76.104608866471,25.78023444147702
14483,173.9092587405739,-42.025324453658165
14484,-2.4429904353267604,49.21187607584251
14485,12.260177115808823,54.8315191029766
14486,-4.961979652030108,36.724932101320945
14487,9.817933736882678,42.081049512051976
14488,3.6290281531991115,52.52961366288541
14489,3.4422616419364163,51.39619934725305
14490,116.08776077544006,6.042427031662406
14491,7.262111440002961,43.60504306863927
14492,5.429937925305924,52.82772917840736
14493,24.965042165344688,40.211727844733915
14494,4.106041938489733,51.30923876761813
14495,-122.4426421587378,47.31709908637828
14496,-9.274205136682252,42.89672433604632
14497,-118.90099171150572,33.07963641270563
14498,8.10612286212001,53.43160861506529
14499,-14.14535868359459,29.23690862209953
14500,14.871660315118085,56.55120371874844
14501,6.849387247273459,53.17361195900818
14502,18.811682888517495,57.81765775393965
14503,-4.928977585758475,51.07102677971554
14504,-0.9305054525540922,37.161867870699716
14505,10.395038668754143,55.474196829814666
14506,3.3032302845289063,51.40958049783638
14507,12.416835694378207,54.706816339805506
14508,-1.7068971552786052,50.7366861693823
14509,15.682592162773979,40.68888826949041
14510,-14.552008728517698,30.38915614641401
14511,11.29259617945523,39.947488878562886
14512,2.7336972249896867,51.18604453950139
14513,2.7336972249896867,51.18604453950139
14514,7.746847904723886,53.533304367099156
14515,4.532576257628731,52.353370356443854
14516,-5.907663768115534,49.84789328403011
14517,8.09045903573022,53.417238705458814
14518,-0.7061813089243623,50.625728862342
14519,-2.201709256321212,50.28942676066781
14520,2.4275120799334124,40.96894572351829
14521,12.687798940619759,38.06211578262184
14522,1.7816160347427623,51.16529068653188
14523,20.628572586235677,57.86816053049497
14524,31.42723121289685,36.30661963520855
14525,4.1015873680026775,51.28663783113191
14526,-75.04548160991484,38.6690861773476
14527,6.785488864510667,53.26427996921256
14528,-12.924940650482375,34.08213980267392
14529,29.46792745591155,40.712426040664816
14530,-5.935050879154139,43.28405300296916
14531,15.238590638485995,55.75527849481601
14532,1.6183784577641154,52.996469076224265
14533,12.313254040615222,54.52721813137908
14534,31.716099269109947,36.021650219371715
14535,5.024760382556125,52.51473426064791
14536,-2.5724883125789977,50.83728163373699
14537,10.769801880148773,57.420180453509985
14538,4.104927825252658,52.70725568839596
14539,-6.430492136786879,44.6805922875079
14540,136.85539209682574,34.74142641003738
14541,-4.935272373522542,36.46508245424143
14542,-81.16419451024228,30.610907922676457
14543,-4.961979652030108,36.724932101320945
14544,12.260095215808821,54.83146920297659
14545,2.6125380519818657,38.75380302989113
14546,10.716610693179375,54.14009662391252
14547,138.4965019916983,35.0336175651456
14548,17.028819848057655,56.40723580943611
14549,29.283772328840058,40.84544922758102
14550,-46.7656950797857,-24.342879105624732
14551,-122.07062250465374,34.17619694761961
14552,8.020390739291123,53.50653470416529
14553,-0.7061813089243623,50.625728862342
14554,-105.84254484530766,19.186768704330724
14555,19.313649487944936,37.7632133577114
14556,-2.625292507634437,43.71653057086373
14557,-8.739376917119186,42.31191376430628
14558,54.787494888125394,25.012127427999616
14559,7.600177446711841,55.123886980755735
14560,-75.41889358129339,37.70472153933725
14561,-76.10598076885196,25.780713170048447
14562,-2.7031824114594243,48.4875812473882
14563,13.544533580874386,39.31965996360558
14564,3.0455858016100246,51.398012524819585
14565,5.761001587972442,51.91365484127365
14566,2.512995946087994,51.296783484372526
14567,4.267475118901201,52.73538144079778
14568,-15.340876214515408,28.197902092421195
14569,-7.532918728171105,38.109828889523826
14570,2.1635761405522027,51.717039587038016
14571,116.08777607544005,6.042453431662406
14572,7.2969607055267645,43.61058019964434
14573,18.8137954085175,57.82008076393966
14574,29.46792745591155,40.712426040664816
14575,5.027471835546318,53.24016126059004
14576,-122.44304987338447,47.34506786491647
14577,2.6475649818122724,51.207833938321336
14578,8.540883331993138,53.574523233978006
14579,135.07872642839567,33.805809700842254
14580,2.00608260239399,52.99181696878393
14581,-93.93669971561249,29.86278487156774
14582,-67.28039152111108,42.92821652111109
14583,175.53793151666287,-37.64898283576931
14584,174.20161666942036,-41.634911821739145
14585,-8.190912731958258,43.85769123815342
14586,-5.7731845457836855,49.76712009177531
14587,-9.081113268741904,41.26968269649522
14588,27.208506999999983,-28.357827850000017
14589,-0.6750623084084252,50.95268677304661
14590,-122.47934330170169,47.32555885656903
14591,124.50345438758164,-33.09488497609039
14592,3.6290281531991115,52.52961366288541
14593,-12.660876815027143,34.59960779243716
14594,0.016971641827178897,39.53461641257652
14595,-12.680871689401965,31.51371423528506
14596,-9.137436625985712,36.99413717633427
14597,-122.59397872636758,37.47695930551842
14598,115.67440539620165,-32.0437146028877
14599,2.4283734999334126,40.968933923518286
14600,4.384002075804864,52.3972434756715
14601,6.673002698429839,53.385836210165984
14602,25.19649636001479,60.21452217412998
14603,-80.83440999796838,30.857228461878385
14604,10.86069091787485,53.94371974789423
14605,12.261876639719164,54.509204851736676
14606,10.025329712441486,41.97993946287823
14607,115.66527509954614,-31.938703874751333
14608,-121.82724936741772,39.51918921005797
14609,-5.947966303253475,52.9359358875247
14610,-73.06401081590019,40.93981798949929
14611,5.299495675305923,52.77629386590736
14612,-2.594653745687305,50.8472626903545
14613,-1.3899461572070917,50.500231718115735
14614,2.929311873733709,51.32009175842646
14615,18.35334553440179,54.45046146868057
14616,6.088434271623723,52.54107166711215
14617,-14.63823865664967,30.261438031112867
14618,173.92999829771674,-42.00193261080104
14619,3.4422616419364163,51.39619934725305
14620,1.6660553162671494,52.96829668361525
14621,137.38016272337748,34.86480753309726
14622,-0.13026759367308674,37.7329805050047
14623,-122.4426421587378,47.31709908637828
14624,12.415885606512973,54.708639760318334
14625,-4.928977585758475,51.07102677971554
14626,-5.9333009014488685,49.84831775069677
14627,4.028845864449066,51.310980077550084
14628,3.2788792274460405,52.35533251021378
14629,4.73761970169247,52.3179063252837
14630,-2.4441029853267597,49.209672292509175
14631,4.929306272318031,52.46762439136221
14632,16.035794808885086,40.69886006365707
14633,-14.123252469198988,29.286685342730863
14634,10.398236368754144,55.465163429814666
14635,-9.757778078233637,43.70338243188114
14636,1.9548161125,51.28751632916662
14637,8.085416700992917,53.4156757151035
14638,24.859753027844686,40.14779614473392
14639,1.0947962159546594,40.43592823274989
14640,-5.756356042701444,50.58734242984276
14641,-5.929817479154139,43.28415820296917
14642,31.42413371289685,36.30861593520856
14643,31.71588186910995,36.022012119371716
14644,103.7551837715114,1.1888119189863942
14645,4.106041938489733,51.30923876761813
14646,12.946660707726931,38.04504377642113
14647,-12.890474133545254,34.17386289249221
14648,-118.9044889781724,33.09028062103897
14649,4.00845208469503,52.69049677464963
14650,-6.381948346644021,44.781691081507894
14651,6.834483049109378,53.154540135577626
14652,15.248930846667815,55.774115824816
14653,-0.9220940798268197,37.16293799797244
14654,3.3032302845289063,51.40958049783638
14655,136.85539209682574,34.74142641003738
14656,8.060171263026843,53.41424135236853
14657,4.532577015962065,52.35337064168195
14658,-1.7068971552786052,50.7366861693823
14659,6.791807614510667,53.26540431921255
14660,10.769801880148773,57.420180453509985
14661,12.267071911080587,56.721152649771085
14662,11.469054695012392,41.72833950720283
14663,14.72753995257798,56.51865065978231
14664,2.7336972249896867,51.18604453950139
14665,2.7336972249896867,51.18604453950139
14666,-75.04548160991484,38.6690861773476
14667,1.7816160347427623,51.16529068653188
14668,-1.4268020132104464,50.41741462860779
14669,7.78921205652338,53.65772374991113
14670,20.628572586235677,57.86816053049497
14671,-9.27187858334892,42.90232696937966
14672,24.78846547909116,59.92519144719119
14673,11.28521247945523,39.95280995356288
14674,4.1015873680026775,51.28663783113191
14675,9.817933736882678,42.081049512051976
14676,-4.856411768580312,36.500992397477575
14677,-122.06791295465376,34.1740090976196
14678,12.305928224817201,54.52287480045772
14679,-5.944637409629135,52.92540616708054
14680,-75.37015959824019,37.781885097354596
14681,116.53154139055425,-22.77942580215306
14682,-0.0031236857987831977,51.12813551677413
14683,138.49672682503163,35.03324258181226
14684,2.6032205796604377,38.750498001460386
14685,-12.657517752647186,31.55668350297706
14686,54.796379996458725,25.000287377999616
14687,7.601420346711842,55.10343018075572
14688,103.7550934965174,1.188785878429431
14689,-81.09836067626324,30.689754809279044
14690,29.46792745591155,40.712426040664816
14691,29.283772328840058,40.84544922758102
14692,-80.83440999796838,30.857228461878385
14693,174.1895964694203,-41.665232380072474
14694,-9.071519897313333,41.35648527506666
14695,-15.926309303517751,26.95514984752034
14696,-46.7649455297857,-24.342785305624737
14697,-5.047750359647899,36.76888272583876
14698,1.1170138159546594,40.45349123274988
14699,115.6648566096474,-31.93885531639416
14700,-1.3899461572070917,50.500231718115735
14701,2.929311873733709,51.32009175842646
14702,18.35334651725079,54.450460745351876
14703,4.028845864449066,51.310980077550084
14704,4.73761970169247,52.3179063252837
14705,3.3435999445354985,52.36972841321281
14706,12.08330016500001,56.97219215750003
14707,11.469054695012392,41.72833950720283
14708,13.544533780874385,39.319659663605584
14709,-2.6971369005566466,48.49215372391599
14710,3.051254974943358,51.396071928708494
14711,5.861607631946977,51.95915385252726
14712,-78.95045024983807,28.32453000686616
14713,-15.340876214515408,28.197902092421195
14714,4.263121469597795,52.73208072996187
14715,-109.49573207065046,25.123700716007853
14716,2.1635174605522023,51.718014107038016
14717,-7.6246456040585215,38.16238044806245
14718,5.451090250305924,52.82059017007403
14719,116.08776133922909,6.042444465133989
14720,7.303863138860097,43.61085554964433
14721,18.787103738517498,57.80552107893965
14722,0.016980218750255825,39.53461312796114
14723,-9.628395641358637,43.79043576094364
14724,-122.44304987338447,47.34506786491647
14725,5.0288089355463175,53.24067466059004
14726,2.6475649818122724,51.207833938321336
14727,-0.7061813089243623,50.625728862342
14728,135.2774204965733,33.85161947634233
14729,8.536402693279207,53.57387946421531
14730,2.00608260239399,52.99181696878393
14731,-93.93669971561249,29.86278487156774
14732,27.206279699999982,-28.366053550000014
14733,-67.29802752111108,42.92405102111109
14734,-12.790851521219226,34.71376626667585
14735,17.015173248057646,56.40304956276944
14736,-5.679848171953276,49.79025545902678
14737,10.769801880148773,57.420180453509985
14738,175.41823391025403,-37.67120208745011
14739,-8.19052467195826,43.854955804820094
14740,-0.17402246563668974,50.98425763524877
14741,124.5057736486928,-33.09428853234039
14742,-122.47934330170169,47.32555885656903
14743,19.309057462609562,37.75882584220032
14744,12.532887760906569,54.82100831942121
14745,-2.2858502102589333,50.80839563477889
14746,-2.6323806090624773,43.732983485775875
14747,2.428477079933413,40.966287423518295
14748,-122.59307109644482,37.47798002723657
14749,2.512995946087994,51.296783484372526
14750,115.67440134441233,-32.04371521751973
14751,6.1660525778142,52.56245098806454
14752,6.68242036896124,53.38336067151864
14753,1.934952518181818,51.233626654545404
14754,4.375201197620925,52.38316777558764
14755,-9.137436625985712,36.99413717633427
14756,-8.737374652620012,42.30932707920185
14757,137.3879543767108,34.86587018393059
14758,-73.06398184802141,40.939813961923534
14759,25.19649636001479,60.21452217412998
14760,-5.76198454686811,50.55902695900944
14761,13.141827022571377,37.94716963977136
14762,3.6282162531991116,52.53064306288542
14763,6.838163165650659,53.15460889405442
14764,-121.76219161741774,39.40002577077227
14765,-2.4422458553267603,49.212288655842514
14766,-14.771221446154412,29.968549725355732
14767,173.93248371871948,-42.00585743613979
14768,10.86069091787485,53.94371974789423
14769,-76.11972921992339,25.809891485762734
14770,4.667382817139458,52.37355484624314
14771,31.469707112896852,36.241713135208535
14772,3.4422616419364163,51.39619934725305
14773,31.763045369109946,35.9496227193717
14774,-12.77814532014844,34.328790182875835
14775,-14.066716615865653,29.283547666521724
14776,-5.93930306820176,43.28572977677868
14777,4.5355764086908215,52.37093335546346
14778,10.412950168754142,55.471578029814665
14779,-118.92263578241483,33.104523059826846
14780,2.7336972249896867,51.18604453950139
14781,2.7336972249896867,51.18604453950139
14782,-75.11178138178613,38.57142994975944
14783,-0.916988992236077,37.155072658470274
14784,7.789677804179057,53.65691252375727
14785,3.3032302845289063,51.40958049783638
14786,-5.816859260634333,49.877130629694264
14787,-1.0754148718861316,50.39078889236683
14788,-4.787539099014335,51.03270002142758
14789,8.027278762686151,53.40199065238443
14790,6.782307884510667,53.26383699921255
14791,10.116027826278634,56.508075980069776
14792,14.572346706490855,56.32802493492014
14793,20.628572586235677,57.86816053049497
14794,7.835079875095042,53.435229386821696
14795,-9.303953056682252,42.85095650271299
14796,-122.4426421587378,47.31709908637828
14797,4.1015873680026775,51.28663783113191
14798,1.667824582296135,52.96468388303554
14799,4.106041938489733,51.30923876761813
14800,15.389021423749721,55.85832326625129
14801,24.761500131908612,59.92492238996898
14802,11.2936471061219,39.93339797189623
14803,10.029792112441488,41.991341679544895
14804,9.817933736882678,42.081049512051976
14805,1.7816160347427623,51.16529068653188
14806,27.20784129999998,-28.36293895000002
14807,7.986280523701099,53.376488847724765
14808,16.528573497596724,40.657960210208955
14809,-0.09900738333684252,37.75232907641089
14810,3.973085284695029,52.672539412149625
14811,-6.469441489463824,44.762817252329505
14812,136.8445609801514,34.74181014686884
14813,25.122854410582775,40.210229634019626
14814,-1.7068971552786052,50.7366861693823
14815,-76.11972921992339,25.809891485762734
14816,3.6282162531991116,52.53064306288542
14817,116.53268084055422,-22.773328502153063
14818,-8.737374652620012,42.30932707920185
14819,-80.83440999796838,30.857228461878385
14820,7.851142425126589,53.43513259701096
14821,12.532887760906569,54.82100831942121
14822,5.45252126697259,52.825156220074035
14823,-9.137436625985712,36.99413717633427
14824,-5.756111868005909,49.78796610288643
14825,-15.908643796500206,27.077326263309814
14826,-5.949309987296915,52.94183470515628
14827,138.4965019916983,35.0336175651456
14828,-122.06613055465375,34.17360109761961
14829,4.028845864449066,51.310980077550084
14830,103.7550934965174,1.188785878429431
14831,12.050845465000009,56.99736025750002
14832,-81.10150591626324,30.686788349279045
14833,-15.340876214515408,28.197902092421195
14834,-5.164180973335398,36.83339431578675
14835,17.019074823057647,56.401910909436104
14836,174.20761286942033,-41.62997953007249
14837,-9.071814597313333,41.35668077506665
14838,-2.6319282090624774,43.731786885775875
14839,-122.59307109644482,37.47798002723657
14840,115.67440134441233,-32.04371521751973
14841,6.68242036896124,53.38336067151864
14842,4.372501754942092,52.3826908779015
14843,25.19649636001479,60.21452217412998
14844,10.86069091787485,53.94371974789423
14845,1.9305310181818174,51.230625054545406
14846,54.73045324943817,24.999441931487617
14847,115.66487386298073,-31.93884345389416
14848,-1.3899461572070917,50.500231718115735
14849,18.3509711319535,54.45181184275606
14850,2.9290315388011603,51.32076691029144
14851,10.329229770704844,41.48893600823108
14852,4.73761970169247,52.3179063252837
14853,3.3435999445354985,52.36972841321281
14854,-9.613645344136415,43.84013276816586
14855,7.704742291968253,55.0994432051147
14856,11.469054695012392,41.72833950720283
14857,-73.06401076135474,40.9398178585902
14858,13.544533580874386,39.31965996360558
14859,-2.703217617223313,48.48767315224931
14860,12.771004523487063,54.76209445047283
14861,3.0743938418481207,51.39774623085136
14862,6.038677840015805,52.031364103835685
14863,8.00147158709399,53.7883523045642
14864,2.512995946087994,51.296783484372526
14865,4.263121469597795,52.73208072996187
14866,173.93250879771676,-42.00619531080104
14867,2.163548340552203,51.71728498703802
14868,-75.12141144849227,38.834226442138444
14869,-5.762810909368109,50.54260029650942
14870,116.08775657256243,6.042440148467322
14871,7.338550143162951,43.61893752005159
14872,18.811682888517495,57.81765775393965
14873,29.46792745591155,40.712426040664816
14874,27.209021399999987,-28.36229345000002
14875,-121.76169258408441,39.40155959577226
14876,-0.7061813089243623,50.625728862342
14877,9.509036019057863,55.97518466761634
14878,-122.44304987338447,47.34506786491647
14879,-109.47217348214377,25.147368129640594
14880,5.026289635546318,53.23977786059004
14881,2.6475649818122724,51.207833938321336
14882,8.526977939603201,53.57189605510339
14883,2.00608260239399,52.99181696878393
14884,135.52626470790156,33.93297160461653
14885,-93.93669971561249,29.86278487156774
14886,29.283772328840058,40.84544922758102
14887,-66.5787441211111,43.228885287777764
14888,-9.309135246682253,42.85363502557013
14889,-12.768369736239693,34.800284913564816
14890,10.785503933518775,57.41606071226319
14891,-46.63893715887568,-25.21922160936508
14892,175.6115617695141,-37.65286117956927
14893,-12.602696628876444,31.59491545891975
14894,2.4275120799334124,40.96894572351829
14895,0.4237979668791062,51.009048406939144
14896,-2.4741690686600935,49.17146742584251
14897,-122.47934330170169,47.32555885656903
14898,11.27011518278004,39.986394036619146
14899,10.029023412441486,41.98727451287823
14900,124.50278920424836,-33.095478721229284
14901,137.3879543767108,34.86587018393059
14902,136.82772934729886,34.73906422185816
14903,-46.765331279785705,-24.342466805624735
14904,19.310782329472307,37.75873318376895
14905,4.106041938489733,51.30923876761813
14906,-4.664491007872607,51.046583394055304
14907,-12.780204047119078,34.36606028642845
14908,-0.8740105715789797,37.12653951095353
14909,-14.042401068289896,29.308639756067173
14910,4.288385612972792,52.222518590647915
14911,3.3029499495963575,51.410255649701355
14912,13.813160321669695,56.118157465692605
14913,6.817352667249402,53.136705546643846
14914,-0.05718640680004597,37.76748437096932
14915,6.785488864510667,53.26427996921256
14916,16.954872601601878,40.71737702683781
14917,-14.846884123915855,29.86630690413061
14918,-0.70772217993416,50.4448880281063
14919,1.7716463864971486,51.17078458711668
14920,27.21149349999999,-28.358844350000023
14921,20.628572586235677,57.86816053049497
14922,3.4480502466987066,51.39946294136544
14923,2.7336972249896867,51.18604453950139
14924,2.7336972249896867,51.18604453950139
14925,4.1015873680026775,51.28663783113191
14926,0.016980218750255825,39.53461312796114
14927,-122.4426421587378,47.31709908637828
14928,31.76448906910996,35.94716221937172
14929,9.817933736882678,42.081049512051976
14930,7.946825198216933,53.362199862101214
14931,-5.947920991535094,43.28647254344535
14932,31.470407012896864,36.24053203520856
14933,1.7942014496686778,52.913852007907145
14934,13.545681490598486,37.850608613095304
14935,7.790083155990577,53.65645446039006
14936,4.5355752128574895,52.37093361935236
14937,3.7857579919201294,52.67549781576928
14938,-7.62519662328929,38.16318893460091
14939,-6.476713164463823,44.7594889273295
14940,-2.2858502102589333,50.80839563477889
14941,6.227764033852918,52.598199612722695
14942,16.28223271934312,56.325244185970995
14943,-118.91826395241482,33.09951314982684
14944,25.10817921534469,40.214567719733914
14945,-8.190392521958259,43.85492295482008
14946,10.463860288754143,55.45634654981467
14947,-1.7068971552786052,50.7366861693823
14948,-5.918758932877441,49.87898522307773
14949,1.0615609159546595,40.445846332749895
14950,24.759417062265758,59.91891348223089
14951,-75.13603199090895,38.54773283449628
14952,7.990661079767598,53.39296515174607
14953,8.97706963537643,55.5095289729362
14954,-2.4764035686600936,49.16986182584252
14955,-46.63893715887568,-25.21922160936508
14956,-12.768369736239693,34.800284913564816
14957,173.93250909771675,-42.00619451080103
14958,29.283772328840058,40.84544922758102
14959,-46.7656950797857,-24.342879105624732
14960,-0.007248530029552436,51.134702528312594
14961,174.20752036942034,-41.62963915507248
14962,7.715911591968253,55.103397305114704
14963,10.329231487371509,41.48893679156441
14964,6.131202426972571,52.084364315886425
14965,1.9282455181818177,51.23119465454542
14966,138.4965019916983,35.0336175651456
14967,17.01760464805765,56.40159120943613
14968,19.310781933013974,37.75873269189394
14969,-8.737374652620012,42.30932707920185
14970,25.19649636001479,60.21452217412998
14971,-105.44116763886377,18.990483482634577
14972,10.86069091787485,53.94371974789423
14973,1.8497299902642828,52.900638063381535
14974,115.66487711893313,-31.938838339608445
14975,54.73045324943817,24.999441931487617
14976,-5.949973579042948,52.943620542378504
14977,-1.3899461572070917,50.500231718115735
14978,2.9290315388011603,51.32076691029144
14979,13.813162301669697,56.11816011735926
14980,18.35096956891656,54.45181269478565
14981,4.028845864449066,51.310980077550084
14982,3.395291146249784,52.38588040806997
14983,4.73761970169247,52.3179063252837
14984,-118.92218087324814,33.103484487326845
14985,103.7550934965174,1.188785878429431
14986,12.004545181825403,57.059849158769836
14987,13.544533580874386,39.31965996360558
14988,-2.703253617223313,48.487654852249314
14989,3.0797512018481203,51.39804991751803
14990,-12.611832742435762,31.61232915214009
14991,137.3879543767108,34.86587018393059
14992,4.263121469597795,52.73208072996187
14993,-81.10150591626324,30.686788349279045
14994,-15.340876214515408,28.197902092421195
14995,2.1635758405522028,51.71703948703802
14996,1.9313603379761082,51.1502965760897
14997,-9.573073745588657,43.958938154237984
14998,116.08776687256244,6.042468948467322
14999,7.338550143162951,43.61893752005159
15000,18.8137954085175,57.82008076393966
15001,-0.7061813089243623,50.625728862342
15002,5.0065340107069245,53.22282128228968
15003,-122.44304987338447,47.34506786491647
15004,0.016980218750255825,39.53461312796114
15005,2.6475649818122724,51.207833938321336
15006,-14.034335605908941,29.317374980352884
15007,8.523352752702017,53.57337928545031
15008,2.00608260239399,52.99181696878393
15009,135.67846861769013,33.972841885130634
15010,-93.93669971561249,29.86278487156774
15011,-78.95913920698095,28.3265374497233
15012,-66.47613062111108,43.26788428777776
15013,10.785503933518775,57.41606071226319
15014,175.57116196951415,-37.63439027956926
15015,2.598118826743771,38.75438957774827
15016,-9.078340094813331,41.338782075066646
15017,-121.8404415840844,39.50822849577226
15018,0.4279402549996737,51.01150134275475
15019,-75.11744272944466,38.815209573090826
15020,7.946825198216933,53.362199862101214
15021,-14.854755765510973,29.821742793461517
15022,124.50342490424835,-33.094890721229284
15023,8.020464529316213,53.791050419008634
15024,2.4279282799334125,40.96919742351829
15025,-122.47934330170169,47.32555885656903
15026,7.803448580807352,53.41439772680841
15027,11.213990444318501,40.04916469623453
15028,25.03978257784469,40.186423044733914
15029,-8.191009455291592,43.85681158815342
15030,-109.42609817485274,25.196142614600593
15031,6.332736611440656,52.64428916373023
15032,-2.63174714239581,43.72966198577588
15033,27.20885299999998,-28.36198115000002
15034,11.469054695012392,41.72833950720283
15035,-0.9030123631648447,37.123187757021185
15036,3.3029499495963575,51.410255649701355
15037,-122.06769170465374,34.174514247619605
15038,10.025329712441486,41.97993946287823
15039,12.771004523487063,54.76209445047283
15040,115.67438386155519,-32.04371176555544
15041,2.512995946087994,51.296783484372526
15042,3.4480502466987066,51.39946294136544
15043,7.790193985990578,53.65656926039006
15044,31.763912169109958,35.94807171937172
15045,-7.666120275914442,38.16411079232832
15046,-5.272376762171221,36.86624877231457
15047,31.46694991289686,36.243081235208564
15048,4.535575971190823,52.370933904590444
15049,-2.2858502102589333,50.80839563477889
15050,-122.59307109644482,37.47798002723657
15051,-5.9436768082017615,43.28664567677869
15052,7.990661079767598,53.39296515174607
15053,-12.771538490637598,34.383973999391415
15054,3.9952766049274775,52.107268508601074
15055,-9.137436625985712,36.99413717633427
15056,3.702914361918647,52.67413495972548
15057,1.0617768159546594,40.4467520327499
15058,6.8173531405827354,53.13670566664384
15059,16.3285526947761,56.34995425704838
15060,6.68242036896124,53.38336067151864
15061,10.452821888754142,55.49032394981467
15062,-6.529504673989038,44.760814320807185
15063,136.82772934729886,34.73906422185816
15064,4.106041938489733,51.30923876761813
15065,-0.01799374020663935,37.77293710140888
15066,-4.619998831279593,51.03870518528396
15067,-1.7068971552786052,50.7366861693823
15068,6.7891361645106665,53.26481146921255
15069,-5.911458825631063,49.889495091193666
15070,27.240232099999986,-28.327129350000018
15071,24.75795287893243,59.91705556139754
15072,-75.13603199090895,38.54773283449628
15073,-0.6608713216008266,50.4558369281063
15074,2.7336972249896867,51.18604453950139
15075,2.7336972249896867,51.18604453950139
15076,4.1015873680026775,51.28663783113191
15077,17.270169701601876,40.715296626837805
15078,20.628572586235677,57.86816053049497
15079,-9.245555959458912,42.989463660580185
15080,-122.4426421587378,47.31709908637828
15081,13.772518468803614,37.83416682226197
15082,9.817933736882678,42.081049512051976
15083,4.368321167030004,52.37838291526414
15084,1.7716463864971486,51.17078458711668
15085,-75.11744272944466,38.815209573090826
15086,-105.44116763886377,18.990483482634577
15087,1.9375019976919299,51.15893342574409
15088,-12.623159985149476,31.584257822074104
15089,1.8842713367305424,52.88629728343685
15090,-5.944583009629135,52.92516906708054
15091,54.73045324943817,24.999441931487617
15092,-4.598708405210569,36.66161746045999
15093,-0.7061813089243623,50.625728862342
15094,17.15791092640692,56.43866316285717
15095,-122.0561190694686,34.1695561939159
15096,137.3879543767108,34.86587018393059
15097,29.283772328840058,40.84544922758102
15098,19.45382444536818,37.70824510458276
15099,-46.76509710478569,-24.342707109791405
15100,-12.803370876603763,34.44912388706914
15101,10.329230570704842,41.488935308231085
15102,11.869593608333343,57.18853480416666
15103,-5.367966607220711,36.946269696924766
15104,-0.01296045256441284,39.532064618278284
15105,7.803448580807352,53.41439772680841
15106,-93.93669145885777,29.86279132605831
15107,-66.10370504666663,43.40284329999999
15108,-12.800267637982568,34.82568737841345
15109,10.785503933518775,57.41606071226319
15110,175.77096686934402,-37.730679440726156
15111,11.122447435897447,40.05730033912926
15112,-9.075915894813333,41.34539185006666
15113,0.6476242454278287,50.99758622802337
15114,124.50577412202611,-33.09424915900706
15115,-122.47934330170169,47.32555885656903
15116,115.67437555904144,-32.04370719923523
15117,-122.59416352834205,37.475691180082414
15118,6.68242036896124,53.38336067151864
15119,-9.137436625985712,36.99413717633427
15120,-8.70575729580183,42.321050915565486
15121,4.348293146841489,52.366474009580664
15122,25.19649636001479,60.21452217412998
15123,10.86069091787485,53.94371974789423
15124,115.6647766393881,-31.938806875193062
15125,-1.608987541836485,50.438918111506
15126,18.327221091391433,54.46782081889428
15127,2.9290315388011603,51.32076691029144
15128,13.597611078884576,56.07341936730073
15129,4.73761970169247,52.3179063252837
15130,3.461010011304729,52.41360965631173
15131,7.857057919302613,55.14187662444445
15132,-118.92211617824817,33.10714024732684
15133,103.69284383676569,1.2323529740617496
15134,4.028845864449066,51.310980077550084
15135,27.240624599999983,-28.332640650000016
15136,-0.05148361851522001,38.32609633599432
15137,-2.7120502793631793,48.48435371532109
15138,13.544533780874385,39.319659663605584
15139,3.132243498779957,51.39515022785964
15140,6.303641373402801,52.15187921241658
15141,4.263121469597795,52.73208072996187
15142,-81.09836067626324,30.689754809279044
15143,-15.340876214515408,28.197902092421195
15144,-15.954487146500208,26.859028036643146
15145,2.118784260552203,51.723642407038014
15146,-109.39282532843376,25.232347837799562
15147,3.4480502466987066,51.39946294136544
15148,8.044532808482877,53.7948550081753
15149,116.08776417133355,6.042449417860563
15150,7.392762169098421,43.62863698612936
15151,18.787103738517498,57.80552107893965
15152,29.46792745591155,40.712426040664816
15153,-9.572533545588657,43.959019754237985
15154,-78.86049388752515,28.35347853387296
15155,16.648820057819183,56.52153793600918
15156,27.207473799999985,-28.367509550000012
15157,6.827864844365945,53.139150348428856
15158,-5.800301446011142,35.99530400539698
15159,-121.59393756089601,39.12985485555486
15160,-0.9248384657189571,37.15176810321744
15161,-2.6433923292403643,49.04775010230769
15162,23.277654787573375,37.77917951029351
15163,136.83696009813445,34.73856254990907
15164,-14.902643369022853,29.728418426671514
15165,138.49546552503162,35.02810278181226
15166,-122.44304987338447,47.34506786491647
15167,4.971227690720997,53.232079627382355
15168,2.647561681812272,51.20783679601365
15169,7.946825198216933,53.362199862101214
15170,4.106041938489733,51.30923876761813
15171,-2.6741027257291434,43.742363019109206
15172,7.790335097657244,53.65606875539005
15173,6.782307884510667,53.26383699921255
15174,3.3029499495963575,51.410255649701355
15175,11.483271981591697,41.70232077396589
15176,12.771004523487063,54.76209445047283
15177,-8.188387471958258,43.85333317148675
15178,-4.455679790803996,51.15927008597243
15179,-0.5820877927913025,50.456811101544254
15180,-75.16074594393923,38.51986033836833
15181,13.828516336964135,37.81791326704107
15182,1.7716463864971486,51.17078458711668
15183,17.379289654113737,40.719546543095056
15184,20.51511210896376,57.7773128427158
15185,10.035322752862943,41.982648281077466
15186,21.49641930458074,58.99324685277435
15187,-13.981101805097474,29.410152135620955
15188,31.793069769109945,35.90084291937169
15189,3.7698133942673953,52.725387066393814
15190,8.520252486821336,53.57256054220542
15191,-5.951758693201761,43.28824405177869
15192,2.512995946087994,51.296783484372526
15193,31.49706821289685,36.196665635208525
15194,10.46643098875414,55.494709299814666
15195,-6.518223632322371,44.79942512358496
15196,25.04809137299019,40.18349551651963
15197,0.05918962614256703,37.81707223863111
15198,4.459636498164508,52.383439318840644
15199,-1.7068971552786052,50.7366861693823
15200,-7.665104322709314,38.161626411078316
15201,-2.219126053116076,50.82457012525508
15202,6.601965128714841,52.8350648732337
15203,2.0192344388866847,52.98868358862666
15204,24.698304069513657,59.91275157158661
15205,7.990661079767598,53.39296515174607
15206,2.428161279933413,40.96571142351829
15207,2.5685972088912075,38.76554815819699
15208,3.776991451951287,51.99122917229156
15209,-5.742794936245099,49.88745050066735
15210,136.02761360285618,34.045583522160875
15211,9.817933736882678,42.081049512051976
15212,-5.658574063381848,49.824045393550605
15213,1.2436584159546593,40.533241732749886
15214,-9.212727713727203,43.03893101345475
15215,-122.4426421587378,47.31709908637828
15216,2.733122936030875,51.18610842565151
15217,2.733122936030875,51.18610842565151
15218,4.1015873680026775,51.28663783113191
15219,3.6925577401739016,52.53584018707029
15220,137.3879543767108,34.86587018393059
15221,29.46792745591155,40.712426040664816
15222,2.0462879296125123,51.220596949626376
15223,-4.318943723678477,51.0845127349372
15224,-0.05148361851522001,38.32609633599432
15225,10.329229970704844,41.488935308231085
15226,-121.58159976089601,39.132449555554864
15227,-0.01705260376692619,51.13746000962572
15228,-8.188273121958257,43.85243232148676
15229,-12.843554072960039,34.56530994759545
15230,-0.012412485977016883,39.53287420650659
15231,-5.367966607220711,36.946269696924766
15232,-9.069362528157113,41.408169945735146
15233,-7.069258570091726,47.01622148923072
15234,19.342488529472305,37.751079018054654
15235,-46.845819579785704,-24.41540380562474
15236,8.037069384695844,55.2020879384103
15237,6.247899349076256,52.14347158198377
15238,116.08775910466692,6.042447876193897
15239,7.437015585381371,43.64560025450048
15240,18.794035888517495,57.80637095393965
15241,12.127524815808824,54.75636978869089
15242,138.4935331826074,35.02145124772135
15243,-0.7061813089243623,50.625728862342
15244,-122.44304987338447,47.34506786491647
15245,4.984616510720997,53.20258670738235
15246,2.647561681812272,51.20783679601365
15247,8.450856416991003,53.558511331027084
15248,2.0192344388866847,52.98868358862666
15249,136.07452542368952,34.06315415132754
15250,-93.93669971561249,29.86278487156774
15251,-65.67327052111108,43.60004468777776
15252,-5.803398485296856,35.991721989920784
15253,29.283772328840058,40.84544922758102
15254,17.039532214724314,56.401793169436104
15255,10.785503933518775,57.41606071226319
15256,175.78520026540463,-37.71791049077666
15257,-4.60350214912474,36.654316728862966
15258,0.8165676545007322,51.026811282134084
15259,124.5051390220261,-33.094507775673726
15260,3.31944053857521,51.45937267018612
15261,-122.47934330170169,47.32555885656903
15262,-122.59416352834205,37.475691180082414
15263,115.67437196414065,-32.04370596980758
15264,12.771004523487063,54.76209445047283
15265,-9.180464125985713,36.917169976334264
15266,6.68242036896124,53.38336067151864
15267,-5.75334574686811,50.56217765900943
15268,7.803448580807352,53.41439772680841
15269,4.340549971617266,52.36328860240887
15270,-8.70575729580183,42.321050915565486
15271,2.911210056392379,38.78667121116042
15272,102.01816935213026,8.766591873589684
15273,115.66478212010237,-31.93879172947878
15274,-1.3899461572070917,50.500231718115735
15275,-5.949255587296915,52.941597605156275
15276,20.51511210896376,57.7773128427158
15277,12.727754693021868,56.080635852378045
15278,8.04952364598288,53.79734365817529
15279,2.9290315388011603,51.32076691029144
15280,-12.800664460031749,34.87773584339689
15281,18.327219482134794,54.46782065315676
15282,3.548019979825881,52.42700425006342
15283,4.73761970169247,52.3179063252837
15284,10.55254099290425,40.10758016858503
15285,3.4480502466987066,51.39946294136544
15286,4.028845864449066,51.310980077550084
15287,-9.573073745588657,43.958938154237984
15288,-118.48060236491484,33.02638155399352
15289,103.7073733708044,1.249945235002582
15290,11.792896915000007,57.2809533575
15291,16.75156684320241,56.547318194831995
15292,7.946825198216933,53.362199862101214
15293,25.038277468916117,40.18607779651963
15294,-2.7181313593631797,48.47987346032108
15295,-9.11659675780048,43.19361989948925
15296,-109.36876259698393,25.256157468520044
15297,116.46031472227936,-22.941361251568267
15298,-2.5533354482879833,49.01164891111722
15299,3.1652676357975,51.39534890250876
15300,2.428017679933413,40.967362423518296
15301,3.408416904892462,51.85557718258568
15302,31.793574191666675,35.89893210833331
15303,-7.665772926875981,38.16387844232832
15304,-5.747059211409761,49.80268947980707
15305,6.340816348896847,52.7311885353651
15306,13.544533780874385,39.319659663605584
15307,-5.959126191535096,43.28889379344535
15308,2.512995946087994,51.296783484372526
15309,4.263121469597795,52.73208072996187
15310,-13.87106247859315,29.44289136640198
15311,10.86069091787485,53.94371974789423
15312,-2.1615913259068624,50.80395634402072
15313,0.1301602967679163,37.85936231254928
15314,-81.10150591626324,30.686788349279045
15315,-78.86062278752516,28.354487033872957
15316,7.990661079767598,53.39296515174607
15317,4.459635631497841,52.383439385507316
15318,1.2399875016689448,40.532511618464184
15319,6.798336644215794,53.11996447429222
15320,24.69885774951366,59.91035420491995
15321,27.210083999999984,-28.362362750000017
15322,-15.340876214515408,28.197902092421195
15323,-0.9452163020864784,37.166040580760175
15324,7.747117773907243,53.63755347539006
15325,6.784246864510667,53.263899069212556
15326,25.19649636001479,60.21452217412998
15327,11.526000881615483,41.6762182766613
15328,4.106041938489733,51.30923876761813
15329,-122.4426421587378,47.31709908637828
15330,2.733122936030875,51.18610842565151
15331,2.733122936030875,51.18610842565151
15332,4.1015873680026775,51.28663783113191
15333,-75.16074594393923,38.51986033836833
15334,13.828516336964135,37.81791326704107
15335,21.49474759346963,58.99108141944102
15336,12.527751455257178,55.08149459582539
15337,9.817933736882678,42.081049512051976
15338,1.7616747916695623,51.17645398884081
15339,3.3029499495963575,51.410255649701355
15340,-15.962524846500212,26.94555723664315
15341,-0.4842661702106574,50.50020714025393
15342,10.034554052862942,41.97858111441079
15343,-2.6785099673958097,43.74804051910921
15344,3.955405523827905,52.77520719526705
15345,27.243218499999983,-28.326947050000015
15346,17.432197095780406,40.75468720976173
15347,10.561008636254142,55.502381381481335
15348,23.277654787573375,37.77917951029351
15349,2.118815140552203,51.72291328703802
15350,-6.409147202485216,44.7911264198711
15351,136.83696009813445,34.73856254990907
15352,-14.966299970913937,29.605569457138355
15353,31.497126312896864,36.19549393520854
15354,-1.7068971552786052,50.7366861693823
15355,-5.880814451345348,49.8920640940508
15356,3.31944053857521,51.45937267018612
15357,10.55254099290425,40.10758016858503
15358,29.283772328840058,40.84544922758102
15359,1.9563599078191292,52.67196161477882
15360,-8.04676952195826,43.95151292148675
15361,-15.96443938650021,26.93488535664315
15362,174.20790546942033,-41.62379473007249
15363,-105.37279978361865,18.95951574548277
15364,8.11818931630034,53.81845893658799
15365,20.51511210896376,57.7773128427158
15366,8.682965376114154,55.2941302502665
15367,-2.6759355403124765,43.749961152442545
15368,102.02294322713026,8.767019398589683
15369,29.46792745591155,40.712426040664816
15370,138.50055249111668,35.01962320835484
15371,17.03806191472432,56.401474369436116
15372,0.04680389577049443,38.3348730074229
15373,10.88802761412121,40.165460619
15374,16.85462633282307,56.61060689086716
15375,-5.952388968838866,52.94528593036036
15376,11.963483497001462,55.851795113058316
15377,4.028845864449066,51.310980077550084
15378,4.73761970169247,52.3179063252837
15379,-9.573073745588657,43.958938154237984
15380,-118.42691881491486,33.026298770660176
15381,103.62673889807645,1.3133502615566643
15382,3.6078744172862334,52.435910362505254
15383,11.781694065158735,57.288159425436504
15384,137.3879543767108,34.86587018393059
15385,-2.7181673051207556,48.4798549375938
15386,7.946825198216933,53.362199862101214
15387,3.1698283379403573,51.39510190417542
15388,6.188885171346052,52.12394866134004
15389,-0.03138798023751443,51.135417074331606
15390,13.544533580874386,39.31965996360558
15391,4.263121469597795,52.73208072996187
15392,-81.10150591626324,30.686788349279045
15393,-15.340727177600336,28.198043055411727
15394,2.118815040552203,51.722913087038016
15395,2.202104909744083,51.35535559148006
15396,116.08776663800025,6.042478259527229
15397,7.437015585381371,43.64560025450048
15398,18.8137954085175,57.82008076393966
15399,3.6925577401739016,52.53584018707029
15400,-122.44304987338447,47.34506786491647
15401,-0.7061813089243623,50.625728862342
15402,2.647561681812272,51.20783679601365
15403,-0.012412485977016883,39.53287420650659
15404,4.9823273168613476,53.203673521709845
15405,8.444102865486514,53.558711699781064
15406,0.1357969558155353,37.87730145826356
15407,-4.6046206730876245,36.65451535955046
15408,2.0192344388866847,52.98868358862666
15409,3.013802988407081,38.83951532621366
15410,-93.93669971561249,29.86278487156774
15411,136.07390312368952,34.06310725132754
15412,-65.10820674111108,43.84682123920635
15413,7.803448580807352,53.41439772680841
15414,-75.55955413194718,26.254805191477026
15415,10.785503933518775,57.41606071226319
15416,175.78385990959126,-37.64873990881807
15417,136.83696009813445,34.73856254990907
15418,-9.06755170531623,41.43998557192562
15419,124.50340805258165,-33.094835189562616
15420,0.8937049101230017,51.00044746411614
15421,-122.47934330170169,47.32555885656903
15422,19.3459378623567,37.75089292876182
15423,-46.846184479785705,-24.415777005624737
15424,-12.913009087824541,31.606792611828997
15425,-9.180464125985713,36.917169976334264
15426,-122.59416352834205,37.475691180082414
15427,115.67437075302955,-32.04370612536314
15428,6.68242036896124,53.38336067151864
15429,-8.70575729580183,42.321050915565486
15430,4.336109653435448,52.360007202408866
15431,-5.367966607220711,36.946269696924766
15432,-13.838717207906875,29.42106596172877
15433,-15.01543667683587,29.509375136590492
15434,-75.16074594393923,38.51986033836833
15435,3.153038366615512,51.755170540256444
15436,6.7891361645106665,53.26481146921255
15437,-5.799731535296856,35.99272883992078
15438,12.771004523487063,54.76209445047283
15439,115.66478212010237,-31.93879172947878
15440,12.053527715808823,54.7539677886909
15441,116.46173913227938,-22.93542953656827
15442,-2.5532615482879835,49.009255311117215
15443,-109.38632662913365,25.235443173241944
15444,13.849395739936721,37.81417646961683
15445,2.512995946087994,51.296783484372526
15446,31.49266341289686,36.19960813520855
15447,3.4480502466987066,51.39946294136544
15448,31.79264929166667,35.90026730833331
15449,-7.667424363190653,38.168642572734555
15450,23.277654787573375,37.77917951029351
15451,-5.952833108201761,43.28893137677869
15452,-1.3899461572070917,50.500231718115735
15453,-78.86412248752515,28.35435693387296
15454,2.733122936030875,51.18610842565151
15455,2.733122936030875,51.18610842565151
15456,7.990661079767598,53.39296515174607
15457,2.4279982799334126,40.9692609235183
15458,10.86069091787485,53.94371974789423
15459,-5.880739184678682,49.89120146071747
15460,-2.159882550906863,50.80417426902072
15461,6.798336644215794,53.11996447429222
15462,24.69897960336287,59.90942499547551
15463,4.1015873680026775,51.28663783113191
15464,12.541384221923842,55.08691112915872
15465,7.747228550061091,53.63766837154392
15466,4.459636060664506,52.38343986796764
15467,-12.827776149115714,34.75142328986818
15468,-8.919084415381253,43.425501049534866
15469,-122.4426421587378,47.31709908637828
15470,10.030860352862941,41.9712460644108
15471,27.20984189999998,-28.359893250000017
15472,9.817933736882678,42.081049512051976
15473,-5.745924325100237,49.789036385164216
15474,18.327218028067016,54.46782191370933
15475,1.0774611683356117,40.45531726846417
15476,21.49127199346963,58.98697396944102
15477,25.03114675284469,40.18963730723392
15478,6.2828320178782375,52.70800845791355
15479,-0.9389837805280371,37.16696595547879
15480,25.19649636001479,60.21452217412998
15481,4.055166086551274,52.81335282525412
15482,4.106041938489733,51.30923876761813
15483,-4.221939876336511,51.10031525976935
15484,10.62948283625414,55.48922048148134
15485,-12.80997206859629,34.94556190436058
15486,11.558968957751999,41.6275990675306
15487,-6.4691211327882465,44.77952166608322
15488,27.239854799999986,-28.326380050000015
15489,-5.752023242701442,50.547734429842755
15490,-0.43023046765531087,50.5031703797934
15491,-1.7068971552786052,50.7366861693823
15492,1.7616747916695623,51.17645398884081
15493,3.3029499495963575,51.410255649701355
15494,2.9290315388011603,51.32076691029144
15495,17.427775695780404,40.75380070976172
15496,12.771004523487063,54.76209445047283
15497,136.8529863416127,34.737986212409076
15498,0.22996906544438683,37.91213428965712
15499,-0.07419356459615882,51.136752594741296
15500,-12.672193523982736,31.36723390211147
15501,3.6925577401739016,52.53584018707029
15502,-5.946938799425054,52.92687845506241
15503,11.802608108333343,57.26090650416666
15504,-64.54866850666662,44.08078381184523
15505,-46.8454352297857,-24.4156833222914
15506,-16.020579586500205,26.533561256643146
15507,20.51511210896376,57.7773128427158
15508,115.66478478799257,-31.938685298053333
15509,7.749434835817944,53.63847850218353
15510,-1.608987541836485,50.438918111506
15511,-4.6426106064209565,36.675483128300456
15512,18.315803732555764,54.469755317211536
15513,2.9290315388011603,51.32076691029144
15514,11.229030689144315,55.686540908548515
15515,4.028845864449066,51.310980077550084
15516,3.5405732194840356,52.425959320747005
15517,9.637833262869718,55.50066487747515
15518,4.73761970169247,52.3179063252837
15519,-9.572533545588657,43.959019754237985
15520,-118.15517026158153,32.97344093066018
15521,103.75386591363635,1.2517945409585607
15522,13.544533780874385,39.319659663605584
15523,-2.7098275291293707,48.47814452365637
15524,7.946825198216933,53.362199862101214
15525,4.263121469597795,52.73208072996187
15526,3.302318670794954,51.39490891348712
15527,6.282811426445027,52.22578519366231
15528,-2.0733002937640053,50.80786995949691
15529,-81.09836067626324,30.689754809279044
15530,-15.340839184901107,28.19832086714483
15531,2.0766720605522027,51.73005530703801
15532,-4.113952132510334,51.16057876046147
15533,-5.389553528877579,36.95584012420387
15534,116.08776487197616,6.042467911334047
15535,7.526763980377398,43.641195081012484
15536,18.786089288517502,57.79534753893966
15537,-0.7061813089243623,50.625728862342
15538,138.4988336808084,35.01835080650574
15539,-122.44304987338447,47.34506786491647
15540,2.647561681812272,51.20783679601365
15541,8.426976644200215,53.56206116178204
15542,2.0199445560710236,52.98077556503681
15543,136.07452542368952,34.06315415132754
15544,29.283772328840058,40.84544922758102
15545,-93.93669899675172,29.86278453846527
15546,17.030580026406927,56.38967826285718
15547,10.85756328253393,57.422233689679864
15548,175.78341325349984,-37.69185370299888
15549,2.9319431233449564,38.686363803648064
15550,-9.057979047908825,41.49083963766637
15551,0.9089202757028371,50.97530079432753
15552,124.50576629702611,-33.09423830067372
15553,-122.47934330170169,47.32555885656903
15554,19.342488554697475,37.75107883170258
15555,-12.7566070865507,35.15303162020279
15556,7.803448580807352,53.41439772680841
15557,-0.056125909430006865,38.32760029207202
15558,-0.04183408597701687,39.531629946506584
15559,-122.5988238745653,37.36361333846955
15560,-109.81042040453123,24.852816061318528
15561,115.6743498509191,-32.0436959887164
15562,-9.180464125985713,36.917169976334264
15563,9.817933736882678,42.081049512051976
15564,6.686053956840027,53.423081439700454
15565,-8.70572439580183,42.32106047270834
15566,23.277654787573375,37.77917951029351
15567,4.336109653435448,52.360007202408866
15568,102.02242537713028,8.764791073589684
15569,27.267976999999984,-28.30088465000002
15570,-0.9044265292325187,37.19626027020568
15571,4.38962138038673,52.38969810467398
15572,-5.75624724686811,50.54434559234276
15573,-2.586018589576499,48.97403985330208
15574,-105.1617668337643,18.859567188138445
15575,11.19145431412122,40.132921118999995
15576,-75.17913767961176,38.50507005181863
15577,-5.807683513868285,35.98308874706365
15578,1.7503437906618102,51.18111594349197
15579,-5.5805080255199915,49.88497168884646
15580,11.826743115808824,54.65442018869089
15581,-8.920384215381251,43.42542824953486
15582,3.4480502466987066,51.39946294136544
15583,31.817669791666667,35.858258808333304
15584,-7.6604915787019,38.145545904115835
15585,6.798336644215794,53.11996447429222
15586,2.512995946087994,51.296783484372526
15587,10.035322752862943,41.982648281077466
15588,3.196716788145339,51.82696252013885
15589,-78.86567245895372,28.355749019587243
15590,6.367971693323134,52.76939107670577
15591,-5.964863993201759,43.28910025177869
15592,31.51561701289685,36.16385153520853
15593,27.205136899999978,-28.365741250000013
15594,7.987014497557027,53.39294636685505
15595,1.2324173683356117,40.442698968464164
15596,25.321808185582785,40.275829196519624
15597,-122.4426421587378,47.31709908637828
15598,2.733122936030875,51.18610842565151
15599,2.733122936030875,51.18610842565151
15600,4.1015873680026775,51.28663783113191
15601,4.106041938489733,51.30923876761813
15602,2.428161279933413,40.96571142351829
15603,6.788260084510667,53.26399819921256
15604,-12.718845676376846,35.04295371591908
15605,21.49641930458074,58.99324685277435
15606,4.983664416861348,53.20418692170984
15607,13.86826055019313,37.80346157615529
15608,3.3029496412630244,51.410255541368024
15609,-5.672570595714271,49.78916629130456
15610,17.40116416727163,40.721196395726636
15611,-75.55973318301862,26.258180767191305
15612,116.46034434046119,-22.94655146671979
15613,12.526847298183188,55.0796010769421
15614,-13.707740861303224,29.59926483016906
15615,25.19649636001479,60.21452217412998
15616,1.9299264497989066,52.86548977414256
15617,3.960000579024392,52.79640801931327
15618,-6.488621587788247,44.76966849441656
15619,24.6320361642023,59.89929505528626
15620,-0.36122439875859713,50.52368209012203
15621,10.86069091787485,53.94371974789423
15622,11.546249314388424,41.636943412829
15623,-15.022702956765883,29.46748360398227
15624,10.716965736254137,55.54327908148133
15625,-1.7091744716628698,50.7370085172603
15626,31.170957799404114,36.97751550046768
15627,27.26600919999998,-28.29849175000002
15628,-2.1170867507387015,50.80087144553418
15629,174.20970296942033,-41.62499533007248
15630,11.768228098333338,57.29570902416666
15631,-105.00195060995479,18.77081451194797
15632,-4.607371903157119,36.65169772144104
15633,9.763642068425275,55.553903183030705
15634,6.282586113053898,52.22581973836986
15635,-4.12539394169037,51.084721191037815
15636,29.46792745591155,40.712426040664816
15637,138.49860884747505,35.018725789839074
15638,29.283772328840058,40.84544922758102
15639,17.04272151472432,56.394257769436116
15640,2.935921448463059,38.67467147867791
15641,-122.5988238745653,37.36361333846955
15642,115.67434184436246,-32.043694383769264
15643,-9.225058496819045,36.93647871383426
15644,6.686053956840027,53.423081439700454
15645,7.750157906733278,53.39179865517721
15646,116.46031334046118,-22.94136133338645
15647,-8.70572439580183,42.32106047270834
15648,4.336109653435448,52.360007202408866
15649,123.15700347363345,26.25250207563254
15650,115.66478478799257,-31.938685298053333
15651,-5.951611377092832,52.94330699313814
15652,54.691242277616205,24.998553236663355
15653,-1.3899461572070917,50.500231718115735
15654,18.315802998960343,54.46975558117503
15655,2.9290315388011603,51.32076691029144
15656,10.846409324620508,55.65937451640566
15657,3.5405732194840356,52.425959320747005
15658,4.73761970169247,52.3179063252837
15659,-9.573073745588657,43.958938154237984
15660,-118.01300858991488,32.97803930066018
15661,103.75132049887627,1.253958934145903
15662,4.028845864449066,51.310980077550084
15663,-2.7159421091293705,48.47360516865637
15664,3.307464681271144,51.39494899824903
15665,7.947247789363217,53.36397859972693
15666,13.544533780874385,39.319659663605584
15667,4.263121469597795,52.73208072996187
15668,-81.10150591626324,30.686788349279045
15669,-15.263027943299129,28.25375195645156
15670,1.9563599078191292,52.67196161477882
15671,2.0767029405522033,51.72932618703801
15672,3.6925577401739016,52.53584018707029
15673,7.823505156094516,53.69088284472563
15674,116.08775783864284,6.042469353000713
15675,7.582549883072098,43.65923649890131
15676,18.7930214385175,57.796197413939666
15677,-0.04183408597701687,39.531629946506584
15678,-0.7061813089243623,50.625728862342
15679,-122.44304987338447,47.34506786491647
15680,-5.394154420895478,37.02820237539893
15681,2.647561681812272,51.20783679601365
15682,102.02155055213026,8.761146273589684
15683,-16.027542427788088,26.625295176718897
15684,136.07452542368952,34.06315415132754
15685,8.422629287503737,53.562429868847666
15686,-93.93669899675172,29.86278453846527
15687,2.0199445560710236,52.98077556503681
15688,-64.56059178111107,44.081435799623016
15689,9.817933736882678,42.081049512051976
15690,20.487626321387996,57.76423308635218
15691,10.85756328253393,57.422233689679864
15692,175.81509331268654,-37.63148371881808
15693,-13.5476877072556,29.714355500407144
15694,3.4480502466987066,51.39946294136544
15695,25.312624968916122,40.27492629651963
15696,-9.057801987461671,41.572863992773065
15697,-75.5597248319472,26.258772491477025
15698,-78.86580135895373,28.35675751958724
15699,8.149180646362133,53.848741417937205
15700,25.19649636001479,60.21452217412998
15701,136.8529863416127,34.737986212409076
15702,-0.8898621375658522,37.214342976455676
15703,-121.554083420896,39.13143972555486
15704,-12.33460664582016,32.148131992510706
15705,0.942246285778888,50.9432143057137
15706,-5.80962751863019,35.98065605658744
15707,17.4540349089383,40.756296062393304
15708,-2.7386572027839757,48.80326526468038
15709,4.1015873680026775,51.28663783113191
15710,-122.47934330170169,47.32555885656903
15711,11.74800888247549,54.618234155357555
15712,0.04212992372025788,38.33814574035626
15713,6.798336644215794,53.11996447429222
15714,-8.886713762047917,43.48759101620154
15715,-122.0577691604548,34.14549671239806
15716,3.960000579024392,52.79640801931327
15717,-12.564731028575874,35.491941369739706
15718,-109.79049747152548,24.86287175092114
15719,124.50472849258169,-33.09454898956261
15720,1.7503437906618102,51.18111594349197
15721,1.9299264497989066,52.86548977414256
15722,-6.503996562788245,44.76196918608323
15723,4.96604931612312,53.17544991242965
15724,-1.7091744716628698,50.7370085172603
15725,-7.066945739296487,47.01635138190091
15726,11.581518616923875,41.61235772773927
15727,-15.056134546914382,29.357878796630075
15728,-0.07419356459615882,51.136752594741296
15729,-5.752331921868109,50.55049180900943
15730,31.51671361289685,36.16146613520854
15731,31.819407791666674,35.854976508333316
15732,10.86069091787485,53.94371974789423
15733,-7.660844414738485,38.1467477039329
15734,11.152138514121216,40.105444719
15735,-5.97519970820176,43.28996572677868
15736,24.632589844202297,59.896897688619575
15737,2.733122936030875,51.18610842565151
15738,2.733122936030875,51.18610842565151
15739,-75.17651496569424,38.516324909618184
15740,12.516909197743812,55.03789192340664
15741,3.1668022242800915,51.82339960372041
15742,-5.379813953765965,49.87758036304442
15743,19.342488621560218,37.75107897327121
15744,12.530393266353771,55.08661043584798
15745,7.986130934306053,53.39330191994772
15746,2.428017679933413,40.967362423518296
15747,-7.218725440745678,35.500991795694716
15748,10.034554052862942,41.97858111441079
15749,-46.8458206797857,-24.41536470562474
15750,14.101462862357742,37.72762379521543
15751,-5.749157991766904,49.786307135164215
15752,1.1755023683356116,40.43705826846417
15753,21.49329229346963,58.990664569441016
15754,4.137348825430801,51.32100310547194
15755,6.309405095001487,52.747866579608534
15756,-122.4426421587378,47.31709908637828
15757,-0.3082358292450532,50.546275214318804
15758,27.208235599999984,-28.36096215000002
15759,6.790199064510667,53.26406026921256
15760,3.3029496412630244,51.410255541368024
15761,2.4930593520339404,51.28875051717919
15762,4.389620847053397,52.38969829356288
15763,10.715686102920804,55.545485548148
15764,-12.647623889545862,35.337200667759916
15765,23.277654787573375,37.77917951029351
15766,136.8529863416127,34.737986212409076
15767,-81.10150591626324,30.686788349279045
15768,-16.032841688576266,26.628200870085074
15769,7.947247789363217,53.36397859972693
15770,-5.950994159949976,52.94141290813815
15771,9.817933736882678,42.081049512051976
15772,18.315803552590285,54.469756433437645
15773,138.49544423636394,35.01624622039463
15774,11.780423465158734,57.289243225436486
15775,-78.86577825895374,28.35633901958724
15776,17.041252614724318,56.39393876943613
15777,22.58578807822112,38.309232060362575
15778,24.633577774559452,59.89550565171483
15779,-15.136750366887016,29.188679877980185
15780,27.268346799999982,-28.297304050000015
15781,29.283772328840058,40.84544922758102
15782,-12.640413841926813,35.35560762649007
15783,-9.007342420401471,41.71341412159556
15784,-4.60650255315712,36.654003021441035
15785,-8.70572439580183,42.32106047270834
15786,2.733122936030875,51.18610842565151
15787,2.733122936030875,51.18610842565151
15788,0.04238308190207608,38.33910502944716
15789,-0.7061813089243623,50.625728862342
15790,-0.04183408597701687,39.531629946506584
15791,-122.44304987338447,47.34506786491647
15792,2.690241506159707,51.21283026691824
15793,136.07390312368952,34.06310725132754
15794,8.42163170526885,53.56233730873309
15795,2.063402318486219,52.964013999681995
15796,-93.93669899675172,29.86278453846527
15797,-64.48784020111106,44.10817949962301
15798,10.85756328253393,57.422233689679864
15799,175.80747910879762,-37.61971954437363
15800,0.9040164155950687,50.78756978217715
15801,124.50341263189792,-33.094782378451505
15802,174.23782336942034,-41.56751855507248
15803,19.34593795444461,37.750892883978366
15804,-122.47934330170169,47.32555885656903
15805,-46.846184479785705,-24.415777005624737
15806,-122.5988238745653,37.36361333846955
15807,-9.225058496819045,36.93647871383426
15808,115.67434063325136,-32.04369453932482
15809,3.4480502466987066,51.39946294136544
15810,6.686053956840027,53.423081439700454
15811,4.367287739709958,52.3758278488141
15812,11.117328314121211,40.094794719
15813,-109.77871981323825,24.872400587834996
15814,-2.012258233228434,50.8238893742832
15815,-12.353721887486827,32.13032797584404
15816,54.691242277616205,24.998553236663355
15817,3.6925577401739016,52.53584018707029
15818,115.6647831719336,-31.938655287811095
15819,-1.3899461572070917,50.500231718115735
15820,2.9290315388011603,51.32076691029144
15821,10.560080271287175,55.592764818072325
15822,7.7405247131583055,53.38994235842821
15823,4.73761970169247,52.3179063252837
15824,3.5405732194840356,52.425959320747005
15825,10.246337201777145,55.47632190850296
15826,-9.573073745588657,43.958938154237984
15827,-118.01018570991488,32.97793294066018
15828,4.028845864449066,51.310980077550084
15829,103.79944965393965,1.2282438121517492
15830,1.7503437906618102,51.18111594349197
15831,3.048629434455483,38.82685483134867
15832,20.260815540871832,57.70125624771706
15833,13.544533580874386,39.31965996360558
15834,3.328296549604476,51.38516751824903
15835,-2.715978748289724,48.473586961901304
15836,-121.63289342089598,39.24111862555487
15837,6.2227307424584914,52.21641614934768
15838,4.263121469597795,52.73208072996187
15839,-15.263096692529576,28.25424695930253
15840,123.15848647290619,26.250085876965873
15841,116.4617345254612,-22.935429451719784
15842,2.0767031405522034,51.72932608703802
15843,-8.761786262509128,43.51767556402421
15844,-3.873793831889515,51.02565058397639
15845,4.3896209428867285,52.38969865380097
15846,-122.4426421587378,47.31709908637828
15847,1.1340671433356118,40.42653936846416
15848,-0.911128408518233,37.20162842216997
15849,-122.05753671045478,34.14500516239806
15850,4.1015873680026775,51.28663783113191
15851,1.9563599078191292,52.67196161477882
15852,-13.524126936422263,29.754397502907146
15853,116.08777233864285,6.042494353000714
15854,7.66414629781426,43.66700316080241
15855,-4.081896310932215,49.9752130251168
15856,-5.229738529768213,37.19405084582917
15857,10.030860352862941,41.9712460644108
15858,27.206336499999978,-28.360641050000016
15859,102.02643642713025,8.761408998589683
15860,-0.06301371371177909,50.58685570641544
15861,6.3094053374978785,52.74786679840363
15862,4.137348825430801,51.32100310547194
15863,6.797759814510667,53.26556551921255
15864,23.277654787573375,37.77917951029351
15865,25.311349252844693,40.27674310723392
15866,2.4930593520339404,51.28875051717919
15867,12.508586330106354,55.031775131392415
15868,10.350780406035557,40.20778339065574
15869,7.893443335026141,53.775224360323925
15870,3.3029496412630244,51.410255541368024
15871,-7.062123742990065,47.031135354911996
15872,17.4524037339383,40.756914974893306
15873,6.798336644215794,53.11996447429222
15874,18.8157355585175,57.812003723939654
15875,-2.738583302783976,48.80087166468037
15876,2.4284434999334126,40.968997423518296
15877,3.04296563816898,51.79210271713311
15878,173.9387371214972,-41.983823208362
15879,3.960000579024392,52.79640801931327
15880,-12.481141935543793,35.87888413743128
15881,11.670521982475488,54.55437265535755
15882,21.49127199346963,58.98697396944102
15883,-0.07853289989027644,51.13193086827071
15884,31.51383421289685,36.163103835208545
15885,8.16544067203263,53.855240175983184
15886,12.544026033020437,55.09202696918132
15887,-75.17651496569424,38.516324909618184
15888,1.9299264497989066,52.86548977414256
15889,29.46792745591155,40.712426040664816
15890,-7.6634889691544394,38.15472621732322
15891,-5.79148110622707,49.72697731935776
15892,4.924702774235068,53.132599650169695
15893,14.154013654134301,37.72675039720261
15894,31.818911291666673,35.85574970833331
15895,-7.219032789079014,35.50105787498043
15896,25.19433533604395,60.214135573644455
15897,7.986130934306053,53.39330191994772
15898,10.707475902920807,55.555472292592455
15899,10.86069091787485,53.94371974789423
15900,-6.507466862788245,44.76065098608322
15901,-75.41785743194718,26.300705903977022
15902,-5.969782008201762,43.29006187677868
15903,-5.751563342701442,50.56328832984276
15904,-1.7091744716628698,50.7370085172603
15905,11.671710241066991,41.539035486358756
15906,-5.805960568630191,35.981662906587445
15907,31.07361784482402,37.052677568472966
15908,27.26332644999998,-28.305007250000017
15909,-46.84708193158514,-24.414152730622476
15910,-8.665547126952138,43.62271591603239
15911,138.49566906969727,35.01587123706129
15912,-5.758760746868109,50.50417216234277
15913,-5.806981713868285,35.98174564706365
15914,11.821120808333346,57.24989560416667
15915,-8.946445104423018,41.84652786104466
15916,4.028845864449066,51.310980077550084
15917,10.366606729753235,55.51839547520068
15918,-117.89018330380377,32.947727795104626
15919,3.5405732194840356,52.425959320747005
15920,103.80375976980052,1.2292862035758392
15921,3.6925577401739016,52.53584018707029
15922,7.947248033807662,53.36397912194915
15923,13.544533780874385,39.319659663605584
15924,-2.699810101351593,48.47159585421193
15925,3.344441877902797,51.38418507789888
15926,6.3467755377997825,52.26135775182387
15927,4.288178191072059,52.74726885672311
15928,-15.263103009119055,28.254735167890185
15929,2.0766720605522027,51.73005530703801
15930,-3.7748509471118545,51.11455285626837
15931,2.609094171133047,51.63069384554187
15932,116.08776487197616,6.042467911334047
15933,7.673016147814261,43.6724772908024
15934,18.786089288517502,57.79534753893966
15935,29.46792745591155,40.712426040664816
15936,-8.046366930679188,43.98993993892862
15937,-0.7294146489164918,50.615330080201474
15938,3.997390886843927,52.12747410127572
15939,-122.44304987338447,47.34506786491647
15940,-75.17651496569424,38.516324909618184
15941,11.044920012454552,40.079234234
15942,2.690241506159707,51.21283026691824
15943,8.415549069980846,53.55994112178573
15944,2.16031268214744,52.94684514808046
15945,-93.93669873310635,29.862784935531646
15946,1.2735171433356114,40.46427760179749
15947,136.07452542368952,34.06315415132754
15948,-64.59409180824554,44.06357892763471
15949,-9.588844103088658,43.949561146737985
15950,29.283772328840058,40.84544922758102
15951,17.030581026406928,56.389677896190534
15952,18.315806052107913,54.46975270535052
15953,10.887159275754268,57.393134032476475
15954,175.801905639611,-37.71397813188778
15955,0.9112750860301335,50.79769644415383
15956,124.50577087634238,-33.09418548956261
15957,19.342488554697475,37.75107883170258
15958,-122.47934330170169,47.32555885656903
15959,7.89333212093523,53.77510966941483
15960,10.043371643772034,41.96737548753679
15961,-0.04183408597701687,39.531629946506584
15962,-122.59976479390454,37.36297881459234
15963,115.6743261978566,-32.04368560392726
15964,6.674890505194222,53.423580413701444
15965,-9.224635596819047,36.935741513834266
15966,-8.70572439580183,42.32106047270834
15967,-74.2271843579986,16.031462550504834
15968,4.367287739709958,52.3758278488141
15969,25.169917079159042,60.20535675791873
15970,-109.90879742005146,24.755451739317685
15971,12.181553515688337,54.48051400127169
15972,-15.188518933097473,29.035332782092404
15973,3.049904738423737,38.87222293690423
15974,123.16102871319755,26.250718976039302
15975,174.23984656942034,-41.57802998007248
15976,11.6931294255179,41.52437139270443
15977,-5.246881157120558,37.30706764701814
15978,20.133093612654765,57.68234792449577
15979,-7.271565267271382,46.720860702702765
15980,54.691242277616205,24.998553236663355
15981,-122.05775796045481,34.14450001239805
15982,116.46731174046118,-22.90762966671979
15983,-75.11366090087576,26.578092781596066
15984,115.66469115868041,-31.938550228402452
15985,-5.966345019592833,52.97806392926133
15986,1.7537784112500459,51.180725381727264
15987,-1.848370223545894,50.836291435751455
15988,-1.3899461572070917,50.500231718115735
15989,-13.41702481329739,29.83840044482779
15990,-12.652693222677476,35.468798773370594
15991,2.9290315388011603,51.32076691029144
15992,-2.7392604046209215,48.80448691294663
15993,10.310569307702226,40.187708683989065
15994,10.86069091787485,53.94371974789423
15995,-12.200478308320166,32.55635331584402
15996,17.400801025604963,40.72097544155997
15997,3.960000579024392,52.79640801931327
15998,137.3921539017108,34.86563274643059
15999,-5.687524969292766,49.692431743478494
16000,-0.09053884644200064,51.13203880344313
16001,31.516721012896852,36.16197283520853
16002,4.926039874235068,53.1331130501697
16003,31.82054659166667,35.859098508333304
16004,-12.451420678388963,36.12689517278844
16005,-7.664378736035889,38.15895408143314
16006,9.70400939200146,55.49396965521518
16007,2.886606125199054,51.72211988555416
16008,1.9299264497989066,52.86548977414256
16009,-5.9826546332017605,43.290291221778695
16010,8.246981631681756,53.883649194404235
16011,10.707447636254141,55.54919162592578
16012,23.277654787573375,37.77917951029351
16013,-6.5125870911215795,44.75779696608323
16014,27.201115849999983,-28.36676965000002
16015,12.540371868391212,55.070685656077224
16016,7.954437495300953,53.381676373503325
16017,-1.7091744716628698,50.7370085172603
16018,4.142475642775481,51.32344666713121
16019,6.317055861146284,52.75121965467444
16020,0.09614022014752828,50.61607770131303
16021,4.38962138038673,52.38969810467398
16022,173.91816264371946,-42.00717133613977
16023,-3.390524194115615,50.00978674204227
16024,-122.4426421587378,47.31709908637828
16025,4.106714185347356,51.28908139279119
16026,102.02323913595382,8.75828784417792
16027,2.3614160799334134,40.91477362351829
16028,-0.9353146689120057,37.21698317395567
16029,14.198683448194545,37.70622399512288
16030,-7.29763826254577,35.45724822106056
16031,6.788260084510667,53.26399819921256
16032,11.561802015808821,54.43044908869088
16033,-0.14806154607411448,38.310918980042395
16034,6.796380458061949,53.11000774429222
16035,25.50317318558278,40.31677209651963
16036,2.4930593520339404,51.28875051717919
16037,12.52936758437795,55.08497077969634
16038,4.73761970169247,52.3179063252837
16039,-121.54814194940131,39.16030792486704
16040,3.3029496412630244,51.410255541368024
16041,7.696819461685431,53.409191050844335
16042,21.49626000458074,58.99323035277435
16043,1.9664956041010933,52.666527486005236
16044,11.96733067481678,40.38084538171205
16045,2.668406552598604,51.66125420653923
16046,138.49544423636394,35.01624622039463
16047,12.01776069026993,40.39426377636643
16048,-12.186980308320164,32.530459575844034
16049,11.7278092172111,41.46242594375387
16050,-8.082814888389768,44.39442707618623
16051,20.113890574797626,57.67405855378147
16052,-7.306114216515515,46.63733362142766
16053,4.913745046263049,51.92540487364125
16054,-75.17651496569424,38.516324909618184
16055,-1.885171712504119,50.775477980808006
16056,-3.7843043704451884,51.036906276268375
16057,29.46792745591155,40.712426040664816
16058,6.940112576530437,39.24761933196169
16059,-64.59276940824554,44.0572257276347
16060,29.283772328840058,40.84544922758102
16061,17.042723048057663,56.39425816943613
16062,-46.845819579785704,-24.41540380562474
16063,-8.70572439580183,42.32106047270834
16064,11.762473981666673,57.24156424916665
16065,-2.6883064009594357,48.51896923254525
16066,13.544533780874385,39.319659663605584
16067,7.950830016348878,53.36662521304229
16068,3.348801995045653,51.38506977599412
16069,6.2808187319306095,52.24570116041517
16070,4.288178191072059,52.74726885672311
16071,-15.26316271855643,28.254898339751445
16072,2.0767029405522033,51.72932618703801
16073,25.169899615810664,60.205364526878654
16074,1.3002613433356118,40.69789440179749
16075,116.08775783864284,6.042469353000713
16076,18.7930214385175,57.796197413939666
16077,-0.04183408597701687,39.531629946506584
16078,-5.75434542186811,50.53389870900943
16079,-122.44304987338447,47.34506786491647
16080,-0.8166787054827518,50.59027224665053
16081,2.733531816556613,51.21867657004971
16082,8.355838768851317,53.537902061932144
16083,2.221182094700259,52.938472655972284
16084,136.11377902368952,34.08623258816964
16085,-93.93669873310635,29.862784935531646
16086,10.887159275754268,57.393134032476475
16087,18.3158047990284,54.46975308236136
16088,175.83832010879763,-37.65989866937364
16089,-8.578424610270487,42.0095791924025
16090,0.82159491597061,50.78785483448545
16091,124.50473405226829,-33.09448028956262
16092,19.342488621560218,37.75107897327121
16093,-122.47934330170169,47.32555885656903
16094,7.967761763137611,53.86143066643864
16095,10.042602943772033,41.96330832087012
16096,-0.9218222522453391,37.224487957289
16097,-9.169480342901995,36.99622933641491
16098,-122.59976479390454,37.36297881459234
16099,6.674890505194222,53.423580413701444
16100,115.67432807920582,-32.0436862169996
16101,-74.2261040579986,16.032294350504838
16102,4.367287739709958,52.3758278488141
16103,15.320903039494148,59.97017844648968
16104,-109.88583157892558,24.76853819290396
16105,9.424461734522145,41.56127959178132
16106,2.9845471544537747,38.93501722966098
16107,1.7537784112500459,51.180725381727264
16108,-5.735634507915905,35.991337063730306
16109,-12.597209346395426,35.5602556009347
16110,174.25298796942036,-41.54738173007249
16111,54.691242277616205,24.998553236663355
16112,173.9390067499496,-41.9841937411001
16113,115.66466581809973,-31.93847260930845
16114,-5.9761885587914385,53.042844202919866
16115,-1.3899461572070917,50.500231718115735
16116,27.266799649999992,-28.29645065000002
16117,2.9290315388011603,51.32076691029144
16118,7.598324351293797,53.37106592003242
16119,116.17789308860932,-22.555196281534606
16120,8.590488370476361,55.443005855504744
16121,25.49048844034469,40.31791998223392
16122,11.021751232454548,40.08202130066667
16123,-74.92569638980433,26.62974900588178
16124,4.0380796691726815,51.31800913215784
16125,-121.54938918749654,39.16166471058133
16126,-7.300101708347633,35.42973270236872
16127,123.16067211319755,26.2491049760393
16128,-5.983202731535094,43.29050311344535
16129,3.5907070914071126,52.44030686459317
16130,4.73761970169247,52.3179063252837
16131,-122.0577691604548,34.14549671239806
16132,-9.589384303088657,43.94947954673798
16133,-117.88624665769261,32.95539163677129
16134,103.808326603047,1.2373750807403674
16135,10.86069091787485,53.94371974789423
16136,102.01976318595379,8.759858869177918
16137,31.517817612896852,36.15958743520854
16138,10.374381563285572,55.48853704709123
16139,4.389620847053397,52.38969829356288
16140,12.532078537943166,55.08971266700068
16141,12.771004523487063,54.76209445047283
16142,7.926688769568755,53.37045019106829
16143,14.222034336073332,37.68732914209258
16144,12.181553515688337,54.48051400127169
16145,6.791441064510667,53.26444116921256
16146,1.9299264497989066,52.86548977414256
16147,4.147311984576767,51.32824023958366
16148,6.2176169842167575,52.72424564480944
16149,-122.4426421587378,47.31709908637828
16150,0.4772300568833392,50.6853115315019
16151,27.204939349999986,-28.36212885000002
16152,10.754833502920805,55.57193579259245
16153,10.328980770704844,41.48881270823108
16154,23.277654787573375,37.77917951029351
16155,-6.5329604777882455,44.74778992608322
16156,-0.09053884644200064,51.13203880344313
16157,12.54042956839121,55.070578656077224
16158,-1.7091744716628698,50.7370085172603
16159,3.3029496412630244,51.410255541368024
16160,-2.6680640223041197,50.04482047146219
16161,-5.139847833284454,37.425127234014624
16162,-15.232802241317764,28.977424322596352
16163,8.131347504787493,53.863043644416614
16164,4.1108211727262916,51.29366688573967
16165,2.3610281799334127,40.91721982351829
16166,10.310619581035558,40.184788090655736
16167,-12.4687296617223,36.21231664692477
16168,17.531023367271633,40.78003417489331
16169,11.515350782475487,54.41364645535754
16170,21.49313299346963,58.990648069441015
16171,-0.050094431788400194,38.31914765147098
16172,6.796380458061949,53.11000774429222
16173,2.4930593520339404,51.28875051717919
16174,-2.7619814846209216,48.747033732946626
16175,1.9664956041010933,52.666527486005236
16176,4.0276181166749945,52.81902886810845
16177,-5.493966980431652,49.683833675654014
16178,7.760319411192919,43.69249629383573
16179,4.903130625727714,53.11130974319751
16180,-13.27249275663073,30.019051551494467
16181,31.822858941666674,35.855633808333316
16182,2.734313115606979,51.68122666008019
16183,-8.046252580679187,43.989039088928614
16184,3.98897242017726,52.130375101275725
16185,-7.664378736035889,38.15895408143314
16186,22.58578807822112,38.309232060362575
16187,12.771004523487063,54.76209445047283
16188,4.6179212794607665,51.72533797456347
16189,25.169899615810664,60.205364526878654
16190,-5.975426598791439,53.04013119791987
16191,-5.754594942701442,50.53183072984276
16192,-12.601599116990661,35.63888732022041
16193,12.033504483158346,41.157923280883416
16194,0.402807210520254,38.037065779861315
16195,138.49544423636394,35.01624622039463
16196,-0.049774031788400244,38.31969565147097
16197,54.691242277616205,24.998553236663355
16198,7.598324351293797,53.37106592003242
16199,2.9273024072862386,51.79004521836489
16200,3.4484951966987065,51.39948396310458
16201,19.447655014444607,37.74692234969266
16202,-46.846184479785705,-24.415777005624737
16203,-0.8624025811835885,38.043661608620575
16204,115.66466305143307,-31.938474756367274
16205,-122.05753671045478,34.14500516239806
16206,4.113686372513921,51.296393375613896
16207,-1.3899461572070917,50.500231718115735
16208,2.9290315388011603,51.32076691029144
16209,8.171960145476364,55.41476478050474
16210,-74.22577539133192,16.03287822669531
16211,3.5907070914071126,52.44030686459317
16212,4.73761970169247,52.3179063252837
16213,-117.87933948578782,32.962298248199865
16214,4.040944868960311,51.32073562203207
16215,103.80963570037129,1.2363512074683556
16216,11.749024798492066,57.250246575436506
16217,7.942446700972276,53.36501153972007
16218,-2.6884261401197893,48.51886702579019
16219,13.544533580874386,39.31965996360558
16220,3.348802280045652,51.38506874599411
16221,4.288178191072059,52.74726885672311
16222,6.277814251708748,52.24630523147036
16223,-15.28758129374028,28.26505410762897
16224,2.0767031405522034,51.72932608703802
16225,-3.7637499347851517,50.84532742145951
16226,116.08777233864285,6.042494353000714
16227,18.8157355585175,57.812003723939654
16228,29.46792745591155,40.712426040664816
16229,-0.8072665160804064,50.55213007728851
16230,-122.44304987338447,47.34506786491647
16231,2.7571751597033316,51.21956757583156
16232,3.207064741248853,38.997903060243445
16233,-9.589384303088657,43.94947954673798
16234,8.352869220472202,53.538980517352456
16235,-93.93669873310635,29.862784935531646
16236,2.3284141215361496,52.92478693175131
16237,136.1131567236895,34.08618568816964
16238,1.1344020933356118,40.7602753017975
16239,-65.27563324083962,43.78155679195372
16240,17.047852148057654,56.39786026943613
16241,29.283772328840058,40.84544922758102
16242,10.887159275754268,57.393134032476475
16243,175.85622530879763,-37.61325497770697
16244,18.31580473269999,54.46975378010237
16245,31.16593169940412,36.9759582004677
16246,-8.505353635907683,41.738650219897615
16247,124.50341756337936,-33.09473176734039
16248,0.7981192863265754,50.79698858650104
16249,-122.47934330170169,47.32555885656903
16250,10.038909243772034,41.955973270870125
16251,1.9299264497989066,52.86548977414256
16252,25.48951805284469,40.31923230723392
16253,-121.62485692082986,39.268572810581325
16254,-122.67726961174723,37.713849948341064
16255,9.397234194631967,41.57759383819605
16256,115.67432852718562,-32.043689499827885
16257,-0.041842662900093794,39.53163323112197
16258,6.689269789552511,53.45459109204369
16259,-9.15349636081769,36.993222608517364
16260,-8.70572439580183,42.32106047270834
16261,174.25265706942034,-41.547730155072486
16262,-2.866516518812467,48.54756186938723
16263,3.6925577401739016,52.53584018707029
16264,27.201434849999984,-28.362724050000015
16265,4.367287739709958,52.3758278488141
16266,-74.928124728449,26.632044319361636
16267,-122.4426421587378,47.31709908637828
16268,-12.540290740462833,36.206109511209874
16269,-0.8767413589120058,37.23164577728901
16270,-5.719698189494852,35.993724276888194
16271,-109.8713862119078,24.78058996195309
16272,115.99035956895816,-22.323929010429946
16273,-7.3866023022072795,35.37820989399152
16274,12.545711304609833,55.09512920033402
16275,4.904312825727714,53.111693143197506
16276,3.9094962201772603,52.102181605442404
16277,14.22004333607333,37.68817595542591
16278,8.113266773511944,54.032108155262186
16279,1.9664956041010933,52.666527486005236
16280,-7.478103255266659,38.1046802679716
16281,31.51493821289685,36.16122513520855
16282,8.00280597491733,53.84511867324097
16283,-75.17651496569424,38.516324909618184
16284,12.155424015688341,54.47053448308987
16285,6.797759814510667,53.26556551921255
16286,-1.770721856987672,50.77219593586778
16287,0.5454777099388948,50.711543375113024
16288,10.5270033833944,55.46480766293517
16289,12.540608902373892,55.070715082267704
16290,-5.9810241315350945,43.29082251344535
16291,24.62662581926364,59.89195635341757
16292,-2.5355516341223012,50.09237423585612
16293,-5.273897290915421,37.51847067514324
16294,15.319724406160814,59.96379726315635
16295,4.132961956674633,51.323212439982754
16296,7.926688769568755,53.37045019106829
16297,2.3604498999334123,40.90538092351829
16298,123.15760624047029,26.25013011664536
16299,1.7537784112500459,51.180725381727264
16300,-6.577891561080611,46.34486595058649
16301,2.4930593520339404,51.28875051717919
16302,4.3896209428867285,52.38969865380097
16303,173.93939275661626,-41.98171950776677
16304,3.3029496412630244,51.410255541368024
16305,-5.311901217041691,49.50336130302971
16306,17.538546033408,40.78294691102967
16307,11.515879882475488,54.41471965535755
16308,21.49127199346963,58.98697396944102
16309,6.796380458061949,53.11000774429222
16310,7.79328960247865,43.68854705924328
16311,10.35013048103556,40.18383256565573
16312,-13.278082318169192,30.0725382822637
16313,12.007004343603262,40.39178079803309
16314,-8.087074624012521,43.875929205595284
16315,6.070293594040972,52.675407692511264
16316,2.589274296856979,51.65132569237186
16317,10.328980087371509,41.488813591564416
16318,-7.48841692150789,46.41275163018029
16319,-6.4752758694549115,44.795137992749886
16320,27.263752449999988,-28.29677385000002
16321,-15.278734369693739,28.874695672408507
16322,-0.08815154644200057,51.13200785344313
16323,102.02746698595378,8.75460256917792
16324,31.82228124166667,35.85654530833331
16325,10.756766102920809,55.579936192592456
16326,-1.7091744716628698,50.7370085172603
16327,10.86069091787485,53.94371974789423
16328,4.0276181166749945,52.81902886810845
16329,23.277654787573375,37.77917951029351
16330,11.016084432454544,40.07992630066666
16331,31.07361784482402,37.052677568472966
16332,9.349150925836037,41.59087969558712
16333,10.348456937371509,41.47491890656442
16334,-16.288691348825793,26.351757837319028
16335,138.49566906969727,35.01587123706129
16336,-0.4706123596390341,38.054570726977346
16337,10.86069091787485,53.94371974789423
16338,137.3172553593203,34.808096842854255
16339,-3.7542965114518188,50.922974001459494
16340,29.46792745591155,40.712426040664816
16341,-74.9530409610345,26.63358279080241
16342,136.12644544035618,34.10170310973827
16343,-6.2034862612485915,46.75118866802545
16344,29.283772328840058,40.84544922758102
16345,153.15634271096854,-27.372767117827397
16346,115.66463559652739,-31.938460393820574
16347,54.657608251812874,24.998465203252593
16348,-5.998703101867344,53.15828900521332
16349,2.9290315388011603,51.32076691029144
16350,-1.3899461572070917,50.500231718115735
16351,8.172016481190651,55.41663028764761
16352,10.983103699121221,40.11184650066666
16353,4.041191831231259,51.32171626715194
16354,4.73761970169247,52.3179063252837
16355,3.60357091459203,52.44972454993613
16356,-9.588844103088658,43.949561146737985
16357,-117.8722061532878,32.957561370699864
16358,103.80975663813825,1.240362035031144
16359,11.738376910238102,57.25678555988097
16360,7.936138157226521,53.36402548802187
16361,-2.6825011209594356,48.523066387545256
16362,3.3632247447172223,51.37777722850541
16363,13.544533780874385,39.319659663605584
16364,5.989343272378322,52.13338181475464
16365,4.288178191072059,52.74726885672311
16366,6.786144480515943,39.30081936256554
16367,-15.287562909579433,28.26506056331185
16368,2.0766720605522027,51.73005530703801
16369,116.0877646206941,6.042475477359687
16370,-74.1693049028704,15.971053572849154
16371,18.756345984373116,57.80189360447934
16372,-0.8098645789869946,50.56826811928685
16373,-122.44304987338447,47.34506786491647
16374,-0.04183408597701687,39.531629946506584
16375,-104.34072624303735,18.404535180546993
16376,2.7571751597033316,51.21956757583156
16377,8.341437577932657,53.540136720482764
16378,2.383349507127741,52.90224751028382
16379,-93.93669855275522,29.862785244185797
16380,-0.15770627107411447,38.30614529670906
16381,-7.388135258754899,35.37927107042009
16382,-65.16806991583961,43.800723666953715
16383,17.040582548057653,56.39430350276945
16384,10.887159275754268,57.393134032476475
16385,175.8917215663757,-37.743782394926995
16386,18.321896308063685,54.48345276478156
16387,25.503054485582783,40.316934896519626
16388,-8.434668449402363,41.779602659013946
16389,0.8046358615229882,50.79563417011836
16390,27.25757114999999,-28.299424150000018
16391,19.44420561469747,37.747108297416865
16392,-122.47934330170169,47.32555885656903
16393,-46.8454350797857,-24.41568310562474
16394,10.80227183625414,55.60033202592578
16395,-12.530775449408194,35.81788831197469
16396,3.4493855887276914,51.39952596817704
16397,10.043371643772034,41.96737548753679
16398,4.387409480386729,52.39005780467398
16399,1.4931042963659145,41.511614201797485
16400,27.19564034999999,-28.365074550000017
16401,-121.53940742082989,39.139852710581316
16402,-75.22383807872745,38.453498792423225
16403,11.957137612453835,40.375395331653785
16404,-15.309876316315213,28.806835221507605
16405,3.997390886843927,52.12747410127572
16406,-122.67824606239239,37.71500950576042
16407,115.67431168496772,-32.04368104126059
16408,8.165002158567027,54.05536831130156
16409,7.919781374293771,53.36851556544441
16410,6.627755596847228,53.433268339137996
16411,7.613482285293795,53.37041311944908
16412,-5.752671586868109,50.436109672342766
16413,-122.4426421587378,47.31709908637828
16414,-9.166398829071657,37.031502800977684
16415,24.557210165963866,59.87864716458362
16416,173.9390296899496,-41.9839287411001
16417,174.24931864275368,-41.54692101007248
16418,4.111409617223199,51.29482548173603
16419,2.349778019816073,40.88366185396158
16420,-5.335240615053982,49.39848138976758
16421,-8.70572439580183,42.32106047270834
16422,21.49521909346963,58.99397021944102
16423,4.9056499257277135,53.11220654319751
16424,31.820148591666676,35.85927520833331
16425,2.576980376856979,51.63890595237186
16426,4.0276181166749945,52.81902886810845
16427,-7.664277713208463,38.15861102179336
16428,-0.06179563374358784,51.13987776931614
16429,31.51632301289685,36.162149535208535
16430,-5.734457607915905,35.991574663730304
16431,6.788260084510667,53.26399819921256
16432,-7.5234115087171585,46.352305090873415
16433,-1.7843122773443678,50.742050669020735
16434,10.605808486330908,55.497783304522464
16435,15.31902410199415,59.96729382148969
16436,2.4930593520339404,51.28875051717919
16437,0.6138923860792084,50.74650424353413
16438,12.54006882199727,55.07129180219844
16439,4.278770329709958,52.30876468336539
16440,12.532078537943166,55.08971266700068
16441,-12.528467946489137,36.293156888579624
16442,3.6173340670969782,52.31177397399336
16443,6.796380458061949,53.11000774429222
16444,4.130454302899751,51.32161170039695
16445,-0.8379537879199422,37.27753625403503
16446,-13.193278181686507,30.22216408831348
16447,14.228778322548742,37.685643672557056
16448,1.9664956041010933,52.666527486005236
16449,12.149690615688339,54.468333001271695
16450,24.814015585315943,60.05933554456942
16451,1.9299264497989066,52.86548977414256
16452,-6.547708559454913,44.74028961274989
16453,-8.046366930679188,43.98993993892862
16454,6.01690330974968,52.65270987956481
16455,7.989045723176638,53.85063406265808
16456,3.3735969666929653,38.965691782211145
16457,-122.05588886045481,34.14389881239806
16458,101.99555665388073,8.728070813699846
16459,9.87200992198794,40.422751083989056
16460,-1.7091744716628698,50.7370085172603
16461,3.3029496412630244,51.410255541368024
16462,23.277654787573375,37.77917951029351
16463,17.48650968043181,40.7443123119063
16464,11.514057115808821,54.41267768869088
16465,-109.92133830464549,24.743239687857063
16466,115.92373583714921,-22.461274315409614
16467,-2.8720609270830617,48.53677930121483
16468,124.50577319671274,-33.09413650067373
16469,7.8086613838664665,43.68077947651269
16470,1.7537784112500459,51.180725381727264
16471,-2.29097962085512,50.08579849290985
16472,-5.218044639486642,37.576649446201884
16473,-5.994811991535093,43.29112561344536
16474,123.14587725440968,26.225278148160513
16475,10.86069091787485,53.94371974789423
16476,-7.388135258754899,35.37927107042009
16477,12.771004523487063,54.76209445047283
16478,-0.15770627107411447,38.30614529670906
16479,-74.95420286103449,26.633420590802412
16480,10.979413265787885,40.103641633999985
16481,-8.70572439580183,42.32106047270834
16482,10.687597425777948,55.56786493687816
16483,17.057010298057655,56.397566769436125
16484,19.44420568156022,37.74710843898549
16485,-46.845819579785704,-24.41540380562474
16486,-8.584473347459758,41.4281203175124
16487,-0.04183408597701687,39.531629946506584
16488,136.12644544035618,34.10170310973827
16489,-122.47934330170169,47.32555885656903
16490,153.15481029353995,-27.376830829094498
16491,10.042602943772033,41.96330832087012
16492,-9.087473205608669,37.05760666603414
16493,3.33588079423028,51.471591567727685
16494,-122.72077635463374,37.87614819972593
16495,115.67431028853915,-32.04368326715345
16496,6.59188788916154,53.41080298663177
16497,4.278770329709958,52.30876468336539
16498,-109.89853635018626,24.756117534776667
16499,54.6232148921785,24.998411240473796
16500,115.66463559652739,-31.938460393820574
16501,-6.063149435438773,53.420764859217655
16502,-1.3899461572070917,50.500231718115735
16503,2.9290315388011603,51.32076691029144
16504,8.110651470476363,55.44370676800473
16505,3.2731723316669252,39.0013672650187
16506,3.60357091459203,52.44972454993613
16507,4.041191831231259,51.32171626715194
16508,4.73761970169247,52.3179063252837
16509,-9.595030657374373,43.94826798673798
16510,-117.88394729044995,32.96033210313229
16511,103.80935509164912,1.2445706773304845
16512,11.71554829373016,57.271588736150804
16513,-16.25625688129504,26.6057990540457
16514,7.936138157226521,53.36402548802187
16515,-2.63468354449479,48.55868422907724
16516,13.544533580874386,39.31965996360558
16517,3.3735255291795956,51.376154646579145
16518,-5.755662507262844,50.403275789667326
16519,5.751915392030429,52.044578067260154
16520,4.3105954692706545,52.76111323617284
16521,-15.295778427380164,28.26843111954618
16522,27.262518049999994,-28.296211150000023
16523,2.0767029405522033,51.72932618703801
16524,-3.7480498714876065,50.831105562540785
16525,1.9299264497989066,52.86548977414256
16526,-74.14684251001326,15.94999863713487
16527,116.08775985402747,6.0424711606930215
16528,-104.1815712841616,18.30268158191817
16529,18.783879734373112,57.81612677947933
16530,-122.44304987338447,47.34506786491647
16531,-122.4426421587378,47.31709908637828
16532,-0.7434935976631177,50.58278934226558
16533,2.7571751597033316,51.21956757583156
16534,-2.873771766570312,48.50614464147995
16535,8.337507475251352,53.5399527528328
16536,-15.335889407083439,28.749746856674193
16537,2.3984564923556553,52.895111689096495
16538,-93.93669855275522,29.862785244185797
16539,29.283772328840058,40.84544922758102
16540,25.48439254034469,40.32063818223392
16541,-5.1482431053169675,37.62182790976235
16542,-65.37523632736135,43.71983328434502
16543,6.739477522182612,39.272917162565555
16544,-12.484631150284818,35.90697953026473
16545,3.4493855887276914,51.39952596817704
16546,27.202061149999995,-28.360981150000015
16547,10.887159275754268,57.393134032476475
16548,1.4219261630325812,41.600750735130816
16549,7.867621800499295,53.855345644682096
16550,14.237480664972981,37.67752983770857
16551,-5.9669359161533615,47.01046179767705
16552,7.613482485293795,53.37041331944909
16553,18.32189544486925,54.4834533399733
16554,2.462833261856979,51.54518499987185
16555,-5.848772507915904,35.986330080396975
16556,3.98897242017726,52.130375101275725
16557,15.302916901994147,59.959319871489676
16558,175.9434208355623,-37.69070405741286
16559,4.111410127223198,51.29482548173603
16560,-121.54043128749655,39.14140431058132
16561,12.532078537943166,55.08971266700068
16562,-8.430920242059758,41.75712504100517
16563,4.387408284553397,52.39005806856287
16564,7.919781374293771,53.36851556544441
16565,-0.06179563374358784,51.13987776931614
16566,0.8564624570642039,50.78441990428827
16567,12.540305855979955,55.07132122838892
16568,4.130454302899751,51.32161170039695
16569,5.954893499480481,52.627317076545914
16570,24.543886101321014,59.871194956845535
16571,101.99561125388072,8.730470438699845
16572,-0.8122522945866089,37.289798184035035
16573,6.796380458061949,53.11000774429222
16574,-5.994790031535093,43.29129581344535
16575,10.599992236330907,55.49790770452246
16576,3.3029496412630244,51.410255541368024
16577,-2.1735934708318094,50.09569263829448
16578,17.546644313765142,40.787951678572966
16579,11.514073382475488,54.41322955535754
16580,-121.99275388267701,34.145787912398056
16581,2.348756225698425,40.88626317749098
16582,7.843376583866465,43.6920461765127
16583,9.800044532576175,40.39180341810672
16584,8.11164629190036,54.033009004634884
16585,123.14546204037825,26.223708120923746
16586,1.729268509711584,51.163572176496494
16587,-5.300642795295028,49.38863848911456
16588,21.49489279346963,58.989519969441005
16589,115.92337243714923,-22.457577115409613
16590,174.24779094275368,-41.54468671007248
16591,124.5027793522683,-33.09532128956262
16592,0.9735544434855211,50.78775352894578
16593,173.93900694994963,-41.98419364110009
16594,4.0276181166749945,52.81902886810845
16595,-12.510817521337618,36.342894871761445
16596,3.615229967096978,52.311222473993375
16597,-13.03279026422619,30.35580718970237
16598,12.149690615688339,54.468333001271695
16599,24.78101549574444,60.05174754075255
16600,-6.63866537654466,44.67792014305395
16601,-8.046234780679187,43.98990708892861
16602,31.517817612896852,36.15958743520854
16603,4.903130625727714,53.11130974319751
16604,31.822858941666674,35.855633808333316
16605,1.9664956041010933,52.666527486005236
16606,-1.6787042049962033,50.75557938392697
16607,6.791441064510667,53.26444116921256
16608,-7.565249690942391,46.20629046917884
16609,-7.664828732439232,38.15941950833182
16610,-1.8461161773443677,50.741988769020736
16611,12.021978609016974,40.39482315653681
16612,2.4930593520339404,51.28875051717919
16613,23.277654787573375,37.77917951029351
16614,-5.9669359161533615,47.01046179767705
16615,1.9095865763295188,52.875346463442064
16616,0.974888454579801,50.76928922660332
16617,3.98897242017726,52.130375101275725
16618,-121.99288237229422,34.14797826880954
16619,-3.7480498714876065,50.831105562540785
16620,29.46792745591155,40.712426040664816
16621,-46.846184479785705,-24.415777005624737
16622,27.26076894999999,-28.29823125000001
16623,137.27588980974545,34.75991343742478
16624,104.23846622347025,14.811266107331845
16625,-11.832769923828913,33.00996249412496
16626,2.3984564923556553,52.895111689096495
16627,-8.43075092683101,41.628616479812436
16628,-0.05973217678840019,38.31623562813764
16629,3.615229967096978,52.311222473993375
16630,153.15323153693723,-27.378743231206798
16631,54.6232148921785,24.998411240473796
16632,-104.04340733668361,18.23367540007066
16633,5.692913075379996,52.02293474633915
16634,116.08777515402745,6.042497560693021
16635,-122.44304987338447,47.34506786491647
16636,-75.58713051178235,26.77090426311163
16637,8.337349524464427,53.540163645246494
16638,136.12582314035618,34.101656209738266
16639,-93.93669855275522,29.862785244185797
16640,-65.48186892736136,43.68251828434502
16641,29.283772328840058,40.84544922758102
16642,17.05446849805765,56.39865846943612
16643,10.887159275754268,57.393134032476475
16644,175.93660943556236,-37.68095615741286
16645,18.32189583303397,54.48345444134995
16646,-122.47934330170169,47.32555885656903
16647,10.038909243772034,41.955973270870125
16648,7.5749837683627,53.34669549471685
16649,-0.041842662900093794,39.53163323112197
16650,-122.82528164395134,38.39331040617215
16651,115.67431204763005,-32.04368533887062
16652,-9.084402983891499,37.06195466300384
16653,6.595560128905129,53.41295287765741
16654,-8.70572439580183,42.32106047270834
16655,174.25313884275369,-41.542011535072476
16656,4.278770329709958,52.30876468336539
16657,-109.88315845638279,24.769107052040084
16658,-122.4426421587378,47.31709908637828
16659,8.09154553702048,55.42049917903414
16660,-1.3899461572070917,50.500231718115735
16661,2.9290315388011603,51.32076691029144
16662,-8.601996123999015,41.48236031213469
16663,4.041191831231259,51.32171626715194
16664,4.73761970169247,52.3179063252837
16665,3.60357091459203,52.44972454993613
16666,-9.595030657374373,43.94826798673798
16667,-117.9074184626722,32.956859522576735
16668,103.80531147593794,1.245019914492639
16669,3.33588079423028,51.471591567727685
16670,-7.478002232439232,38.10433720833183
16671,11.687196731349204,57.288571129960346
16672,12.060714141920197,40.386356729332505
16673,7.906450394459188,53.35190371879925
16674,13.544533580874386,39.31965996360558
16675,-2.6346444378975673,48.55860544504946
16676,3.3668233317986433,51.37639762705532
16677,4.3105954692706545,52.76111323617284
16678,-15.32004133784153,28.27874648601328
16679,-74.14675121001326,15.949628537134872
16680,7.84599081136709,53.86164987433375
16681,2.0767031405522034,51.72932608703802
16682,3.2793167724535524,39.01486306770183
16683,3.3029496412630244,51.410255541368024
16684,-16.267497607961705,26.696878400712368
16685,3.0853208531049283,51.322637968524376
16686,18.783159504373113,57.81784741447933
16687,6.7147805017440145,39.27695467905678
16688,-13.0199925285119,30.383239692083315
16689,-12.479561572470963,35.92077471933399
16690,24.563588971428565,39.7818011857143
16691,-2.872649816570312,48.50554645814662
16692,-5.836507389494852,35.987715643554864
16693,19.539317379587647,37.75929237164539
16694,-12.49047127754252,36.40608437500098
16695,27.19721374999999,-28.362383150000014
16696,7.897226399798293,53.36026704683874
16697,4.387409042886729,52.39005835380097
16698,-7.560694456416542,46.2179287478847
16699,1.4223765630325815,41.60142463513082
16700,2.4481552141222407,51.27949937208146
16701,1.9664956041010933,52.666527486005236
16702,-0.8100546550464707,37.30127286242419
16703,115.6646328298607,-31.938462540879396
16704,4.130454302899751,51.32161170039695
16705,24.441400976364537,59.85027195587649
16706,12.540305855979955,55.07132122838892
16707,21.49030899346963,58.987561769441015
16708,6.796380458061949,53.11000774429222
16709,-7.384718347445375,35.394662312205796
16710,14.25089743481425,37.66862606374031
16711,173.92528015661625,-41.97834170776676
16712,-5.267818060768617,49.31751284603377
16713,11.52139428247549,54.416689055357544
16714,4.541191869402505,51.66110641247262
16715,115.82549884642457,-22.261895518887876
16716,124.50341756337936,-33.09473176734039
16717,9.799032132576178,40.389604093106705
16718,12.12696421568834,54.459647583089875
16719,-8.087074624012521,43.875929205595284
16720,17.542311276265142,40.78706069107296
16721,0.9972750811513406,50.78103456788676
16722,1.668740318164109,51.125302250819885
16723,23.277654787573375,37.77917951029351
16724,-6.896575291895779,44.57451727056763
16725,-0.7879656383411165,50.4614334825485
16726,5.928343049282681,52.616113378933726
16727,-15.38407019255507,28.64692175246439
16728,4.904312825727714,53.111693143197506
16729,8.16492705534192,54.055751734634896
16730,-1.6787042049962033,50.75557938392697
16731,4.026004272602046,52.829380891462044
16732,-6.084530655909984,53.48217450063522
16733,-5.997203331535095,43.29191031344536
16734,0.012420184408088692,51.20032423030143
16735,31.51493821289685,36.16122513520855
16736,10.606021571449956,55.47901856196294
16737,101.99314597263071,8.729725291824844
16738,2.349658525698425,40.88633597749098
16739,31.82228124166667,35.85654530833331
16740,2.33667808471143,51.47352359605654
16741,2.7571751597033316,51.21956757583156
16742,-2.080618387498476,50.12582800496115
16743,-1.831951235752527,50.74423086141097
16744,-5.1482431053169675,37.62182790976235
16745,15.299772247410814,59.954024734406346
16746,3.4493855887276914,51.39952596817704
16747,4.111410127223198,51.29482548173603
16748,12.545711304609833,55.09512920033402
16749,7.7916237838664655,43.681978426512686
16750,-121.60240372082986,39.248338110581315
16751,123.14334152643886,26.224949389408597
16752,6.797759814510667,53.26556551921255
16753,24.48456492012242,59.93734731037976
16754,12.771004523487063,54.76209445047283
16755,-46.8472625782996,-24.41463091736083
16756,-121.94954828877015,34.14286063404406
16757,54.65563656927427,24.99877013363961
16758,104.42490398763692,14.888426199831843
16759,5.58061717134796,51.975116319382295
16760,-8.597380940621555,41.481521024256466
16761,136.1200109617555,34.098781928104245
16762,175.95160272304238,-37.745835808260324
16763,3.33588079423028,51.471591567727685
16764,-9.084402983891499,37.06195466300384
16765,3.324027873326569,39.00669631533004
16766,13.549220182759353,39.3343859192002
16767,27.25425614999999,-28.29814745000002
16768,-0.04241287221951182,39.53079878931512
16769,8.337349524464427,53.540163645246494
16770,-93.93669043807644,29.862793595110844
16771,2.3984564923556553,52.895111689096495
16772,-65.45220814402802,43.66542731291646
16773,174.18229514275365,-41.61943706007248
16774,17.100453626406924,56.40645176285718
16775,10.887159275754268,57.393134032476475
16776,18.32189606613913,54.48345301267496
16777,-8.42684247001283,41.66669645557001
16778,-122.47934330170169,47.32555885656903
16779,10.045003115200604,41.96427497325108
16780,115.67431168496772,-32.04368104126059
16781,-122.7883325964245,38.37634093209251
16782,6.595560128905129,53.41295287765741
16783,-8.70572439580183,42.32106047270834
16784,10.348456577371508,41.47491878656442
16785,4.28062425193218,52.31167620003205
16786,-109.93345003649992,24.731013990814812
16787,12.514115589419948,55.06714895580915
16788,-104.0149051186712,18.223920313372936
16789,-1.608987541836485,50.438918111506
16790,-5.684669138212408,47.45912415512116
16791,2.9290315388011603,51.32076691029144
16792,8.123845394163338,55.463872966534154
16793,14.268429932909491,37.66088902707364
16794,-7.661872558747832,38.15088357037138
16795,3.60357091459203,52.44972454993613
16796,4.73761970169247,52.3179063252837
16797,7.75103748794303,53.85939833671874
16798,-9.594490457374372,43.94834958673798
16799,-117.9043366176722,32.936521332576746
16800,103.80108153281307,1.2452681146012947
16801,4.041191831231259,51.32171626715194
16802,11.707494053571434,57.26229030654765
16803,1.4473477380325812,41.58599673513081
16804,137.34280505345768,34.767916219173586
16805,-2.6288145104038807,48.56118211513785
16806,7.915990364049832,53.35571580403317
16807,12.525549054464804,55.06586839180883
16808,-74.15273732667993,15.95738848713487
16809,3.3763541920367377,51.377523278483885
16810,4.3105954692706545,52.76111323617284
16811,-15.295833486521422,28.26853457984385
16812,7.5750397683627,53.346772344716854
16813,-0.20375609107411483,38.335311056709074
16814,2.0766720605522027,51.73005530703801
16815,153.15323153693723,-27.378743231206798
16816,-3.63399876122684,50.90651663383889
16817,-122.4426421587378,47.31709908637828
16818,-11.64566329466225,33.140213959124964
16819,116.08777205878935,6.042490740454926
16820,3.0853208531049283,51.322637968524376
16821,3.3029496412630244,51.410255541368024
16822,-12.55207131505247,35.920572023353444
16823,29.46792745591155,40.712426040664816
16824,4.535492994402504,51.65696680413928
16825,2.7315848689614795,51.19109564802966
16826,2.7315848689614795,51.19109564802966
16827,21.49717115458074,58.99410770277436
16828,25.355499547990185,40.28631955401961
16829,-13.009777695178563,30.40229990874998
16830,24.444843325848655,59.8552045369876
16831,31.51797191289685,36.16057273520853
16832,19.535867758218888,37.7594780166669
16833,101.99032224167836,8.726636123967703
16834,-5.850499703153999,35.98776112087317
16835,31.821797491666665,35.857698408333306
16836,2.311188007750645,51.47604418355654
16837,3.4493857387276914,51.39952626817704
16838,10.591944448830906,55.47034831132802
16839,3.91754262970107,52.09556974608092
16840,-1.8066257741650846,50.76827636648032
16841,18.757375760235185,57.79991521482416
16842,6.758156130338229,53.26173251096075
16843,-122.44304987338447,47.34506786491647
16844,1.9664956041010933,52.666527486005236
16845,6.796380458061949,53.11000774429222
16846,-0.6742138247230184,50.3594220015767
16847,2.443720294122241,51.28067722708147
16848,7.897226399798293,53.36026704683874
16849,11.817659769963536,54.34885933044327
16850,2.7571751597033316,51.21956757583156
16851,-8.046366930679188,43.98993993892862
16852,27.191665249999986,-28.362940250000015
16853,23.277654787573375,37.77917951029351
16854,-6.970523731895779,44.51862629056764
16855,4.125981216116253,51.320550689218656
16856,5.954894721749903,52.627316826045906
16857,-15.387164192566495,28.61995472202741
16858,-0.7921338212430519,37.31964232862077
16859,-1.6787042049962033,50.75557938392697
16860,1.668740318164109,51.125302250819885
16861,-7.565427860802506,46.21075519086716
16862,15.310347239494154,59.968661271489694
16863,-6.006489633201761,43.291899521778696
16864,-0.010276439440149793,51.154624330572425
16865,4.111409617223199,51.29482548173603
16866,2.3497778256984256,40.883036577490984
16867,2.2311340359537803,51.660293153931214
16868,173.91829278254224,-42.0058922485075
16869,-2.0468837229923302,50.1166547010284
16870,-5.1482431053169675,37.62182790976235
16871,-75.59415214436781,26.768819034552408
16872,-2.873605166570312,48.506262841479945
16873,6.552766971506034,39.28000921933763
16874,7.802351673019904,43.688764661433325
16875,8.159374803995599,54.054434631634884
16876,4.38740995538673,52.39005787134065
16877,115.66455441447921,-31.938469792318866
16878,123.14611215014015,26.225127122352315
16879,17.49414306376514,40.753227520239626
16880,115.84070503858906,-22.417806373130293
16881,1.059866714228399,50.81117597523888
16882,4.951145920626703,53.15121057658135
16883,9.836955764858784,40.31047258915744
16884,-121.53361082367677,39.17276846014215
16885,24.46856704665022,59.944470886927846
16886,4.026004272602046,52.829380891462044
16887,-12.474821884559033,36.529951313451
16888,-5.967063884997287,53.5417967244437
16889,-5.301671912247111,49.30529968823807
16890,-16.294987681295037,26.532944254045695
16891,-7.386408022903315,35.394332800742575
16892,124.50577329671275,-33.094136400673726
16893,11.578357055808821,54.436893332976595
16894,27.25423544999999,-28.298159950000024
16895,-11.649296255787787,33.06847212858383
16896,-7.384761334062318,35.397119438003116
16897,11.983482849754896,40.387336315850305
16898,-75.63034699454072,37.624259073638584
16899,153.15323153693723,-27.378743231206798
16900,29.46792745591155,40.712426040664816
16901,-7.662590738674839,38.154195346040474
16902,-46.84600062650016,-24.415882292363094
16903,-2.644941920074211,48.5218335528851
16904,7.750203061276363,53.86675719505207
16905,13.549220182759353,39.3343859192002
16906,10.348456177371508,41.474919286564415
16907,-122.44304987338447,47.34506786491647
16908,17.05645824805765,56.39717866943612
16909,-8.429100294239634,41.648156874642176
16910,-121.86131851448442,34.07180800261549
16911,3.60357091459203,52.44972454993613
16912,4.460684503857667,51.589591699513896
16913,12.525549054464804,55.06586839180883
16914,3.383335589179596,51.37633760991247
16915,5.279554140350613,51.86550438659212
16916,4.3105954692706545,52.76111323617284
16917,-15.295833486521422,28.26853457984385
16918,-3.5422943852002855,50.82198998440253
16919,2.0767029405522033,51.72932618703801
16920,116.08776699212271,6.042489198788259
16921,-12.401162044056798,36.12282673123224
16922,-74.13950492667992,15.94298023713487
16923,-75.59686964436781,26.7690768345524
16924,8.33715898169676,53.539986991110005
16925,136.1200109617555,34.098781928104245
16926,2.4629868053762105,52.88049646963871
16927,174.25275324275367,-41.54240101007249
16928,-65.37229280652802,43.70383192541645
16929,-93.93669869483115,29.862787140620277
16930,29.283772328840058,40.84544922758102
16931,10.887159275754268,57.393134032476475
16932,175.97106235637574,-37.710081886038104
16933,18.32189538422547,54.483452474824254
16934,3.2181258241202197,39.01912524353517
16935,-122.47934330170169,47.32555885656903
16936,3.0853208531049283,51.322637968524376
16937,10.042602943772033,41.96330832087012
16938,-122.81771327224149,38.4596470340533
16939,-0.041864905632115874,39.53160837754342
16940,-9.08331598239417,37.060104287763195
16941,115.67431008476557,-32.043680857123654
16942,27.19592024999999,-28.362187850000023
16943,6.461187818790327,53.35923924773404
16944,-8.705252564449516,42.321270337250326
16945,-109.91165617016082,24.74307290875076
16946,4.28062425193218,52.31167620003205
16947,15.295555697827485,59.95914510482303
16948,21.49549944346963,58.991942269441026
16949,137.34471539345768,34.76131995917358
16950,2.2222026335728278,51.659869984883606
16951,-8.602179054806605,41.48232206065531
16952,3.3029496412630244,51.410255541368024
16953,12.515595488484347,55.07051750260614
16954,9.967654304858785,40.2720154958241
16955,54.65563656927427,24.99877013363961
16956,-1.3899461572070917,50.500231718115735
16957,2.9290315388011603,51.32076691029144
16958,1.4451814380325814,41.588611435130815
16959,-122.4426421587378,47.31709908637828
16960,14.268429932909491,37.66088902707364
16961,-5.216263861648164,37.66137069974193
16962,25.35386046891611,40.288120696519634
16963,-16.28466558129504,26.6660321540457
16964,19.53586782508163,37.75947815823553
16965,7.948961211013154,55.38495534263305
16966,-13.004602078511898,30.442144842083326
16967,7.5750399683627,53.34677254471685
16968,4.036718744447762,51.32065525597364
16969,-2.956530577075631,48.48899139147995
16970,4.73761970169247,52.3179063252837
16971,-9.595030657374373,43.94826798673798
16972,-117.91406637933886,32.94588317257674
16973,-5.852443707915905,35.985328430396976
16974,103.79983181845775,1.2441418118639584
16975,3.910767013034403,52.09866994608092
16976,3.4493857387276914,51.39952626817704
16977,-12.464124245365593,36.5604373277276
16978,-1.8362035202134086,50.75859912024245
16979,2.4343719621207134,51.28285259311916
16980,7.897226399798293,53.36026704683874
16981,2.781200645240055,51.22088890933439
16982,-15.394947770474246,28.589640196179857
16983,-0.7379030651391563,37.438522283729
16984,23.277654787573375,37.77917951029351
16985,4.114519007968105,51.31600369718162
16986,7.801558873019904,43.68945806143333
16987,2.0353582686357683,52.66796958039978
16988,-2.016658559420901,50.08539794221889
16989,-6.012779531535093,43.29244136344536
16990,-0.06706573944014979,51.078258780572426
16991,6.558474938172701,39.28147046933762
16992,2.3491659256984256,40.884782377490986
16993,4.972940002531466,53.121818477216266
16994,8.159375157328931,54.054434436634885
16995,17.54705050543181,40.78836818690629
16996,-0.20375609107411483,38.335311056709074
16997,-5.7105313721979165,47.360057960794045
16998,115.78375253858903,-22.730803257745677
16999,124.50514602171273,-33.09440587567373
17000,2.1829029574654406,51.39412698035094
17001,123.14575552037824,26.223513300923745
17002,4.013065802747606,52.818534591811385
17003,-6.01143608754722,53.69092571804134
17004,-5.293166338675682,49.2946830718095
17005,11.510804222475485,54.41210909964326
17006,11.680594688015875,57.29371869043653
17007,-8.005399047345854,44.08889257226195
17008,5.956560090375778,52.630070767224176
17009,31.51882261289685,36.15802443520853
17010,4.387408613720062,52.39005787134065
17011,31.82311274166667,35.855251108333306
17012,11.817659769963536,54.34885933044327
17013,6.760095110338228,53.26179458096074
17014,1.628684572926014,51.12683726510561
17015,-104.0211909186712,18.22645741337294
17016,-7.051655988024812,44.4510008742216
17017,7.915990364049832,53.35571580403317
17018,18.764307910235182,57.80076508982416
17019,1.1103563143183743,50.80202094762663
17020,-7.561202823108272,46.22029956891227
17021,6.796380458061949,53.11000774429222
17022,-0.5241464220378672,50.33562091338608
17023,24.42533511418199,59.84827814865426
17024,10.612922973830905,55.444153824661356
17025,4.106937040439701,51.293764470557726
17026,101.98589381667838,8.727555823967702
17027,115.66455441447921,-31.938469792318866
17028,-121.53482972367675,39.17238856014215
17029,-1.6791438557683087,50.75544750771275
17030,24.61164827864561,60.00656901455944
17031,173.9334206825422,-42.0073864485075
17032,2.7315848689614795,51.19109564802966
17033,2.7315848689614795,51.19109564802966
17034,9.47584928784059,41.649578896457385
17035,-75.62936399511568,27.188984223944956
17036,-3.5422943852002855,50.82198998440253
17037,1.9117705587408136,52.85161200427791
17038,1.1719680643637231,50.76653371261069
17039,6.559628538172701,39.281867269337624
17040,54.65563656927427,24.99877013363961
17041,3.90627877017726,52.098431749652356
17042,-75.64120140691102,37.61262652564357
17043,11.983482849754896,40.387336315850305
17044,15.195087888779863,59.831832221965875
17045,-121.85594129130314,34.06370434687608
17046,24.43464836120581,59.84939092008284
17047,5.158682764614843,51.821120776880754
17048,116.08777452545604,6.042519582121591
17049,29.46792745591155,40.712426040664816
17050,136.1200109617555,34.098781928104245
17051,29.283772328840058,40.84544922758102
17052,115.66455441447921,-31.938469792318866
17053,153.15323153693723,-27.378743231206798
17054,-1.3899461572070917,50.500231718115735
17055,12.529228255151015,55.07593403593946
17056,2.9290315388011603,51.32076691029144
17057,14.28143552657325,37.654174359651705
17058,7.948976582679822,55.38404238346638
17059,4.73761970169247,52.3179063252837
17060,-9.595030657374373,43.94826798673798
17061,-117.94710194410074,32.960018100195796
17062,103.79499424817395,1.242795660629761
17063,3.60357091459203,52.44972454993613
17064,4.029132818164493,51.31715350571491
17065,7.5750399683627,53.34677254471685
17066,11.612315892777776,57.33479862972227
17067,13.549219982759352,39.3343862192002
17068,7.915990364049832,53.35571580403317
17069,12.525786088447484,55.0658978179993
17070,2.2222026335728278,51.659869984883606
17071,4.3105954692706545,52.76111323617284
17072,3.25874562863777,51.354558854184916
17073,-122.4426421587378,47.31709908637828
17074,-15.304010110904983,28.271837535985405
17075,2.076702840552203,51.72932598703801
17076,-5.85316474958257,35.9854011026192
17077,-104.00877886033786,18.218633946706273
17078,3.024654484688237,51.32384606371172
17079,-74.13897072667993,15.94271033713487
17080,-0.041864905632115874,39.53160837754342
17081,-122.44304987338447,47.34506786491647
17082,21.49426074346963,58.98840061944101
17083,19.539317157966025,37.759292068942685
17084,8.334032447724937,53.539377535680806
17085,-93.93669869483115,29.862787140620277
17086,2.4629868053762105,52.88049646963871
17087,174.25313884275369,-41.542011535072476
17088,137.35621033988625,34.76223978060215
17089,-65.47821515652802,43.66673377541645
17090,10.887159275754268,57.393134032476475
17091,3.2320856295964098,39.01265669980501
17092,175.99431059222897,-37.721151220746194
17093,18.321895979591815,54.48345357709906
17094,27.257105149999987,-28.296900250000018
17095,-122.47934330170169,47.32555885656903
17096,1.628684572926014,51.12683726510561
17097,10.038909243772034,41.955973270870125
17098,115.56498676192847,-22.209984359039673
17099,-122.89934051168103,38.88440896006287
17100,-9.08331598239417,37.060104287763195
17101,115.6743094202049,-32.04367292074207
17102,6.374619526564581,53.32156560260604
17103,-16.293271767961702,26.564035800712368
17104,17.057324298057644,56.398375769436115
17105,1.240143985651629,41.51443614941653
17106,4.460684503857667,51.589591699513896
17107,-109.89559403765122,24.75656819058553
17108,4.28062425193218,52.31167620003205
17109,31.82228124166667,35.85654530833331
17110,2.1707598324654405,51.3829882595176
17111,-12.474390405430524,36.57358594043323
17112,-7.663141757905609,38.155003832578934
17113,3.4493857387276914,51.39952626817704
17114,31.51493821289685,36.16122513520855
17115,4.387409042886729,52.39005835380097
17116,-12.240733613895113,36.36473114373279
17117,-1.812706134006512,50.76287050989763
17118,0.2257619232115999,38.462925878137646
17119,-0.5016670887147645,50.347956593151686
17120,-13.050260195178561,30.634075442083326
17121,-8.005775980679187,44.09291473892861
17122,2.4343719621207134,51.28285259311916
17123,-8.612359640756072,41.441790314269184
17124,6.764984410338228,53.262706980960736
17125,24.58619537230394,60.000844375632724
17126,-15.42146290256546,28.528933013701693
17127,7.897226399798293,53.36026704683874
17128,-8.647153472017084,42.26117727616925
17129,-121.61589172367675,39.28033376014215
17130,4.114519007968105,51.31600369718162
17131,27.19459494999999,-28.36172515000002
17132,3.3029496412630244,51.410255541368024
17133,2.7315848689614795,51.19109564802966
17134,2.7315848689614795,51.19109564802966
17135,6.796380458061949,53.11000774429222
17136,-2.579574196781974,48.59680810645
17137,-5.707423038864585,47.35738451079405
17138,-6.009028731535095,43.29282001344535
17139,4.106953975664369,51.29371998483534
17140,2.349386625698425,40.88701397749098
17141,-0.6083120742841778,37.54153399918715
17142,2.0353582686357683,52.66796958039978
17143,173.93357106137816,-42.00768524824295
17144,-5.270267836799253,49.28116056331218
17145,18.787022030235182,57.81657139982415
17146,124.50341505226828,-33.09473328956262
17147,1.1096765143183742,50.801973847626634
17148,7.801558873019904,43.68945806143333
17149,8.159486002134127,54.05454936754398
17150,123.14363288371158,26.22474968759041
17151,2.781200645240055,51.22088890933439
17152,23.277654787573375,37.77917951029351
17153,-5.274344214640223,37.77585022876265
17154,25.350642552844693,40.28993730723392
17155,-0.055369796842747225,51.08022069775858
17156,4.974122202531467,53.12220187721627
17157,10.043097658938041,40.15461944098727
17158,12.097245314100427,54.471770907412385
17159,17.542629105431807,40.7874816869063
17160,11.510126022475488,54.41271239964326
17161,-2.9542221770756303,48.48820339147995
17162,-1.6332775224349754,50.82417834104608
17163,-7.106596708794047,44.35255894676512
17164,5.956559996724983,52.630071106906726
17165,-8.372067776592575,41.730949615818645
17166,101.98957133167832,8.727977088967702
17167,137.3921539017108,34.86563274643059
17168,4.013065802747606,52.818534591811385
17169,3.345085065305204,51.47667889768484
17170,-7.559147973108271,46.223968902245595
17171,-1.8457805656183708,50.173282386946575
17172,-6.075916136101819,53.9409332056957
17173,10.605892121449951,55.446696300851826
17174,-5.870036625736297,36.016511114457444
17175,-7.383862188705175,35.39702864871739
17176,15.061658454752092,59.661116114326994
17177,24.69591400174159,60.02906544127347
17178,27.256376349999986,-28.30057905000002
17179,-12.979195928511897,30.780990658749992
17180,3.345085065305204,51.47667889768484
17181,103.7941862007528,1.242051228745999
17182,3.92232952970107,52.095557346080916
17183,-122.89911446469428,38.9462844184634
17184,-9.09716316874092,37.0843633862152
17185,6.31249538484148,53.34562005398685
17186,115.67431071663349,-32.04367175040476
17187,-110.00649833453913,24.661239668854027
17188,4.270569008364929,52.29929936669871
17189,24.202557530178236,59.80646176040238
17190,-122.4426421587378,47.31709908637828
17191,115.66454664548695,-31.938472502977778
17192,115.5647329904999,-22.21501458761109
17193,-1.608987541836485,50.438918111506
17194,2.9290315388011603,51.32076691029144
17195,14.302667161093211,37.638866463308666
17196,7.982474784108392,55.426961340490195
17197,12.514115589419948,55.06714895580915
17198,4.73761970169247,52.3179063252837
17199,3.634590015068011,52.453375965384495
17200,-117.95984909910078,32.98863621019579
17201,4.029132818164493,51.31715350571491
17202,11.531179174999998,57.368919787500026
17203,13.628955999039677,40.35900915978474
17204,1.061120902318296,41.43060255941655
17205,7.915990364049832,53.35571580403317
17206,12.509705772580018,55.059442908841795
17207,5.081705159674367,51.814408947773614
17208,3.26291699370342,51.360302502588276
17209,4.397594718195014,52.81728374985139
17210,-15.32874618343009,28.28203730941928
17211,-3.5328409618669525,50.899636564402535
17212,2.081793838493379,51.73088156144978
17213,-74.14578054541198,15.948279338144971
17214,116.08777205878935,6.042490740454926
17215,29.46792745591155,40.712426040664816
17216,-7.661039336485888,38.14809346658299
17217,-122.44304987338447,47.34506786491647
17218,10.86069091787485,53.94371974789423
17219,8.334032447724937,53.539377535680806
17220,136.11873628901742,34.101599089413774
17221,2.4629868053762105,52.88049646963871
17222,-65.475519269028,43.66536501291645
17223,174.23961174275365,-41.57097576007248
17224,12.10616694858923,40.416316290338706
17225,25.360496072990188,40.28710211651962
17226,-93.93669869483115,29.862787140620277
17227,9.56510572345383,41.67673157945437
17228,29.283772328840058,40.84544922758102
17229,10.887159275754268,57.393134032476475
17230,2.239574178810923,51.658934396788375
17231,18.321896336319938,54.483452980910414
17232,176.14788732304243,-37.77360788603811
17233,3.3415955548545395,38.999925473218006
17234,27.193829049999987,-28.363157450000017
17235,-15.428105502417235,28.50308632487749
17236,137.39741647948856,34.86364074643059
17237,-46.84561544844916,-24.41616172196236
17238,4.460684203857667,51.589591699513896
17239,124.50577329671275,-33.094136400673726
17240,-122.47934330170169,47.32555885656903
17241,-0.4149046792048128,37.654194146409374
17242,3.3029496412630244,51.410255541368024
17243,-8.005513397345855,44.08979342226195
17244,0.32326225479545095,38.52591650678154
17245,-2.958589541361345,48.48255050933709
17246,10.043371643772034,41.96737548753679
17247,-12.269334588910388,36.567550333793385
17248,101.98920558167835,8.725051047301037
17249,31.51797191289685,36.16057273520853
17250,19.535867721376782,37.75947783771953
17251,-8.372067776592575,41.730949615818645
17252,-1.1233616194356553,50.64489122105961
17253,21.48939865458074,59.00025300277435
17254,-0.057757096842747234,51.080251647758566
17255,2.372377327105091,51.27764317443188
17256,10.569078273830906,55.43505137132801
17257,4.387409480386729,52.39005780467398
17258,31.821797491666665,35.857698408333306
17259,12.254508639732354,54.541455857985554
17260,-0.041864905632115874,39.53160837754342
17261,7.897226399798293,53.36026704683874
17262,123.14611155014016,26.22512862235231
17263,6.758156130338229,53.26173251096075
17264,-103.97468111933989,18.212990903124627
17265,-0.4766863482094857,50.40495472746873
17266,-9.594490457374372,43.94834958673798
17267,1.628684572926014,51.12683726510561
17268,-2.707829998424953,48.545481529912706
17269,4.114519007968105,51.31600369718162
17270,5.930589491907946,52.64708286202797
17271,-6.03355723320176,43.29382632177869
17272,4.106953465664368,51.29371998483534
17273,7.86149134988559,43.69814061681659
17274,-8.647153472017084,42.26117727616925
17275,23.277654787573375,37.77917951029351
17276,6.796380458061949,53.11000774429222
17277,-5.711594047197917,47.36247833222261
17278,2.3501109256984254,40.88351447749098
17279,-121.56571074867678,39.091856685142155
17280,2.841652553023276,51.22163678560989
17281,-12.450104628367031,36.72056877805228
17282,18.723938915235184,57.79169955815749
17283,1.1294384670922393,50.80360516862974
17284,4.911415838685311,53.112086400293194
17285,8.159374757328932,54.05443463663489
17286,173.91223178254222,-42.0304122485075
17287,17.06342478095238,56.3961242461905
17288,-5.29274552846592,49.280825254978836
17289,7.5750397683627,53.346772344716854
17290,-8.612359640756072,41.441790314269184
17291,137.3679260563942,34.762093489491036
17292,-16.356590392907936,26.23465516372312
17293,-7.126211718225042,44.34187676799999
17294,-5.322278755868832,37.793922585435006
17295,17.475145914243612,40.75167396760805
17296,1.9117705587408136,52.85161200427791
17297,11.57765945580882,54.436629932976594
17298,9.929666379158443,40.03089031842153
17299,-1.5877823942298468,50.862943714123006
17300,4.013065802747606,52.818534591811385
17301,3.4493857387276914,51.39952626817704
17302,2.0467395701560718,51.29776481474636
17303,1.297888307732602,50.773419690651345
17304,-7.561566856441605,46.21997626891227
17305,-1.801747094843586,50.17568003623187
17306,-5.8506797118465705,54.03743787098293
17307,2.0353582686357683,52.66796958039978
17308,153.15323153693723,-27.378743231206798
17309,2.7315848689614795,51.19109564802966
17310,2.7315848689614795,51.19109564802966
17311,-10.989082007748609,33.828135638185515
17312,12.706879368775471,39.69408657340972
17313,21.48932074346963,59.00040506944102
17314,29.46792745591155,40.712426040664816
17315,7.5750397683627,53.346772344716854
17316,-3.538030201866952,50.82209823440253
17317,-46.84600049844916,-24.415882621962368
17318,10.566905523830906,55.43451355466134
17319,-7.362575964346942,35.42015580434711
17320,-122.81582203821701,38.78696304966803
17321,3.9155539130344033,52.098657546080915
17322,-122.4426421587378,47.31709908637828
17323,3.3632163987037456,39.021309901304924
17324,29.283772328840058,40.84544922758102
17325,25.35386046891611,40.288120696519634
17326,-79.42542831687796,26.232225076186367
17327,2.2394890954775897,51.65892521345504
17328,-122.47934330170169,47.32555885656903
17329,10.042602943772033,41.96330832087012
17330,101.9859193013212,8.725716104443894
17331,115.6743118090938,-32.043671415186516
17332,-9.09716316874092,37.0843633862152
17333,6.09057997741466,53.24303307386014
17334,-109.98168861461947,24.674593806635304
17335,4.270569008364929,52.29929936669871
17336,115.66454664548695,-31.938472502977778
17337,-1.3899461572070917,50.500231718115735
17338,14.302667161093211,37.638866463308666
17339,2.942714994926992,51.32782360800294
17340,115.1247746904999,-21.184440287611093
17341,7.948958396013155,55.38495684763305
17342,3.67668905728361,52.47841404827834
17343,4.73761970169247,52.3179063252837
17344,-117.98592784076743,33.02222291019579
17345,4.055725838463376,51.329535902172594
17346,103.79200161459885,1.2421442693237708
17347,11.460215181666667,57.42575159083334
17348,12.515595488484347,55.07051750260614
17349,12.120672241922561,40.41955305478315
17350,27.261004849999992,-28.296245850000023
17351,13.63012739565392,40.361855548000115
17352,12.509705772580018,55.059442908841795
17353,7.879763636247536,53.33998423536591
17354,3.250240379111118,51.29322615922741
17355,4.433446747983265,52.837414815058665
17356,137.39741647948856,34.86364074643059
17357,5.03426227753151,51.78620285729742
17358,-15.336935662956442,28.285369644447428
17359,-74.13254814541197,15.933871088144972
17360,2.0818247184933796,51.73015244144978
17361,116.08776502545605,6.042492182121591
17362,129.29803512795584,34.894434808275676
17363,124.50514602171273,-33.09440587567373
17364,-0.041864905632115874,39.53160837754342
17365,19.53586778823953,37.759477979288164
17366,4.460684203857667,51.589591699513896
17367,-122.44304987338447,47.34506786491647
17368,-8.005399047345854,44.08889257226195
17369,27.19786394999999,-28.36112095000002
17370,10.86069091787485,53.94371974789423
17371,-6.039592731535094,43.29440976344536
17372,136.11840244735075,34.10140623108044
17373,8.328180842994648,53.54162411960861
17374,-15.44536917115489,28.46437058364803
17375,2.4629868053762105,52.88049646963871
17376,4.924804658685312,53.08259348029319
17377,-12.3877967472008,36.81463982139862
17378,1.628684572926014,51.12683726510561
17379,-65.47747895652802,43.66412517541646
17380,174.2531723427537,-41.539410610072494
17381,-2.6221194654940034,48.60042132202148
17382,-93.93669869483115,29.862787140620277
17383,23.879458317956015,59.73814343929129
17384,4.110320778194771,51.29368941442724
17385,7.8767673832189224,43.69017635681659
17386,1.9441590892456864,51.220494618641645
17387,-121.57816194867677,39.08972078514215
17388,2.8657346271170803,51.21943066721961
17389,1.089022704711287,50.84648527958213
17390,4.387408947053396,52.39005799356288
17391,1.301676870033913,50.76833075524899
17392,-7.661757516412894,38.15140524225209
17393,12.734165008932111,54.74733859812236
17394,6.760095110338228,53.26179458096074
17395,-12.259971828644687,36.567095491522856
17396,-1.0937283375528515,50.61680556943247
17397,11.508278722475486,54.41101259964326
17398,2.372377327105091,51.27764317443188
17399,176.29156964222904,-37.63444349467781
17400,-8.610746574089406,41.44123206426918
17401,7.897226399798293,53.36026704683874
17402,123.14595142037824,26.223388612034856
17403,24.70400003684977,60.03334307698213
17404,10.887159275754268,57.393134032476475
17405,-11.046883346793896,42.58253922617898
17406,-103.91963583559273,18.18163217700144
17407,1.0356367523182957,41.35139155941654
17408,-0.11156553997682675,51.07058679095859
17409,6.796380458061949,53.11000774429222
17410,-8.647153472017084,42.26117727616925
17411,-1.7140283421848557,50.19033308898981
17412,-5.7114368721979165,47.36211096079404
17413,4.133419670774245,51.322030987712836
17414,2.3500065256984257,40.88516747749098
17415,8.106205703043218,54.03180477663488
17416,3.2903025550784806,51.40800419834278
17417,23.277654787573375,37.77917951029351
17418,-5.281415424273418,37.849789085605615
17419,-0.512564426671927,50.39629269378328
17420,18.75275361523518,57.80433675815749
17421,-0.2681136766108278,37.72468261434171
17422,-9.595030657374373,43.94826798673798
17423,173.93292538254224,-42.007136148507506
17424,-5.262704879446311,49.29276720595924
17425,18.321895590952405,54.48345335049696
17426,17.528053355910277,40.78681463427471
17427,-2.958756141361345,48.48243230933709
17428,-12.778998412797613,31.052207693749995
17429,17.07985223095238,56.399386612857164
17430,-16.370777359574603,26.179285430389786
17431,1.9117705587408136,52.85161200427791
17432,1.2032711035943304,39.08863435997417
17433,137.36848205639419,34.76218798949103
17434,9.838650419158444,40.04466765842153
17435,-1.5052602849847765,50.89523044686326
17436,-5.585417180589434,54.01525672322822
17437,-7.128178318225042,44.340824868
17438,3.4817930416362968,51.41645898021203
17439,5.9305887483051904,52.64708275786132
17440,-8.372067776592575,41.730949615818645
17441,31.82277774166667,35.85577210833331
17442,2.0353582686357683,52.66796958039978
17443,4.013065802747606,52.818534591811385
17444,-7.5600225510166785,46.231151408397345
17445,153.15323153693723,-27.378743231206798
17446,2.7315848689614795,51.19109564802966
17447,2.7315848689614795,51.19109564802966
17448,31.517817612896852,36.15958743520854
17449,3.1087995332438627,51.40846558439713
17450,23.879458317956015,59.73814343929129
17451,-46.846008898449156,-24.415865521962363
17452,-121.74743523695064,34.02572006753708
17453,3.245585710305204,51.44977081768485
17454,-8.005381247345856,44.08976057226195
17455,2.854753542853871,51.75072724240559
17456,129.29803512795584,34.894434808275676
17457,115.14032449049994,-21.325295120944432
17458,54.65563656927427,24.99877013363961
17459,24.709524057551256,60.03656531730489
17460,29.46792745591155,40.712426040664816
17461,137.45199922409498,34.71589024639228
17462,12.706879368775471,39.69408657340972
17463,29.283772328840058,40.84544922758102
17464,-65.59134895652801,43.629327675416455
17465,2.1572746709923902,51.61626434913927
17466,-122.4426421587378,47.31709908637828
17467,10.86069091787485,53.94371974789423
17468,7.830201855705586,53.31990295928966
17469,-121.64425711534342,39.19825238514215
17470,-0.041864905632115874,39.53160837754342
17471,-122.44304987338447,47.34506786491647
17472,8.328180842994648,53.54162411960861
17473,2.543521755467186,52.85840225203233
17474,136.11772078957299,34.10102915108044
17475,174.2530798427537,-41.53907023507249
17476,-93.93669869483115,29.862787140620277
17477,10.887159275754268,57.393134032476475
17478,176.29484244222903,-37.633021494677806
17479,18.321895759382755,54.483453391384785
17480,31.16593169940412,36.9759582004677
17481,25.266886552844685,40.324824207233924
17482,-122.47934330170169,47.32555885656903
17483,10.038909243772034,41.955973270870125
17484,101.98854202882121,8.726832735277226
17485,7.579842888670076,53.350424975640216
17486,3.3922988142924684,38.984976305844725
17487,-122.75348959669653,38.56344599645165
17488,-9.09716316874092,37.0843633862152
17489,115.67431190909379,-32.04367035963096
17490,6.06900238899326,53.29642581655593
17491,-109.96151005751003,24.69195222279317
17492,137.4006152655997,34.861225635319485
17493,4.270569008364929,52.29929936669871
17494,115.66454664548695,-31.938472502977778
17495,13.75153328553432,55.16044600531262
17496,-1.3899461572070917,50.500231718115735
17497,14.307611455140828,37.63567767426105
17498,2.942714994926992,51.32782360800294
17499,27.259205781818167,-28.297176904545477
17500,7.924403182679821,55.35569295013304
17501,4.73761970169247,52.3179063252837
17502,3.6884927536472456,52.47862332977711
17503,-117.99603217410078,33.01519774352912
17504,4.055725838463376,51.329535902172594
17505,103.79200161459885,1.2421442693237708
17506,-2.5682399838967807,48.6408506129937
17507,11.446027081666664,57.43437689083335
17508,12.529228255151015,55.07593403593946
17509,12.509942806562703,55.059472335032275
17510,3.2588785038592296,51.30560690389634
17511,4.433541808616558,38.300834791557094
17512,4.462234091875583,52.851714561822675
17513,123.14412370371157,26.224429628701518
17514,13.538736732861391,40.41154260640096
17515,4.992942510527763,51.76365626577868
17516,10.598919267164236,55.47995255847088
17517,-74.12402984541198,15.925699288144973
17518,1.628684572926014,51.12683726510561
17519,-15.35330754117832,28.29202619269971
17520,-3.5422943852002855,50.82198998440253
17521,2.082543286914432,51.72986990987083
17522,-10.996667372748604,33.88244267485218
17523,116.08777952545603,6.042517182121592
17524,4.387409042886729,52.39005835380097
17525,-1.1084770125528516,50.62751124443247
17526,-103.89263530216392,18.178240933095687
17527,27.195052449999984,-28.360916750000023
17528,3.2903025550784806,51.40800419834278
17529,-0.12539945766345925,37.771231858552234
17530,-12.251498083608706,36.61092661606157
17531,-2.956447741361345,48.48164430933709
17532,1.472675501808616,39.22193759211702
17533,19.53931712112392,37.75929188999532
17534,124.50341505226828,-33.09473328956262
17535,2.318209559100249,51.26801462642948
17536,7.822268566301889,53.33664554575573
17537,-8.647153472017084,42.26117727616925
17538,10.750438326288156,55.57804776323873
17539,2.8657346271170803,51.21943066721961
17540,0.9799884523182958,41.33114485941653
17541,-15.449853201639224,28.445017271875546
17542,153.15323153693723,-27.378743231206798
17543,7.863324763782364,43.697878316261885
17544,-5.757349305531251,47.34853401079405
17545,4.460684203857667,51.589591699513896
17546,4.110320778194771,51.29368941442724
17547,4.925986858685312,53.08297688029319
17548,8.096351089752828,54.02638153644186
17549,-12.403647429723016,36.83326761831819
17550,23.277654787573375,37.77917951029351
17551,-5.216574610874883,49.30414403310209
17552,-5.522409024853208,37.98705411270312
17553,18.75451333523518,57.80617296815748
17554,-9.595030657374373,43.94826798673798
17555,-11.014672687270087,42.585990240464696
17556,17.067070930952383,56.40262817535715
17557,-16.39257117195556,26.177906769913605
17558,17.523631955910275,40.78592813427471
17559,1.9110484461349408,52.834165980576614
17560,11.507600522475489,54.41161589964326
17561,6.796380458061949,53.11000774429222
17562,5.930588416137121,52.64708278574716
17563,-8.610746574089406,41.44123206426918
17564,-12.778590994047612,31.151440599999997
17565,3.977643016654891,52.80469240373191
17566,-5.434279819576363,54.053146421569544
17567,-7.1275107182250395,44.340859068
17568,3.4817930416362968,51.41645898021203
17569,31.51493821289685,36.16122513520855
17570,137.36949985639419,34.76184988949104
17571,1.957973831181171,51.229732176706165
17572,-1.408845217855129,50.95520915057486
17573,173.93283386137816,-42.004757348242954
17574,1.3099305077467296,50.77081685411573
17575,-7.557837666168192,46.23402263188219
17576,-0.4406492830390411,50.41510063877483
17577,4.133419670774245,51.322030987712836
17578,-0.10917823997682678,51.0705558409586
17579,1.0408930932827156,50.853603111963075
17580,-8.372067776592575,41.730949615818645
17581,-1.5404283545839912,50.23250318338982
17582,-7.662308535643664,38.15221372879055
17583,2.7315848689614795,51.19109564802966
17584,2.7315848689614795,51.19109564802966
17585,-6.040357731535095,43.29491851344535
17586,2.350629792365092,40.88699557749098
17587,9.928843527491779,39.88085600842154
17588,31.82228124166667,35.85654530833331
17589,2.0353582686357683,52.66796958039978
17590,6.767655860338229,53.26329983096073
17591,124.50341756337936,-33.09473176734039
17592,10.591583419545188,55.480580248947064
17593,4.648828653378462,38.33946633645506
17594,25.230863647990187,40.35116525401961
17595,-10.98001328055285,33.76672162835411
17596,27.257546481818167,-28.302403204545477
17597,-3.5328409618669525,50.899636564402535
17598,-75.19192895670766,27.416490270839528
17599,-16.43606232251662,25.99989917621723
17600,-46.84526712344915,-24.416479326129032
17601,22.768044377497073,59.47305741078496
17602,21.481099054580742,59.00739950277435
17603,-9.102439704190655,37.07767149097711
17604,-7.661039336485888,38.14809346658299
17605,3.1089535226378024,51.4084446886179
17606,14.5696368661117,38.225125310229416
17607,24.754273694970863,60.05280477529446
17608,-15.35330662689261,28.292025864128277
17609,116.08777205878935,6.042490740454926
17610,29.46792745591155,40.712426040664816
17611,-122.44304987338447,47.34506786491647
17612,8.328180842994648,53.54162411960861
17613,2.5882813199963026,52.840044024217285
17614,174.23433544275366,-41.539423460072484
17615,136.11772078957299,34.10102915108044
17616,29.283772328840058,40.84544922758102
17617,-93.93669869483115,29.862787140620277
17618,-65.585978319028,43.628635737916454
17619,10.887159275754268,57.393134032476475
17620,176.3031216480424,-37.72965765719194
17621,18.298159167300597,54.47396977407294
17622,3.359190993503236,51.51386707979882
17623,-122.47934330170169,47.32555885656903
17624,10.043616243772032,41.96332218753679
17625,101.9847988579879,8.723045176943895
17626,-122.73868348836321,38.43635510061832
17627,-0.041864905632115874,39.53160837754342
17628,5.510692501666665,37.10870007833332
17629,5.99231887291997,53.28804736506315
17630,115.67431937775474,-32.043670689120106
17631,-8.635768698332873,42.17489931301136
17632,-110.28035521510077,24.399130632264924
17633,4.274305008364929,52.300344866698715
17634,3.471531242884195,39.05445603212571
17635,-79.39404139843506,26.17210863622893
17636,115.66454664548695,-31.938472502977778
17637,1.6196732273377785,51.12681352687032
17638,-1.3899461572070917,50.500231718115735
17639,14.594862112170153,55.51749077968473
17640,14.312046421807498,37.63453827759438
17641,-12.241061964633776,36.66936132529949
17642,2.9759693814777664,51.34159349923166
17643,7.924427930536965,55.357533208347334
17644,129.18560261437193,34.98579696328423
17645,4.73761970169247,52.3179063252837
17646,3.72228738890544,52.48554881731576
17647,-118.03761016933888,33.008782429243404
17648,103.79200161459885,1.2421442693237708
17649,4.0791524724955295,51.34170996785994
17650,27.192365749999986,-28.362519150000022
17651,-15.504840928693115,28.35269894649953
17652,4.111740113342315,51.29355188467905
17653,23.277654787573375,37.77917951029351
17654,11.470913681666662,57.40925796583333
17655,137.4006152655997,34.861225635319485
17656,7.8294946343435905,53.32196903281404
17657,19.535867721376782,37.75947783771953
17658,12.49612269236024,55.054160147303335
17659,-12.619960197619038,31.26135816249999
17660,-10.949395956317703,42.586697720464706
17661,-74.14507744541199,15.929886488144971
17662,-0.41515418327055825,50.42654397919774
17663,4.863066323278981,51.72769280394143
17664,3.207502324717702,51.28603461611663
17665,2.731864859306447,51.197572685264625
17666,2.731864859306447,51.197572685264625
17667,3.5560640460089683,51.451751638129515
17668,123.14795899871159,26.226285092034853
17669,-1.0079602791681805,50.63626126014483
17670,13.592527404853247,40.377404190347036
17671,31.516721012896852,36.16197283520853
17672,-8.609050974089405,41.44066426426918
17673,31.82054659166667,35.859098508333304
17674,6.737547921945371,53.26003432908186
17675,-103.84407214725665,18.149092197240357
17676,11.536997955808822,54.42126873297659
17677,2.31046421655639,51.2679263501137
17678,-0.04938525020182997,51.08192815657309
17679,4.462234091875583,52.851714561822675
17680,4.375230352103901,52.3856697228558
17681,10.86069091787485,53.94371974789423
17682,0.9424361523182959,41.27319585941655
17683,-6.059753333201761,43.2955830217787
17684,2.0353582686357683,52.66796958039978
17685,2.8694060579426734,51.220950464219094
17686,3.304032881349749,51.4168138927921
17687,-1.2439118631534098,50.27751865003507
17688,153.15165576528287,-27.383306472958214
17689,1.9054658232886523,39.536823483876596
17690,2.339124230961583,40.866731828368174
17691,-0.06911303081822105,37.8405897897824
17692,-12.405296909432542,36.90635509919625
17693,-5.761518413864582,47.35362153222261
17694,4.460684203857667,51.589591699513896
17695,0.9950211070111783,50.86396974245725
17696,7.822268566301889,53.33664554575573
17697,17.043403705952386,56.39648497535718
17698,-5.232410133951805,49.31182911771747
17699,-75.83391083018188,37.319344100264004
17700,1.9110484461349408,52.834165980576614
17701,18.721999265235183,57.787646183157484
17702,-2.964484141361345,48.48172490933709
17703,8.05835792768904,43.71439424814435
17704,4.927323958685311,53.08349028029319
17705,-9.596638207374372,43.935857261737986
17706,-7.136054368225041,44.340373168
17707,-5.648956734362239,38.20083527094993
17708,17.460949216175422,40.74698011804883
17709,6.796380458061949,53.11000774429222
17710,5.930589659122231,52.64708339457558
17711,12.515595488484347,55.07051750260614
17712,9.978615754158444,39.869489793421536
17713,8.112841620900014,54.08794983267562
17714,1.881564451720387,51.180798400901786
17715,10.883249134304029,55.5508019728419
17716,-1.2372263022554935,51.047989736046105
17717,173.9323131825422,-42.0044112485075
17718,3.977643016654891,52.80469240373191
17719,1.3365307389987882,50.776179284605966
17720,-7.558434916168194,46.23264436521553
17721,-5.483539391798587,54.09915259101397
17722,137.3679260563942,34.762093489491036
17723,-8.372067776592575,41.730949615818645
17724,2.082512206914432,51.73059912987083
17725,137.77693247300252,34.74708541818891
17726,3.817318027856722,50.942934357654934
17727,25.244407985582775,40.35386339651962
17728,116.08776899212269,6.042495098788258
17729,29.46792745591155,40.712426040664816
17730,5.1605967349999995,37.04185946166666
17731,2.818794549203166,51.71966710824177
17732,0.9559846123445116,50.853919916123914
17733,-7.360563639599467,35.42506532606429
17734,-3.5422943852002855,50.82198998440253
17735,138.5022987345899,35.01080480209397
17736,-75.19191825670767,27.416485070839528
17737,29.283772328840058,40.84544922758102
17738,-9.102439704190655,37.07767149097711
17739,-10.946640580552849,33.86829202835411
17740,23.277654787573375,37.77917951029351
17741,11.483077031666664,57.394164865833325
17742,7.832920175184046,53.32799449314068
17743,9.957860974158445,39.784609573421534
17744,13.466995470071025,39.999391001700715
17745,12.49612269236024,55.054160147303335
17746,3.244750200714141,51.287069341441246
17747,123.1476023457704,26.224671139093676
17748,4.462234091875583,52.851714561822675
17749,4.821165379771654,51.697620988845756
17750,-15.361485410821183,28.295339321271136
17751,2.0825430869144324,51.72987000987084
17752,14.574172947271123,38.233685926171454
17753,-0.041864905632115874,39.53160837754342
17754,-122.44304987338447,47.34506786491647
17755,-74.14162814541197,15.925500788144971
17756,136.11772078957299,34.10102915108044
17757,8.328180842994648,53.54162411960861
17758,7.812430818246045,53.33369140512912
17759,2.699655910371297,52.80637636920346
17760,-8.635768698332873,42.17489931301136
17761,-65.587938006528,43.62739590041646
17762,174.25987964275365,-41.51110411007248
17763,-93.93669869483115,29.862787140620277
17764,10.887159275754268,57.393134032476475
17765,18.298157810287556,54.47396964413275
17766,176.49372181722904,-37.6000365696778
17767,0.9387103523182958,41.273051959416556
17768,27.259632581818174,-28.297218304545478
17769,-122.47934330170169,47.32555885656903
17770,10.042847543772034,41.959255020870124
17771,-46.845660398449155,-24.416182921962367
17772,101.99143960798789,8.725219126943895
17773,137.42574156391458,34.86487097510307
17774,-122.73357680502986,38.520152500618316
17775,115.67431269132723,-32.04364839124135
17776,5.996523302911181,53.29915582932257
17777,115.1263668228197,-22.091094169802215
17778,-110.2419874333439,24.418896232767782
17779,-103.79609192975667,18.116071352240358
17780,4.274305008364929,52.300344866698715
17781,1.6196732273377785,51.12681352687032
17782,3.408887694857968,39.07634153977203
17783,115.66454664548695,-31.938472502977778
17784,-8.375860726592574,41.73272951581865
17785,-15.523051951782964,28.303734904491
17786,4.375229818770568,52.3856699117447
17787,15.716697724015313,55.981962212532
17788,10.590830769545189,55.483706332280406
17789,3.4300606402256646,51.46872449268273
17790,14.30960245514083,37.634830860927714
17791,-10.95807871346056,42.58616417617898
17792,11.517310822475487,54.41404054964325
17793,-6.061333231535095,43.29586331344535
17794,-12.235601387967106,36.6821964752995
17795,-1.3964570948889259,50.507600747338536
17796,2.0494952480451714,52.666148695142326
17797,3.1450054655927215,51.46758099298291
17798,7.924311195536965,55.35678451584733
17799,8.088689437783248,43.722012050661185
17800,-7.661757516412894,38.15140524225209
17801,12.257575932689779,40.92897733392643
17802,-9.596638207374372,43.935857261737986
17803,6.740728901945371,53.260477299081856
17804,2.28821448030639,51.2678456951137
17805,3.1094510114727534,51.408399458035376
17806,3.4570330237402844,40.070222670018225
17807,173.93228938254222,-42.0046762485075
17808,27.196500349999994,-28.36059665000002
17809,129.13120525251125,35.03037084079745
17810,-0.03851747526266557,37.84648318978239
17811,2.8694060579426734,51.220950464219094
17812,4.460684203857667,51.589591699513896
17813,-5.761245238864583,47.35084476079405
17814,18.74432156523518,57.79949360815749
17815,19.536051416810956,37.76019936976436
17816,137.36848205639419,34.76218798949103
17817,4.924804658685312,53.08259348029319
17818,-12.42059732685551,36.89061523407019
17819,17.09467675595239,56.41143067535716
17820,-75.80033347966669,37.40275861949789
17821,-5.80430031929148,38.31369945409575
17822,17.51603134117542,40.7847176847155
17823,-2.9501523401093888,48.49960483625415
17824,4.73761970169247,52.3179063252837
17825,-12.616195764285706,31.331072695833317
17826,1.854297348148958,51.15871648447321
17827,-7.138020968225041,44.33932126799999
17828,1.905959863836804,52.842407793930654
17829,138.37756736202627,34.97911155558843
17830,-8.606492832422738,41.440133014269186
17831,8.1128419666143,54.08794967267562
17832,-0.7479390739680943,51.200408970734195
17833,-118.06774013742167,32.9826957114874
17834,1.3563700577700197,50.793344678697274
17835,-7.5463403797303785,46.24948724782438
17836,3.8187828723355084,50.94212356267165
17837,5.930588718019476,52.64708321124226
17838,10.872056350970695,55.529766839508575
17839,103.79200161459885,1.2421442693237708
17840,10.86069091787485,53.94371974789423
17841,3.977643016654891,52.80469240373191
17842,-5.221009016146294,54.062720949444184
17843,153.15165576528287,-27.383306472958214
17844,-0.41515418327055825,50.42654397919774
17845,-0.055581239134636334,51.07988299820682
17846,4.077651364016214,51.284831361414874
17847,12.515595488484347,55.07051750260614
17848,15.835246101245602,55.9561369143934
17849,31.82277774166667,35.85577210833331
17850,-1.172585923875632,50.31493664914618
17851,3.6802603487644734,51.515288649255254
17852,6.796380458061949,53.11000774429222
17853,31.517817612896852,36.15958743520854
17854,3.72228738890544,52.48554881731576
17855,4.2185250862312165,51.43109321265635
17856,2.338192230961583,40.86776032836818
17857,-5.208528333951806,49.313186317717474
17858,-1.0397703344073483,50.63338068003435
17859,2.731864859306447,51.197572685264625
17860,2.731864859306447,51.197572685264625
17861,10.436008729121212,40.03366735066666
17862,2.02972487686122,51.52351301947074
17863,2.810987299203166,51.71151436657511
17864,-121.69687992288078,34.012466781434384
17865,-75.18288723236195,39.06449751951181
17866,104.38248749556995,14.692872397380865
17867,27.25963288181817,-28.297217804545475
17868,11.483713602080751,54.434397030564305
17869,-3.5422943852002855,50.82198998440253
17870,-46.84607799844915,-24.416299521962365
17871,3.430060470225665,51.46872449813728
17872,-79.27598489843507,26.097316736228933
17873,103.79200161459885,1.2421442693237708
17874,11.449471031666663,57.39022486583333
17875,4.570306825440053,51.62224633550446
17876,10.26531292912121,39.951113850666665
17877,1.388695513571428,36.39410732595238
17878,1.6196732273377785,51.12681352687032
17879,12.245690914313473,40.43739899093815
17880,21.29274562627578,59.03333231256933
17881,-8.375860726592574,41.73272951581865
17882,115.66454664548695,-31.938472502977778
17883,3.7295070777077144,52.03374967664492
17884,54.65563656927427,24.99877013363961
17885,16.418815042627838,56.26792857227572
17886,14.307611455140828,37.63567767426105
17887,-1.3964570948889259,50.507600747338536
17888,137.45272269073462,34.867934341626736
17889,7.924365582679822,55.35565895013305
17890,3.144444413481769,51.46725607658478
17891,-7.662308535643664,38.15221372879055
17892,3.72228738890544,52.48554881731576
17893,4.73761970169247,52.3179063252837
17894,-118.34988695488961,33.085450853154065
17895,4.2185250862312165,51.43109321265635
17896,23.277654787573375,37.77917951029351
17897,9.992737409246166,39.74022282386013
17898,13.351464657824499,39.97636172910889
17899,3.1469752408696303,51.27745918016719
17900,7.758764513772555,53.3011065451213
17901,123.14545151204491,26.22591114536819
17902,4.462234091875583,52.851714561822675
17903,-15.361486582249752,28.295339821271142
17904,-78.74136740045526,33.63682290483841
17905,2.082543286914432,51.72986990987083
17906,29.46792745591155,40.712426040664816
17907,-74.13230164541199,15.916524288144974
17908,-122.44304987338447,47.34506786491647
17909,136.11772078957299,34.10102915108044
17910,8.327878173475932,53.54190700784392
17911,7.750400220890565,53.317418414762116
17912,2.750021853920218,52.78632922783388
17913,174.26975444275365,-41.51748303507248
17914,29.283772328840058,40.84544922758102
17915,-8.635768698332873,42.17489931301136
17916,-93.93669869483115,29.862787140620277
17917,-65.69942987652801,43.59194901541646
17918,10.887159275754268,57.393134032476475
17919,176.7152123838957,-37.64379068634447
17920,18.303641916410772,54.47775465095139
17921,-10.955451980552846,33.927107928354104
17922,14.532061750723214,38.31724453346355
17923,4.375229914603901,52.38567027198279
17924,2.642731259489092,51.210497959766805
17925,-122.47934330170169,47.32555885656903
17926,10.039153843772032,41.95191997087012
17927,101.99694056947438,8.726192400592543
17928,2.783008961479563,51.333994064937535
17929,-122.73754540502986,38.519543300618324
17930,115.67430783918817,-32.04364539552678
17931,3.569189070595933,39.10173989303388
17932,-0.0418734825551928,39.53161166215881
17933,-9.102439704190655,37.07767149097711
17934,5.974044395653117,53.299937217225796
17935,138.45609388382093,34.98604470708186
17936,-6.059176031535096,43.29617631344536
17937,-15.545581967015552,28.260433827831196
17938,-103.45064016479941,17.92754603771044
17939,27.194050349999987,-28.361360150000017
17940,10.596690667164237,55.48571015847088
17941,17.04391419166667,56.38292570333333
17942,-110.19900979366639,24.46049069092167
17943,31.82228124166667,35.85654530833331
17944,3.977643016654891,52.80469240373191
17945,3.724865595622769,51.5448691646608
17946,3.6813799030496024,50.81282297548706
17947,31.51493821289685,36.16122513520855
17948,19.53950074969535,37.76001328047151
17949,-12.210005319681393,36.714920341386794
17950,-1.0606671463358612,50.62599933387016
17951,2.731864859306447,51.197572685264625
17952,2.731864859306447,51.197572685264625
17953,1.905959863836804,52.842407793930654
17954,4.079588828948515,51.28457705003953
17955,6.747047651945371,53.26160164908185
17956,6.796380458061949,53.11000774429222
17957,18.737723085235178,57.79950554315749
17958,2.1926872951105456,51.2682932675363
17959,-8.604963132422737,41.43970571426919
17960,4.274305008364929,52.300344866698715
17961,173.93259206137816,-42.00219164824294
17962,1.0521652523182956,41.32114075941655
17963,4.644449563872705,40.511558976634
17964,-0.05319393913463633,51.079852048206824
17965,2.338903230961583,40.86868472836817
17966,-0.03188699788171311,37.856041562401444
17967,2.0970921181368936,52.662055111995485
17968,2.8694060579426734,51.220950464219094
17969,-1.05505831166633,50.33576889693688
17970,4.460684203857667,51.589591699513896
17971,129.0739122907995,35.07336245761856
17972,12.496359726342925,55.054189573493815
17973,15.877379756106713,55.97253025536562
17974,-12.412386725947949,36.898407539381104
17975,-0.41397318327055826,50.42639277919774
17976,-5.75746530553125,47.35094341079405
17977,137.36949985639419,34.76184988949104
17978,12.529228255151015,55.07593403593946
17979,4.925986858685312,53.08297688029319
17980,-5.060327981138619,49.3346051373878
17981,-75.84166184197423,37.35110957906081
17982,-5.804421306214557,38.31400437332651
17983,-2.949030390109389,48.49900665292082
17984,8.453946712621297,43.741854202652924
17985,-12.559939185714278,31.350574365476174
17986,12.257575932689779,40.92897733392643
17987,-9.655256134359412,43.841156252340205
17988,1.826715511179261,51.14951073295805
17989,-10.96084217060342,42.5879460404647
17990,-16.41198380528889,26.163990426580277
17991,17.511698303675427,40.7838266972155
17992,5.930588300137122,52.64708302008049
17993,115.12861982281967,-22.085448903135553
17994,10.932743344523812,55.51331970694446
17995,-0.5214562945184045,51.254830972947104
17996,-7.544306679070092,46.283914960767326
17997,-5.131414571334419,54.047573624091456
17998,-7.06873556822504,44.39168916799999
17999,8.167524116271014,54.11092160949183
18000,10.86069091787485,53.94371974789423
18001,1.38863563708108,50.805742453793734
18002,153.15165576528287,-27.383306472958214
18003,3.645882937231524,52.003139710573485
18004,-3.513805778113706,50.88453701272289
18005,10.589807552878524,55.4789697822804
18006,1.3795760702380948,36.40199479261905
18007,-15.361485410821183,28.295339321271136
18008,2.7871612557965726,51.69538946863555
18009,-7.661039336485888,38.14809346658299
18010,25.232462647990182,40.35240085401961
18011,14.54304279096131,38.351818170844496
18012,-7.309611576655408,44.60610995964479
18013,54.65563656927427,24.99877013363961
18014,-9.654715934359412,43.84123785234021
18015,29.46792745591155,40.712426040664816
18016,138.51041229407522,35.012761694299854
18017,27.255155181818168,-28.29953800454548
18018,-10.900826780552853,33.90661072835411
18019,29.283772328840058,40.84544922758102
18020,-46.84526304844916,-24.416471521962368
18021,129.05838744079952,35.09520510761856
18022,4.274305008364929,52.300344866698715
18023,-8.375860726592574,41.73272951581865
18024,115.66454664548695,-31.938472502977778
18025,104.38295010509376,14.685860706904673
18026,16.808204658881678,56.42591793215595
18027,14.33369832544386,37.62970139291905
18028,-1.4123978988032961,50.507759780187996
18029,3.1711582916213312,51.50716145951528
18030,7.924428020536966,55.35753342834733
18031,-74.15326024541197,15.91702383814497
18032,4.73761970169247,52.3179063252837
18033,4.32192071750395,51.47545767393104
18034,-118.77108053347727,33.351146104503286
18035,103.79194702332623,1.2421144437301905
18036,6.65549973187601,53.25079153162622
18037,3.72228738890544,52.48554881731576
18038,11.148225292359657,57.20712560709302
18039,23.277654787573375,37.77917951029351
18040,114.67516509417557,-21.869802027888728
18041,9.972449869246164,39.72720360886012
18042,13.440005541157833,39.91815164577555
18043,7.75876426932811,53.301106322899074
18044,3.1420495163108035,51.295525491666474
18045,123.1489353253025,26.22483473067122
18046,4.462234091875583,52.851714561822675
18047,2.0922245185215744,51.70941481469225
18048,18.720088399193518,57.778902451074174
18049,3.471055623178484,51.502041639857836
18050,3.4831043724030555,51.625347190559125
18051,-0.041864905632115874,39.53160837754342
18052,-8.604537512422738,41.43982115426918
18053,-122.44304987338447,47.34506786491647
18054,8.327878173475932,53.54190700784392
18055,136.14687619483612,34.10399126686991
18056,7.750400220890565,53.317418414762116
18057,2.750409296564025,52.79204327305257
18058,-8.635768698332873,42.17489931301136
18059,0.9755282981899223,50.86000523019396
18060,-65.7999042476487,43.552802289123356
18061,174.26244684275372,-41.42306491007248
18062,1.6196732273377785,51.12681352687032
18063,-93.93669869483115,29.862787140620277
18064,10.887159275754268,57.393134032476475
18065,1.1303119523182956,41.32353655941656
18066,177.15085520161384,-37.78972508219193
18067,18.15961997964422,54.42332714503654
18068,2.775532860272197,51.334056797856775
18069,4.375230352103901,52.3856697228558
18070,-12.469893528696732,31.444646760651608
18071,-122.47934330170169,47.32555885656903
18072,10.043616243772032,41.96332218753679
18073,101.9924498216966,8.72891718337032
18074,-6.07513578320176,43.29662012177869
18075,12.250392905906113,40.427314702630554
18076,-122.73751760502986,38.53380200061832
18077,-9.102439704190655,37.07767149097711
18078,137.3679260563942,34.762093489491036
18079,-7.356090022932801,35.42856948439763
18080,12.257575932689779,40.92897733392643
18081,-10.92927207060342,42.59019327046471
18082,6.002605235970058,53.29252774292098
18083,115.67430351071776,-32.04363788589655
18084,9.606556362454546,39.73389728400001
18085,-15.586410278190394,28.15453863257043
18086,-0.25482977896624825,51.44260711859787
18087,-16.42354217862222,26.025146824913605
18088,-78.6017467557274,33.8525922696724
18089,2.1804336577394388,51.26608903432014
18090,137.45272269073462,34.867934341626736
18091,1.3959417587760017,50.810155280881844
18092,4.513450406252682,51.60361850561834
18093,27.192480449999984,-28.36238815000002
18094,10.86069091787485,53.94371974789423
18095,2.8694060579426734,51.220950464219094
18096,5.3044068502099835,40.812208486575216
18097,4.926304877435311,53.06855271154319
18098,-4.809900381171564,49.34127366981416
18099,12.395034276153371,54.93994550259913
18100,0.11516926465796931,37.889284412957
18101,16.990791451449272,56.407163878985514
18102,6.796067158061948,53.10997604429222
18103,5.930589659122231,52.64708339457558
18104,-2.838428990109388,48.63221316125415
18105,15.877379756106713,55.97253025536562
18106,-7.079747133666217,44.36879290234873
18107,2.731865080359079,51.19757246947515
18108,2.731865080359079,51.19757246947515
18109,-110.28028249510076,24.399218172264924
18110,2.6509589083730076,51.21299783349046
18111,2.0970921181368936,52.662055111995485
18112,11.02207607816667,55.618405962690495
18113,-7.533027742815726,46.29978280859596
18114,-1.1850913037822721,50.33868641254557
18115,153.15165576528287,-27.383306472958214
18116,-5.804317006214557,38.31371197332651
18117,17.477769362842086,40.73481931380641
18118,173.93149768254221,-42.004758648507504
18119,3.977643016654891,52.80469240373191
18120,138.45277869382093,34.99172161930407
18121,3.4673171984331526,50.57655349850356
18122,2.3383386309615832,40.865546828368174
18123,3.572649592764074,39.10536916079106
18124,8.167486472829456,54.110888509491836
18125,-5.1454693246677525,54.03804810409143
18126,3.813208838900833,51.593966651643974
18127,-5.758850813864583,47.35299163222262
18128,4.460684203857667,51.589591699513896
18129,-0.03082475024574742,51.08139980042905
18130,19.53605134994821,37.76019922819572
18131,8.511500630824644,43.73803891646913
18132,-12.140784287110463,36.84746891907338
18133,-12.345562279903715,37.033397870517604
18134,-103.4206482094098,17.92774756784031
18135,-75.8133054861365,37.34831287358881
18136,31.51632301289685,36.162149535208535
18137,4.081005173827921,51.283374937987276
18138,12.49612269236024,55.054160147303335
18139,31.820148591666676,35.85927520833331
18140,1.7949007546977802,51.13108889851361
18141,-1.0952469540739564,50.609230757084454
18142,1.8672634741389158,52.88086973449168
18143,-0.41515418327055825,50.42654397919774
18144,54.6556365814965,24.998769549750723
18145,-8.604537512422738,41.43982115426918
18146,1.6196732273377785,51.12681352687032
18147,-79.25935702502515,27.630332501730106
18148,-80.47721982520807,31.70790222952535
18149,1.9002006809088388,51.42128331066122
18150,-46.84564809844915,-24.416192421962368
18151,11.061864638701122,57.18219965343449
18152,3.96295241643074,39.05356784402915
18153,-7.918502897345855,44.10283922226195
18154,29.46792745591155,40.712426040664816
18155,12.250392905906113,40.427314702630554
18156,23.050764250681755,38.46170041151386
18157,7.716664603857813,53.28437219915595
18158,13.440005341157832,39.91815164577555
18159,14.516422062072422,38.33076104989212
18160,-0.041864905632115874,39.53160837754342
18161,0.9293515961355464,50.850405206165206
18162,25.228503068916112,40.354699396519635
18163,6.002605235970058,53.29252774292098
18164,115.6743021142892,-32.04364011178941
18165,4.536958296159786,51.592859983839624
18166,4.274305008364929,52.300344866698715
18167,-8.375860726592574,41.73272951581865
18168,115.66454664548695,-31.938472502977778
18169,3.5435502777077144,51.97527491414492
18170,-1.4123978988032961,50.507759780187996
18171,16.970012651559824,56.49034351802932
18172,14.377717612375427,37.6262418188134
18173,3.4966228506810673,51.709893783667596
18174,7.923445620536964,55.35555563584733
18175,4.345394734053919,51.496063510495766
18176,4.73761970169247,52.3179063252837
18177,-119.11834287750325,33.48472129943835
18178,3.72228738890544,52.48554881731576
18179,103.79194602332623,1.2421104255483726
18180,6.65868071187601,53.251234501626215
18181,23.277654787573375,37.77917951029351
18182,9.978509075912829,39.71601791552679
18183,3.2666938374642354,51.37148070626268
18184,-16.430721745288896,26.122637858246936
18185,2.775532860272197,51.334056797856775
18186,4.462234091875583,52.851714561822675
18187,123.14759217563055,26.222701175614656
18188,1.1262079523182955,41.323695859416546
18189,-15.361485410821183,28.295339321271136
18190,2.092255398521575,51.70868569469226
18191,2.7774922986537156,51.679925225778405
18192,27.196500349999994,-28.36059665000002
18193,-74.20386217463276,15.81822535567744
18194,19.536051416810956,37.76019936976436
18195,138.51041229407522,35.012761694299854
18196,-7.229616990757973,44.801689030157604
18197,-122.44304987338447,47.34506786491647
18198,-15.619750090847399,28.107685598367528
18199,136.14687619483612,34.10399126686991
18200,8.327878173475932,53.54190700784392
18201,7.714736309896571,53.30302283632721
18202,2.750409296564025,52.79204327305257
18203,-10.923311080552846,33.95357392835411
18204,174.2607422427537,-41.42024281007248
18205,-8.635768698332873,42.17489931301136
18206,-93.93669869483115,29.862787140620277
18207,29.283772328840058,40.84544922758102
18208,13.74955636958171,37.39039745935789
18209,-65.90915683514872,43.51619585162336
18210,177.3378504675771,-37.82110633584945
18211,18.113755036060546,54.406945269280804
18212,137.51373990749423,34.8727764612474
18213,-110.2419874333439,24.418896232767782
18214,4.375229156270569,52.385669986744695
18215,27.259632581818174,-28.297218304545478
18216,6.795753858061948,53.10994434429222
18217,5.282014364495698,40.8270359580038
18218,-122.47934330170169,47.32555885656903
18219,101.99708372169658,8.732833108370318
18220,0.17557818056706015,37.91023900613881
18221,2.6504863960134575,51.21305032825902
18222,0.20814705580932266,51.82562731170451
18223,-12.072238099610466,36.89768019526386
18224,10.042847543772034,41.959255020870124
18225,12.239544778187476,40.93849201949223
18226,-10.905417837270086,42.58999514046469
18227,2.151011231256565,51.2658480939066
18228,10.593639936211858,55.47918173894707
18229,-78.47365732736736,34.032237037110164
18230,2.1583571068949503,52.673322459822664
18231,10.86069091787485,53.94371974789423
18232,2.8694060579426734,51.220950464219094
18233,-103.38161791979628,17.904243806703317
18234,128.7218635922685,35.34266281680676
18235,10.887159275754268,57.393134032476475
18236,4.460684203857667,51.589591699513896
18237,-7.344110802956143,35.43752784412219
18238,-5.804317006214557,38.31371197332651
18239,-5.761295938864583,47.350929760794045
18240,8.524813193780254,43.72996346715149
18241,4.923785577435312,53.06765591154319
18242,3.6690133631530193,51.58358692180196
18243,-12.319583397998956,37.09369001901759
18244,17.239354407758793,56.65176589037439
18245,-75.82878655178058,37.34482014391677
18246,17.569448926431836,40.77860575779243
18247,-0.41515418327055825,50.42654397919774
18248,18.747049809193513,57.794021986074156
18249,-2.8385955901093882,48.632094961254154
18250,137.38535118803057,34.76027777373346
18251,12.395034276153371,54.93994550259913
18252,-12.189384124026404,31.59835427603623
18253,138.44421368864224,34.98976867640752
18254,-122.71881910502987,38.450737400618316
18255,-6.085565231535094,43.29748461344535
18256,12.496359726342925,55.054189573493815
18257,8.183112623692551,54.16813722657516
18258,114.04844236084226,-20.68866244026968
18259,1.7846252439134664,51.12308892204301
18260,11.19838772117742,55.632623163980824
18261,-9.064914754881276,37.051711969918244
18262,-7.525324483412272,46.31111922768117
18263,-7.278517795142822,44.20007762575516
18264,2.731865080359079,51.19757246947515
18265,2.731865080359079,51.19757246947515
18266,1.8602533598387276,52.88664552327443
18267,5.930588718019476,52.64708321124226
18268,15.877379756106713,55.97253025536562
18269,31.822858941666674,35.855633808333316
18270,3.977643016654891,52.80469240373191
18271,1.3991009154205285,50.81246363695692
18272,-4.987595435436983,54.028667055210335
18273,153.13785337522285,-27.42854052314322
18274,3.2897348604072993,50.36526301373147
18275,31.517817612896852,36.15958743520854
18276,4.085696608517903,51.28274034069287
18277,173.93147408254222,-42.005023748507504
18278,-0.4904431803306105,50.49935636618985
18279,3.4078826008794194,51.618905528902566
18280,9.552157262454545,39.67714848400001
18281,4.015140133575418,51.70907977501868
18282,-0.03082475024574742,51.08139980042905
18283,2.337201130961583,40.867432928368174
18284,104.38140329556994,14.693120397380865
18285,-4.781920746449343,49.34924214342527
18286,-1.1516301229781447,50.51803405983832
18287,3.4078826008794194,51.618905528902566
18288,-3.430087583113705,50.790393912722884
18289,2.775532860272197,51.334056797856775
18290,-10.923311080552846,33.95357392835411
18291,3.5435502777077144,51.97527491414492
18292,103.79194602332623,1.2421104255483726
18293,0.7479166422456152,50.82846405249314
18294,-5.75746530553125,47.35094341079405
18295,-78.7698778535966,27.14305631601582
18296,29.46792745591155,40.712426040664816
18297,29.283772328840058,40.84544922758102
18298,1.6126965355813576,51.12199721456709
18299,-7.199848594924639,44.71423398849093
18300,4.536658862826453,51.592997833839625
18301,4.274305008364929,52.300344866698715
18302,115.66454664548695,-31.938472502977778
18303,-8.379607651592574,41.72599802415198
18304,16.970012651559824,56.49034351802932
18305,14.408498929298508,37.62120520291596
18306,3.8285615035533236,51.93574754991238
18307,7.923500027679821,55.354429950133046
18308,4.73761970169247,52.3179063252837
18309,3.72228738890544,52.48554881731576
18310,-119.39767919432374,33.60836353345065
18311,6.66232801187601,53.25176600162621
18312,4.4628950741104045,51.55016992803266
18313,10.600436880716654,56.81781717288254
18314,23.277654787573375,37.77917951029351
18315,7.733684467852292,53.305408481052446
18316,9.969991942579496,39.71014139052679
18317,13.470801374491163,39.883427127593734
18318,3.266978937464235,51.37155350626269
18319,4.462234091875583,52.851714561822675
18320,123.19431208496847,26.33616045146607
18321,-15.36148611082118,28.295339421271137
18322,-74.20386637463277,15.818222555677439
18323,1.209955513571428,36.43175682595239
18324,19.53950074969535,37.76001328047151
18325,2.092255298521575,51.70868549469226
18326,2.750586709126257,51.6519873867171
18327,4.021616434179944,51.71775274438223
18328,10.721754906741632,42.04164871642779
18329,2.525387069294743,51.04374324625037
18330,138.51041229407522,35.012761694299854
18331,137.55201588532836,34.87574264871456
18332,-0.041864905632115874,39.53160837754342
18333,-122.44304987338447,47.34506786491647
18334,8.327878173475932,53.54190700784392
18335,-6.080331131535093,43.29759001344535
18336,7.711118358589086,53.30172780410768
18337,2.7830623665555505,52.78211036909052
18338,10.609532933830904,55.47849146513755
18339,136.14687619483612,34.10399126686991
18340,9.557316562454542,39.67963588400001
18341,-8.635768698332873,42.17489931301136
18342,-8.604537512422738,41.43982115426918
18343,-93.93669869483115,29.862787140620277
18344,174.27983544275372,-41.400797435072484
18345,-15.653548740089823,28.087151963140254
18346,-65.90940523514871,43.517085851623364
18347,-7.344435565813286,35.437717893765054
18348,1.0908785523182956,41.31417645941655
18349,177.3389740675771,-37.81970733584945
18350,18.114696828152276,54.40782763854427
18351,25.227605652844687,40.35601860723392
18352,-110.20075034893951,24.458630353878576
18353,3.156794846484672,50.23562184436864
18354,4.375229914603901,52.38567027198279
18355,-46.84607799844915,-24.416299521962365
18356,-122.47934330170169,47.32555885656903
18357,-12.061645106759267,36.92872917561782
18358,101.99744262169658,8.732605008370319
18359,12.239544778187476,40.93849201949223
18360,10.039153843772032,41.95191997087012
18361,-12.17759001569307,31.621246648258452
18362,27.19404014999999,-28.36135615000002
18363,13.74958486958171,37.390479159357895
18364,-80.50304698942487,31.65806956871216
18365,-78.41684994019163,34.11260767193848
18366,-10.904574337270084,42.5911822404647
18367,-4.772063188290775,49.358310941328085
18368,-7.273928695142821,44.202048425755166
18369,-7.918879830679187,44.10686138892862
18370,8.183075788429393,54.16810119710148
18371,12.242265666434344,40.42168519233
18372,2.1583571068949503,52.673322459822664
18373,11.293299807010756,55.609631073980815
18374,1.412899051977016,50.822773893466525
18375,23.050764250681755,38.46170041151386
18376,31.82228124166667,35.85654530833331
18377,-0.44122622342562456,50.517085488803524
18378,31.51493821289685,36.16122513520855
18379,4.089859211225413,51.28176289176932
18380,1.7842379503420378,51.12190133561444
18381,-9.05003518901589,37.03948737328363
18382,-1.1492553229781448,50.51823385983832
18383,-122.70522462169653,38.36779450061832
18384,2.1217959296629973,51.26334062580719
18385,12.408667042820039,54.94536203593247
18386,3.7159080538825267,51.60790720715388
18387,104.38215039556995,14.693457197380864
18388,-103.30978087043728,17.858736098113575
18389,18.697319660369985,57.778130209603574
18390,128.5424073944858,35.468053278681296
18391,4.924967777435312,53.06803931154319
18392,10.887159275754268,57.393134032476475
18393,-75.95142567119557,37.140188084050536
18394,6.795439141395281,53.109912644292216
18395,-0.4282353677927426,50.42171370843551
18396,5.930588864123372,52.64708309825526
18397,115.67430670642594,-32.04363521503727
18398,6.002605235970058,53.29252774292098
18399,-79.26074955439465,26.100947499764285
18400,-1.4123978988032961,50.507759780187996
18401,27.25717238181817,-28.297977504545475
18402,2.731865080359079,51.19757246947515
18403,2.731865080359079,51.19757246947515
18404,0.18483860420342385,37.91827740886609
18405,10.86069091787485,53.94371974789423
18406,2.8756795647761506,51.22192904318372
18407,-7.522977561190049,46.31497124990338
18408,0.20814750580932262,51.82562741170451
18409,173.93132036137817,-42.00503984824295
18410,153.08446372097117,-27.304163808114026
18411,-5.804421306214557,38.31400437332651
18412,17.565027526431837,40.77771925779243
18413,1.8602533598387276,52.88664552327443
18414,5.27145724782903,40.82038379133713
18415,138.46323916542772,34.99397017967802
18416,2.3376173309615833,40.867684628368174
18417,15.877379756106713,55.97253025536562
18418,3.977643016654891,52.80469240373191
18419,4.460684203857667,51.589591699513896
18420,-0.03128615024574743,51.08121680042905
18421,-2.8359776518740945,48.67259781357613
18422,137.38636898803057,34.75993967373346
18423,12.496359726342925,55.054189573493815
18424,8.687227574152821,43.76754014346091
18425,113.18282482366175,-20.59161243763464
18426,-12.334778947334796,37.12079281780205
18427,-4.89922050270971,54.00104599566488
18428,17.237740207758794,56.65037919037438
18429,-16.43210117195556,26.120886226580264
18430,153.46393421039897,-26.901830732785637
18431,-8.604537512422738,41.43982115426918
18432,54.657256240876976,24.99894706915458
18433,-78.77217125359658,27.14299941601582
18434,19.6490528352786,37.71157815108132
18435,5.398630633543316,40.81499761990855
18436,29.283772328840058,40.84544922758102
18437,103.79102725174153,1.2412096944008315
18438,10.417006322731305,56.57393912582959
18439,-15.361485410821183,28.295339321271136
18440,-0.04241287221951182,39.53079878931512
18441,1.1956211702380948,36.438778092619046
18442,138.5079345940752,35.01004189429986
18443,-66.11710223375982,43.43629011690115
18444,174.23364994275371,-41.43320752673915
18445,-93.93669043807644,29.862793595110844
18446,1.6126965355813576,51.12199721456709
18447,17.99964896256264,54.396075921532635
18448,177.32871023172382,-37.88991040114136
18449,-79.25915395439466,26.101909349764288
18450,4.375230560437235,52.385669939522465
18451,3.0293370372706043,50.1071816828033
18452,-46.84526334844915,-24.416471638629034
18453,-122.47934330170169,47.32555885656903
18454,10.042727115200606,41.95301657325108
18455,101.98856227545119,8.740729667894128
18456,115.67430890007674,-32.0436315530333
18457,-122.70804998187823,38.285503141512564
18458,6.011084505667027,53.29171199696138
18459,4.52612805664986,51.604307022690406
18460,-6.087339533201758,43.29742922177869
18461,4.2774925533649295,52.299527996698714
18462,115.66454603298698,-31.938478290477782
18463,-8.379607651592574,41.72599802415198
18464,16.970012651559824,56.49034351802932
18465,-7.345947079455868,35.43705438551244
18466,3.8510010319760495,52.00690811204286
18467,14.412933895965173,37.62006580624929
18468,7.949880839444528,55.392492726288495
18469,1.0846254523182957,41.335012559416555
18470,4.541574770431421,51.58771896636763
18471,4.73761970169247,52.3179063252837
18472,-119.63731936444641,33.761346267180805
18473,3.7143103699301903,52.47812534412862
18474,6.627838177905423,53.24605719368505
18475,23.277654787573375,37.77917951029351
18476,13.466635391157832,39.87627129577555
18477,10.011239569246161,39.65320550886013
18478,7.754349641018926,53.32374100715393
18479,3.213175530312546,51.36735563255361
18480,4.476283617375114,52.85766997538181
18481,-78.27991909644139,34.290595757120315
18482,123.30899938339958,26.56438946124219
18483,-121.30796514701012,39.01439929430882
18484,-74.21838707463276,15.861380505677436
18485,2.092025141236507,51.70492195565757
18486,-0.33219417768574877,50.547063663698246
18487,-103.32804231137135,17.870170545091597
18488,6.79543889011323,53.10991277025376
18489,2.727885004785598,51.63368168725129
18490,0.6018573662745893,51.961295260369795
18491,27.19508834999999,-28.364420350000017
18492,137.55696776032835,34.87566974871456
18493,-11.802043490007373,37.16927884017222
18494,29.46792745591155,40.712426040664816
18495,-0.01929435297683982,51.084003214504676
18496,128.1856807152923,35.758408025786736
18497,-10.620044280552854,34.11026742835412
18498,0.7364642717694246,50.820973882493135
18499,4.460684203857667,51.589591699513896
18500,-2.7547228903537335,48.65707756958186
18501,12.586691547722044,55.117408680932414
18502,8.842335299536547,43.81038086050113
18503,4.1094028610372675,51.75742671401405
18504,-110.29219815968133,24.388529539526655
18505,10.614409366485752,55.491872385372005
18506,-122.44304987338447,47.34506786491647
18507,4.910396757435311,53.097148831543194
18508,-9.055773315395959,37.06128234250688
18509,18.62894627181687,57.75110641343142
18510,0.2458748360432506,37.94520195455874
18511,2.8756795647761506,51.22192904318372
18512,-76.00714845135539,37.026065914008356
18513,173.91597158254223,-42.0033710485075
18514,3.977643016654891,52.80469240373191
18515,-5.804317006214557,38.31371197332651
18516,17.52374603574556,40.673737357792426
18517,-0.43744968922131405,50.41255086200694
18518,5.930589307726127,52.64708320242192
18519,2.304397992988365,40.887099630364425
18520,-80.49359601141119,31.609635932022666
18521,-10.874357294412944,42.59309708475042
18522,23.050764250681755,38.46170041151386
18523,138.4624986254277,34.99299961967802
18524,-5.725537028150297,47.3787862679369
18525,8.183063031286535,54.167455021387184
18526,111.61477004270934,-19.302785083587022
18527,11.359922961033742,55.59905660731414
18528,-1.4123978988032961,50.507759780187996
18529,1.4596605618824823,50.85194681529035
18530,3.6794798551659365,51.5517389607393
18531,-12.27844999017663,37.25440317719718
18532,-4.98252290435777,54.11797452479832
18533,17.374806287758787,56.752089530374384
18534,-4.559757393000016,49.43375010895528
18535,4.058041557706077,51.26428168467253
18536,12.391692184126617,54.93425174029478
18537,-16.443242316717466,25.982878564199318
18538,8.327878173475932,53.54190700784392
18539,-7.321163003476155,44.19674354242183
18540,-7.919359997345854,44.08700370559528
18541,31.51797191289685,36.16057273520853
18542,137.38479518803058,34.76018327373347
18543,7.691116913562139,53.293451146901724
18544,-12.06278079069307,31.70901193916754
18545,12.239544778187476,40.93849201949223
18546,27.257877781818166,-28.301439204545478
18547,2.731864680359079,51.19757266947515
18548,2.731864680359079,51.19757266947515
18549,-8.635768698332873,42.17489931301136
18550,15.877379756106713,55.97253025536562
18551,2.532789670264836,51.04836576267604
18552,31.821797491666665,35.857698408333306
18553,2.1583571068949503,52.673322459822664
18554,136.14638203483614,34.10388227020324
18555,10.86069091787485,53.94371974789423
18556,-7.520400061190049,46.31830524990339
18557,-3.4248983431137052,50.86793224272287
18558,-15.734262694306013,28.01569820952946
18559,2.7319952314861773,52.78353156906633
18560,2.093907447996331,51.26302246264479
18561,-7.196771761591306,44.858639221824276
18562,1.7557325815915072,51.10949155924996
18563,10.887159275754268,57.393134032476475
18564,104.38416891685846,14.685501777492908
18565,153.42248811389103,-26.86694222342055
18566,153.0720751431934,-27.382398908114027
18567,13.74871302488474,37.38849171087305
18568,-1.1472641809146524,50.51815399952086
18569,9.545658262454545,39.675931084000005
18570,1.8602533598387276,52.88664552327443
18571,-121.30155064947213,33.89829149098799
18572,-5.720399878150298,47.378216317936904
18573,-79.25915395439466,26.101909349764288
18574,137.55696776032835,34.87566974871456
18575,-3.430087583113705,50.790393912722884
18576,1.6126965355813576,51.12199721456709
18577,19.53605129994821,37.760199328195725
18578,0.6728365063725991,50.814965844397896
18579,10.619454549819084,55.49379490203867
18580,12.288617681119415,40.42154805664985
18581,-103.33202631137135,17.871488445091597
18582,-7.344052012241856,35.43772590412218
18583,25.231105668916108,40.35437219651963
18584,2.334913545167571,50.966566503013865
18585,3.4418314205648564,51.96473371057348
18586,-78.77109945359659,27.143604216015817
18587,29.46792745591155,40.712426040664816
18588,-122.44304987338447,47.34506786491647
18589,8.327878173475932,53.54190700784392
18590,7.6621914864223735,53.279511843371246
18591,2.7319952314861773,52.78353156906633
18592,-8.635768698332873,42.17489931301136
18593,136.14638203483614,34.10388227020324
18594,174.31404274275374,-41.33983127673915
18595,29.283772328840058,40.84544922758102
18596,10.34845493570484,41.47492088656441
18597,-93.93669869483115,29.862787140620277
18598,-66.11906139625984,43.43505002940114
18599,177.32783303172386,-37.814564201141366
18600,17.88750242342301,54.38731287196044
18601,5.16636262687665,40.80794519324189
18602,2.8728950214104363,49.89523417835959
18603,4.3752294854372344,52.385669789522474
18604,-122.47934330170169,47.32555885656903
18605,-46.845647698449156,-24.416192121962368
18606,10.040326943772033,41.952049920870124
18607,101.98390887545118,8.742376834560794
18608,1.0832156523182956,41.336514659416565
18609,115.6743065036337,-32.04362969963992
18610,-122.74268885476819,38.415054212653054
18611,6.011084505667027,53.29171199696138
18612,4.545697027576463,51.59307665880491
18613,9.52866772912121,39.68362445066666
18614,4.2774925533649295,52.299527996698714
18615,115.66454603298698,-31.938478290477782
18616,-8.381116801592576,41.73136537415198
18617,54.6556365814965,24.998769549750723
18618,16.970012651559824,56.49034351802932
18619,4.885294224049917,52.64828482482908
18620,14.412933895965173,37.62006580624929
18621,7.91464108230167,55.348655883431356
18622,1.0418453488312105,52.00720186324802
18623,4.725666160375804,51.69962570896798
18624,4.73761970169247,52.3179063252837
18625,-119.7252604311131,33.80297055051414
18626,103.79194602332623,1.2421104255483726
18627,3.7143103699301903,52.47812534412862
18628,6.629777157905424,53.24611926368504
18629,23.277654787573375,37.77917951029351
18630,7.694887215914464,53.30319234873842
18631,13.470801074491165,39.883427127593734
18632,10.287422442833522,56.40551363677453
18633,-15.728632603496289,28.01527279250179
18634,10.018624109246163,39.65030820886013
18635,128.05263711809124,35.84685192946419
18636,-74.2060493579661,15.846654855677441
18637,12.586691547722044,55.117408680932414
18638,3.2702444411192406,51.40660196128646
18639,4.520597764740503,52.89117193782682
18640,3.244547815822638,51.743272419183725
18641,122.68879338167864,26.318655747084982
18642,-15.361485410821183,28.295339321271136
18643,-5.804317006214557,38.31371197332651
18644,2.0978343685092344,51.699054402930294
18645,-78.21709068490598,34.20838888257775
18646,-10.54542198055285,34.148199928354124
18647,27.262184981818173,-28.29897770454548
18648,-80.49325995141118,31.609836372022663
18649,2.6887960147787244,51.58368183522543
18650,-110.24278196906285,24.4194237887099
18651,-0.20993866557029006,50.58950105925286
18652,-4.485363168925942,49.492579181177504
18653,1.7342914775295615,51.31848873573345
18654,138.46323916542772,34.99397017967802
18655,-11.793306847799581,37.181023230540184
18656,-10.875877594412941,42.593015254750405
18657,6.79543889011323,53.10991277025376
18658,8.18307964557225,54.16745082138719
18659,-9.055773315395959,37.06128234250688
18660,17.666970507758787,56.875881090374385
18661,-1.1472314920257638,50.518115288409746
18662,-7.919524653270383,44.08809486763302
18663,12.394403137691834,54.93899362759913
18664,-11.969321069264499,31.777993365358014
18665,12.239544778187476,40.93849201949223
18666,104.38469980733464,14.694939767969096
18667,153.42407664928785,-26.868852436674523
18668,-76.08026687402241,36.93688172464874
18669,27.199052749999993,-28.36235605000002
18670,4.991209396584248,53.117008292394246
18671,2.8756795647761506,51.22192904318372
18672,2.731864680359079,51.19757266947515
18673,2.731864680359079,51.19757266947515
18674,5.930588564123371,52.64708309825526
18675,4.475747840110438,51.5882945063875
18676,2.775532860272197,51.334056797856775
18677,-0.01929435297683982,51.084003214504676
18678,18.54704171113843,57.71245149778507
18679,0.29970499437658404,37.96289764066984
18680,13.907166668082832,39.688002022481726
18681,-1.4123978988032961,50.507759780187996
18682,-2.7548894903537335,48.65695936958186
18683,137.4599555373176,34.776485756860325
18684,2.1583571068949503,52.673322459822664
18685,4.093944928594231,51.67421017841335
18686,138.5079345940752,35.01004189429986
18687,-7.322161203476155,44.19617994242183
18688,17.57665347741223,40.708878024459096
18689,23.05871924234842,38.4710683448472
18690,-6.086652531535093,43.29755616344535
18691,111.44015666634571,-19.288277414496118
18692,-0.041864905632115874,39.53160837754342
18693,11.389432254894018,55.62846129577549
18694,10.86069091787485,53.94371974789423
18695,173.93109868254223,-42.0048654485075
18696,10.887159275754268,57.393134032476475
18697,1.4873091055000833,50.87464116251216
18698,-7.506849914152144,46.34242291520267
18699,-4.9034150027097105,53.996587845664884
18700,-16.431627831717464,26.121611074199315
18701,4.48290456219367,51.937829003928016
18702,-0.43744968922131405,50.41255086200694
18703,2.024761686633322,51.25241610525004
18704,31.51882261289685,36.15802443520853
18705,4.078736426308347,51.27199761440891
18706,8.926893192835148,43.82932168574202
18707,-7.0973918465119405,45.09317570099094
18708,153.08268365950244,-27.304776137811114
18709,13.752157688356961,37.38755829990082
18710,1.8711929694915057,52.87747053007998
18711,2.304613692988365,40.888758430364426
18712,15.877379756106713,55.97253025536562
18713,31.82311274166667,35.855251108333306
18714,1.7527173632923865,51.10537968057938
18715,3.977643016654891,52.80469240373191
18716,-12.284307441684811,37.29068967098017
18717,13.907166668082832,39.688002022481726
18718,127.98751621271458,35.88582022004786
18719,54.6556365814965,24.998769549750723
18720,-10.878128194412943,42.591156454750404
18721,-120.87540241745947,33.74701810309031
18722,-121.33075521367678,39.12682289430882
18723,-7.919824453270382,44.09126896763302
18724,7.2369547756699255,41.55875495762977
18725,-103.33182877803802,17.87078071175826
18726,137.6292813935369,34.86019218593381
18727,3.4402573777077134,51.963170014144914
18728,2.6383851396302305,51.52555578129347
18729,29.46792745591155,40.712426040664816
18730,10.623292099819084,55.501166852038686
18731,29.283772328840058,40.84544922758102
18732,7.9111617244445265,55.342689800217066
18733,-79.2181192035966,27.43422652851582
18734,10.16824207961297,56.306879379804606
18735,-3.515222480941445,46.09329735289148
18736,-0.041864905632115874,39.53160837754342
18737,138.5153886806067,35.01417862776302
18738,-122.44304987338447,47.34506786491647
18739,7.630486515236657,53.27341798742831
18740,2.7319952314861773,52.78353156906633
18741,136.14663946560538,34.10363431635709
18742,174.31500534275372,-41.33913440173914
18743,1.6126965355813576,51.12199721456709
18744,-93.93669869483115,29.862787140620277
18745,10.34845543570484,41.47492078656442
18746,-8.635768698332873,42.17489931301136
18747,-66.20383297625983,43.40561598940114
18748,177.64379254999997,-37.88165099444444
18749,17.775838754259123,54.37927737178451
18750,25.227605652844687,40.35601860723392
18751,2.66724382250461,49.77931972360114
18752,4.375229914603901,52.38567027198279
18753,-122.47934330170169,47.32555885656903
18754,-46.84607799844915,-24.416299521962365
18755,101.98681435045117,8.743159259560793
18756,9.528213654121208,39.695278859000005
18757,10.036633243772036,41.94471487087013
18758,-122.75698853254595,38.35742763591535
18759,-110.21009213056642,24.450227742434926
18760,115.67430781474481,-32.04362848852881
18761,6.013919205667028,53.29099625410425
18762,-74.2036240579661,15.843622855677443
18763,4.54522870424313,51.593288763804914
18764,-4.441936197965002,49.42650937802236
18765,4.2774925533649295,52.299527996698714
18766,115.66454603298698,-31.938478290477782
18767,-8.381116801592576,41.73136537415198
18768,16.970012651559824,56.49034351802932
18769,5.1541816926055075,52.84125393215305
18770,14.408498929298508,37.62120520291596
18771,-78.20233552732935,34.22173605033415
18772,12.277861334452748,40.41906507831651
18773,4.73761970169247,52.3179063252837
18774,3.7143103699301903,52.47812534412862
18775,-119.79390675205323,33.83770172829191
18776,103.79194602332623,1.2421104255483726
18777,6.634666457905423,53.247031663685036
18778,4.793383246558664,51.74197896519871
18779,0.5910407650809679,50.79736283742409
18780,23.277654787573375,37.77917951029351
18781,27.261735381818166,-28.29949270454548
18782,27.197511549999987,-28.36320475000002
18783,-10.545821980552846,34.213545828354114
18784,153.01064092208648,-27.22146001128277
18785,-16.462446828622227,26.068260494913602
18786,13.382260391157832,39.94163721092707
18787,10.0161453725795,39.6316835105268
18788,7.5970174851117065,53.26521423951729
18789,153.4351112176212,-26.869830828341193
18790,-15.774079622126578,27.935009696217456
18791,-79.25227358772798,26.103215483097614
18792,-3.3203221158268703,50.83686695959756
18793,2.9031112268825505,51.2246956743451
18794,18.52403873113843,57.722775107785075
18795,12.260404832200802,40.93014624762731
18796,-80.49325995141118,31.609836372022663
18797,-7.344612811332999,35.43791668713422
18798,9.7674167667657,41.839751765001374
18799,4.5668342101897785,52.92996270566741
18800,-11.769591846473823,37.19649266671443
18801,2.775532860272197,51.334056797856775
18802,31.51493821289685,36.16122513520855
18803,31.82228124166667,35.85654530833331
18804,-9.023120177636995,36.988417288254716
18805,122.50497178912585,26.29810997062698
18806,3.2791072394091922,51.41588991347077
18807,-1.1492553229781448,50.51823385983832
18808,15.877379756106713,55.97253025536562
18809,1.7347472132923871,51.08634493057938
18810,-1.4123978988032961,50.507759780187996
18811,104.38511710733465,14.6946134679691
18812,-0.22167623102254455,50.62919892990392
18813,4.541040677105942,51.96708080969967
18814,4.992391596584248,53.11739169239425
18815,10.86069091787485,53.94371974789423
18816,1.0463354523182957,41.32745985941656
18817,2.016185361633322,51.25198828025003
18818,-15.361486582249752,28.295339821271142
18819,173.92899876137818,-42.00582854824295
18820,-76.06559319486773,36.96647223529507
18821,1.8711929694915057,52.87747053007998
18822,-0.43626868922131407,50.41239966200694
18823,4.067642289846431,51.26728895476128
18824,2.3047044929883653,40.89026543036443
18825,1.2487545214275368,52.01639366171325
18826,3.977643016654891,52.80469240373191
18827,2.731864680359079,51.19757266947515
18828,2.731864680359079,51.19757266947515
18829,6.79543889011323,53.10991277025376
18830,5.880886863346282,52.62551610314612
18831,-0.01690705297683982,51.08397226450467
18832,8.91573070713289,43.8404506645507
18833,0.4055454943765841,37.93499234066983
18834,2.1583571068949503,52.673322459822664
18835,-12.123833278691711,37.41173422098428
18836,-5.804421306214557,38.31400437332651
18837,-2.798139038569321,48.58219251867145
18838,137.46349113731762,34.78025870686033
18839,12.421668183305867,54.949823218827206
18840,-11.995713302597833,31.78106694869135
18841,111.36305166634577,-19.409802939496117
18842,17.996188234425453,57.049042630374394
18843,-7.480732829214792,44.21810469050895
18844,23.058066160530238,38.47253692363507
18845,-6.083916631535093,43.297828613445354
18846,4.239380694236045,51.73449198443766
18847,17.57223207741223,40.707991524459096
18848,4.475747840110438,51.5882945063875
18849,2.4034169776066237,50.99240121711168
18850,8.217888619820846,54.179834597221095
18851,-6.918223080534928,45.16435602616336
18852,11.380385070278635,55.6813877188524
18853,10.887159275754268,57.393134032476475
18854,1.615816382052932,50.974410315633385
18855,-7.459123983071289,46.37752446071292
18856,-4.8989993027097105,53.99854619566488
18857,8.327878173475932,53.54190700784392
18858,2.1077245546203454,51.69333882515252
18859,13.752186188356962,37.38763999990082
18860,-9.920172813154684,43.75277594586134
18861,-3.5554975147509684,46.06016526860578
18862,127.78352748934464,36.032509470344856
18863,0.478667166220439,50.7624200830413
18864,2.410162576863431,50.99508252371274
18865,-78.89556460359658,27.091030628515817
18866,9.961606151441563,56.049182461700575
18867,3.306432438874163,51.7958211733302
18868,-80.49729694224452,31.60761519118933
18869,27.25805678181817,-28.302838004545478
18870,29.46792745591155,40.712426040664816
18871,9.49837361412121,39.70073375900001
18872,-7.340379804291821,35.441003690505546
18873,-80.89789642998547,30.687895550259316
18874,-8.599848076120486,41.444259218599484
18875,-15.361485297261861,28.295340031440627
18876,8.7085387938956,38.286336339131495
18877,1.6126965355813576,51.12199721456709
18878,25.232462647990182,40.35240085401961
18879,135.12986864751568,37.16403696742934
18880,10.62254606648575,55.50218378537201
18881,4.5358341656717025,51.59873551594777
18882,23.277654787573375,37.77917951029351
18883,10.105568839246164,39.641474828860126
18884,13.466635391157832,39.87627129577555
18885,7.4140662707513165,53.223021835932386
18886,4.5668342101897785,52.92996270566741
18887,122.20700063991696,26.162314413674004
18888,2.0858668889060596,51.68772037372394
18889,-103.33879659141029,17.871712769518073
18890,2.58960811612056,51.48193147066122
18891,7.512206938120592,41.59837912407736
18892,1.8575809000000003,51.26917809999998
18893,-3.31513287582687,50.91440528959756
18894,-122.44304987338447,47.34506786491647
18895,8.926065600030666,43.869606119122864
18896,138.5570975312355,35.03518153229625
18897,15.834256814743078,55.97887056657774
18898,-1.1396496466289383,50.51964420523515
18899,7.630486515236657,53.27341798742831
18900,2.7319952314861773,52.78353156906633
18901,-93.93669869483115,29.862787140620277
18902,-8.635768698332873,42.17489931301136
18903,136.14675196257505,34.102732049690424
18904,174.29854054275373,-41.37431572673914
18905,-66.30647471838945,43.36549204912336
18906,29.283772328840058,40.84544922758102
18907,10.34845487059846,41.474920045287824
18908,177.71726224999995,-37.85021599444444
18909,17.666013570299363,54.37113405815851
18910,2.5420646800159346,49.66979306523583
18911,4.375230352103901,52.3856697228558
18912,153.43776420138008,-26.89689690092517
18913,-122.47934330170169,47.32555885656903
18914,-46.76895264844916,-24.321290021962362
18915,101.98597870045118,8.740575034560797
18916,10.042068543772034,41.95526718753679
18917,9.772847631693015,41.86340514027942
18918,-0.041864905632115874,39.53160837754342
18919,-122.75215967889471,38.297588585902005
18920,6.013919205667028,53.29099625410425
18921,115.67430642544105,-32.04362604584302
18922,-110.12561579658218,24.540230745560834
18923,-74.2506845412994,15.813786455677441
18924,-10.465062063297037,34.22508520402853
18925,4.288229578364929,52.309956846698725
18926,-78.0853779348629,34.38323299520988
18927,-15.901765195403463,27.734035800076402
18928,115.6645425852597,-31.938484359922228
18929,-79.251930487728,26.103763183097616
18930,-8.385537755497337,41.69823416891388
18931,153.01064092208648,-27.22146001128277
18932,2.775532860272197,51.334056797856775
18933,16.970012651559824,56.49034351802932
18934,0.9970563523182956,41.26315165941655
18935,14.418937535250887,37.617762509610635
18936,-11.233064059946253,37.479590982142874
18937,7.92034884230167,55.342655348431364
18938,5.219942020242821,53.012326620599595
18939,-5.804317006214557,38.31371197332651
18940,-0.10879635082729246,50.6551892450571
18941,5.882035768319087,52.62586063526709
18942,111.24740216634568,-19.076648639496113
18943,4.996317396584248,53.11781859239425
18944,2.0000591266333223,51.25074906525003
18945,-11.971936510931169,31.87996664869135
18946,12.288617681119415,40.42154805664985
18947,104.38591681685844,14.687016977492906
18948,-7.418183368500507,44.25127705479466
18949,27.19508844999999,-28.36442055000002
18950,3.3005788430522984,51.41338230948775
18951,2.9031112268825505,51.2246956743451
18952,-76.036076729113,37.00616589631048
18953,2.6973593938393696,51.19956176031971
18954,2.6973593938393696,51.19956176031971
18955,0.4234767777099174,37.94932464233651
18956,-9.026285827636993,36.989679238254716
18957,6.79543889011323,53.10991277025376
18958,137.3902677175134,34.76633853047593
18959,12.370888824913097,54.90700835784173
18960,-2.7937625385693208,48.58146621867145
18961,4.953236174245912,51.83271014787822
18962,4.73761970169247,52.3179063252837
18963,12.249468173650536,40.9347203290619
18964,17.52909873574556,40.68117635779243
18965,1.8711929694915057,52.87747053007998
18966,8.217728758488077,54.17967124053952
18967,-119.78057661955323,33.848168048609374
18968,23.05871924234842,38.4710683448472
18969,11.379707803611968,55.68399695218574
18970,103.79194602332623,1.2421104255483726
18971,6.605088520762567,53.24157734674627
18972,10.887159275754268,57.393134032476475
18973,-7.46288535436999,46.37279855408955
18974,-4.934602292409694,54.040195085752956
18975,13.750411088356962,37.38647509990082
18976,-0.4458839364940414,50.412366007461486
18977,-6.08983713320176,43.29759562177869
18978,3.7143103699301903,52.47812534412862
18979,31.82054659166667,35.859098508333304
18980,-6.874801851542584,45.439663833997116
18981,173.908554104822,-42.029072150580035
18982,1.67767511799896,51.02157394194673
18983,4.3247468686191475,51.774148003838235
18984,-16.480580403384135,25.84144925753265
18985,8.327878173475932,53.54190700784392
18986,4.391004744626567,51.52135699468243
18987,0.006737042982756138,51.09155110709727
18988,31.516721012896852,36.16197283520853
18989,4.086486452541707,51.27373585209384
18990,2.250308200234742,40.85947966587167
18991,2.1583571068949503,52.673322459822664
18992,1.6639364933248542,51.083291816374825
18993,1.2683247449606896,51.980614479293834
18994,10.86069091787485,53.94371974789423
18995,3.977643016654891,52.80469240373191
18996,-4.375777527965002,49.45441524274458
18997,4.962700985621172,52.172432910736255
18998,18.45505253551186,57.725337014101626
18999,-1.461196394838201,50.4330519821094
19000,-12.100390073848642,37.51608766216935
19001,18.552543648552433,57.31363483942202
19002,135.1194734475157,37.15930596742934
19003,-122.4426421587378,47.31709908637828
19004,25.234691868916112,40.35345979651963
19005,-4.713380596537248,36.68210886048788
19006,-8.604537512422738,41.43982115426918
19007,-80.8662895005097,30.518911173899777
19008,-78.08486398486292,34.38310864520988
19009,-3.548271011417636,46.04617019527245
19010,-46.76933729844915,-24.32101062196237
19011,153.0065133762703,-27.217621199376357
19012,10.627591249819083,55.50410630203868
19013,103.79194602332623,1.2421104255483726
19014,4.951044482338794,51.83342872366782
19015,-78.93938599325175,27.020100218170988
19016,2.0858977689060594,51.686991253723946
19017,29.46792745591155,40.712426040664816
19018,9.346338109200236,38.28307214434701
19019,12.221472432741445,40.92880616997099
19020,11.829461866395748,55.653710389982734
19021,0.5549149111184651,50.774872617867395
19022,115.6645425852597,-31.938484359922228
19023,-8.385537755497337,41.69823416891388
19024,16.970012651559824,56.49034351802932
19025,5.433721468407878,53.0946467526673
19026,14.418937535250887,37.617762509610635
19027,7.91922046730167,55.340822673431354
19028,111.24669466495683,-19.07683862699611
19029,2.6973593938393696,51.19956176031971
19030,2.6973593938393696,51.19956176031971
19031,3.7143103699301903,52.47812534412862
19032,4.73761970169247,52.3179063252837
19033,-119.82157088538658,33.85996874527604
19034,6.607027500762566,53.24163941674627
19035,23.277654787573375,37.77917951029351
19036,9.112304102216799,55.32074850489052
19037,7.235453479571024,53.16162620028568
19038,10.105810039246165,39.642226168860134
19039,13.470801074491165,39.883427127593734
19040,-11.959867252597835,31.902151798691342
19041,122.58768555407713,26.515997512292937
19042,4.5668342101897785,52.92996270566741
19043,-15.361485297261861,28.295340031440627
19044,-103.34710555807695,17.87533153618474
19045,5.241826200119443,40.79517601901393
19046,2.5480512830652815,51.43824435387884
19047,-0.041864905632115874,39.53160837754342
19048,19.392452265814345,57.79881716692203
19049,127.26982574126258,36.401513659909575
19050,138.58287921250437,35.05395534828542
19051,9.474151514121209,39.708577459000004
19052,-122.44304987338447,47.34506786491647
19053,9.011268871608749,43.89727596992228
19054,15.852231487423094,55.98496784592876
19055,1.8450302999999988,51.26540359999996
19056,7.609847068283599,53.27673680509685
19057,-8.635768698332873,42.17489931301136
19058,2.7319952314861773,52.78353156906633
19059,-93.93669869483115,29.862787140620277
19060,136.14675196257505,34.102732049690424
19061,174.3063670427537,-41.34565507673914
19062,1.6126965355813576,51.12199721456709
19063,-66.39517509687784,43.32435206191406
19064,10.348454670598457,41.474921245287824
19065,177.84743974999998,-37.84764809444444
19066,-3.030313761669532,50.79284913701608
19067,17.31824658813113,54.274967736027854
19068,-10.466987363297033,34.22067970402854
19069,-15.921913916650517,27.664954558668036
19070,2.475432219145946,49.56678331788376
19071,4.375229818770568,52.3856699117447
19072,153.43627747940315,-26.905334405744796
19073,-122.47934330170169,47.32555885656903
19074,101.98389027545117,8.742392234560796
19075,10.041299843772032,41.95120002087012
19076,12.288617681119415,40.42154805664985
19077,27.199052849999994,-28.36235625000002
19078,2.410162576863431,50.99508228678967
19079,5.882015959438554,52.625886659155995
19080,2.9031112268825505,51.2246956743451
19081,-122.75743000474424,38.37140558766171
19082,115.67430460817916,-32.0436295814581
19083,-4.380811227965001,49.446978342744586
19084,6.013919205667028,53.29099625410425
19085,27.262185081818174,-28.298977904545477
19086,-74.2503278912994,15.80932685567744
19087,-110.06390135972602,24.605839312055743
19088,7.533740543351157,41.60474563304969
19089,-0.4458839364940414,50.412366007461486
19090,0.07374574298275613,51.12612066709727
19091,-0.0920206927320544,50.661208265533276
19092,18.40335522122615,57.70769474267305
19093,-79.24906138772799,26.106064683097614
19094,-76.28245953345197,36.00012606598201
19095,0.4382036277099173,37.959026392336504
19096,4.488027337576463,51.57062516380492
19097,-5.804317006214557,38.31371197332651
19098,2.775532860272197,51.334056797856775
19099,31.510928012896855,36.15883023520855
19100,-9.920172813154684,43.75277594586134
19101,-121.27311971745459,39.01375556630882
19102,10.86069091787485,53.94371974789423
19103,-11.231757369946253,37.48598479380955
19104,31.81761054166667,35.85520420833332
19105,-1.1522211886924303,50.5193970655526
19106,1.6653803030470764,51.07130172748593
19107,1.990981433299989,51.25133609858336
19108,-6.616220623523654,45.64364174188706
19109,4.993798096584248,53.11692179239425
19110,3.317506311131966,51.437188030190136
19111,173.92939664767914,-42.00609585058003
19112,0.9993482523182956,41.26138735941656
19113,4.33182475257505,51.45014930514722
19114,2.249834600234742,40.86129296587167
19115,3.977643016654891,52.80469240373191
19116,-76.04833829459943,37.02333519282856
19117,5.063607568188806,52.217409558639226
19118,-2.793929138569321,48.58134801867145
19119,2.1583571068949503,52.673322459822664
19120,-9.000784728306638,36.9678123977947
19121,1.7705229308760724,52.11043851561557
19122,-1.4878565378489534,50.37640192727068
19123,-12.09884721551531,37.52092154550269
19124,9.772847631693015,41.86340514027942
19125,6.79543889011323,53.10991277025376
19126,137.3908237175134,34.76643303047593
19127,12.373599778478315,54.911750245146074
19128,-7.969765676603717,44.082905554299685
19129,17.58196947741223,40.71627602445909
19130,1.8711929694915057,52.87747053007998
19131,23.05871924234842,38.4710683448472
19132,-6.089150831535092,43.29772311344536
19133,4.04473780989546,51.25209609189502
19134,8.21797117848808,54.17949062053952
19135,1.6951136014014414,51.033065221540554
19136,-4.88491407018747,53.99508509130852
19137,104.41442826036494,14.577519804332734
19138,-16.468726753384132,25.979844140865985
19139,4.288229578364929,52.309956846698725
19140,-7.515149786708982,44.18737356317688
19141,11.442872030884695,55.662099521377655
19142,1.6866031098618626,51.29492452980984
19143,4.480137729646181,51.84853154800321
19144,-7.46178755436999,46.37424765408955
19145,8.327878173475932,53.54190700784392
19146,13.752157688356961,37.38755829990082
19147,10.887159275754268,57.393134032476475
19148,-121.27311971745459,39.01375556630882
19149,3.411955666213418,51.86614717007274
19150,20.248621057919618,58.34744603578169
19151,2.410162776863431,50.99508248678966
19152,8.756409511693986,54.97270015882992
19153,1.839255154545454,51.28749174545451
19154,0.5568613877851318,50.775890497867394
19155,-76.29596162374993,35.97908391861662
19156,-15.956691531283598,27.592132999363226
19157,-79.26265249325178,27.363216518170994
19158,-15.361485997261859,28.29534013144063
19159,-80.32342734975428,31.809689725571037
19160,-3.534497679274779,46.06214525455816
19161,1.6126965355813576,51.12199721456709
19162,16.872156491661052,54.241972521739854
19163,-0.07446886513459203,50.68308202921912
19164,16.970012651559824,56.49034351802932
19165,14.41450256858422,37.61890190627731
19166,111.02652366495684,-18.559922441281827
19167,7.891276500202102,55.316485197186765
19168,2.6619427179172828,51.189048734068734
19169,2.6619427179172828,51.189048734068734
19170,4.736977243253299,52.32195647080574
19171,-119.90502985205323,33.921033611942704
19172,3.7143103699301903,52.47812534412862
19173,103.79194602332623,1.2421104255483726
19174,5.0111538798686555,51.86621727893889
19175,6.611916800762566,53.242551816746264
19176,-79.216242587728,26.10141073309762
19177,23.277654787573375,37.77917951029351
19178,7.122222579937929,53.10876060754535
19179,13.382260391157832,39.94163721092707
19180,10.109536805912832,39.646502110526804
19181,122.58670663586446,26.51318610036232
19182,4.5668342101897785,52.92996270566741
19183,2.0858979689060595,51.686991153723945
19184,-1.677257014330337,48.85340314898271
19185,-103.30526280807695,17.85352918618474
19186,2.5503579830652816,51.43774225387883
19187,29.46792745591155,40.712426040664816
19188,138.42483328392854,35.077752490002865
19189,-122.44304987338447,47.34506786491647
19190,9.010834646608748,43.897050119922284
19191,15.852231487423094,55.98496784592876
19192,7.568432524217819,53.2600596310511
19193,2.7319952314861773,52.78353156906633
19194,136.14675196257505,34.102732049690424
19195,174.31553344275372,-41.352911601739144
19196,-93.93669869483115,29.862787140620277
19197,4.462820387873332,51.85311945760873
19198,-67.14688205726847,43.02508084696663
19199,-8.635768698332873,42.17489931301136
19200,10.348454970598457,41.47492154528783
19201,29.283772328840058,40.84544922758102
19202,177.84750814999995,-37.807983094444445
19203,2.528143117832823,49.58646285039913
19204,4.375229914603901,52.38567027198279
19205,-122.47934330170169,47.32555885656903
19206,153.4418845258317,-26.946881416459085
19207,-1.1522211886924303,50.5193970655526
19208,-46.76976780229531,-24.321117841193132
19209,-7.338652534061936,35.44149328189306
19210,-0.045105280646101864,39.53037007573193
19211,27.262802281818168,-28.298467404545477
19212,101.96362645045116,8.848447159560795
19213,0.07613304298275614,51.126089717097265
19214,-4.748567306537247,36.70892030048788
19215,-122.72469991363715,38.339069132126326
19216,-74.26788414129942,15.807830830677442
19217,5.236185666774906,40.776375573938296
19218,6.055968995068337,53.319433705664736
19219,115.67430887383571,-32.04363276580153
19220,12.277861334452748,40.41906507831651
19221,27.198578449999985,-28.36217945000002
19222,8.20041984809679,54.09191691835597
19223,4.487736442481527,51.57076642518649
19224,2.775532860272197,51.334056797856775
19225,5.882014992838252,52.625886816712175
19226,2.9031112268825505,51.2246956743451
19227,-4.886676570187471,53.99681099130852
19228,4.288229578364929,52.309956846698725
19229,115.66454606859301,-31.93848272103334
19230,9.47261951412121,39.71100195900001
19231,18.396222990511866,57.70353005410161
19232,-11.9027185692645,32.055951465358014
19233,-10.463561763297031,34.29145830402853
19234,3.3643044277077134,51.93524565164492
19235,137.4068225641801,34.76317223892036
19236,-8.385602605497336,41.70069946891388
19237,-8.975940529927366,36.918389600109336
19238,-11.722648553541795,37.6901313638965
19239,23.05525736053024,38.47571942363507
19240,-2.6187049385693206,48.67336081867145
19241,11.445131989218028,55.66406335471099
19242,12.132063135589005,40.89069192828709
19243,-7.61013625059415,44.14513571707358
19244,-0.4447029364940414,50.41221480746149
19245,1.6893042098618625,51.29601854647651
19246,10.86069091787485,53.94371974789423
19247,8.327878173475932,53.54190700784392
19248,31.508048612896854,36.16046793520855
19249,10.633086244212326,55.50301168091733
19250,31.817114041666674,35.85597740833332
19251,173.92969928365792,-42.00361065031548
19252,1.671362139885788,51.040071333743015
19253,152.94324346030754,-27.13629761823186
19254,1.9777186085097287,51.24954525872952
19255,10.037606143772035,41.94386497087012
19256,-6.616540260190322,45.37251825522039
19257,10.894660799264807,57.412151656641306
19258,0.9614703523182956,41.25261095941656
19259,13.723221417647869,37.37784420120991
19260,-2.8621821068523245,50.79899427236662
19261,-6.0839171315350935,43.29782831344535
19262,2.168182433175918,40.79449029259436
19263,3.977643016654891,52.80469240373191
19264,5.273826336917231,52.3284720789881
19265,4.33182475257505,51.45014930514722
19266,-80.85302150829149,30.46861176515716
19267,126.87130774107747,36.719134009753425
19268,3.6700453562804505,50.95193871966395
19269,0.4402299320001884,37.97480883700955
19270,2.1583571068949503,52.673322459822664
19271,3.3073296587488152,51.447687781741614
19272,-1.4878565378489534,50.37640192727068
19273,7.536919643351158,41.605659933049694
19274,-4.156806381457343,49.459871812187636
19275,-76.1038903568464,36.913225711536384
19276,11.03230057213455,38.673082712254484
19277,12.40165856409235,54.92420967137414
19278,-8.010134239937049,44.00500865096635
19279,-9.894620342297602,43.72669956370842
19280,1.6780672944612187,51.09101036841932
19281,1.8711929694915057,52.87747053007998
19282,6.75065243616194,53.08837078398801
19283,1.8322209288056714,52.10960931861237
19284,-11.132687472832256,37.587402548102474
19285,5.6863926436129155,53.307901531388914
19286,104.66650754369829,14.67999233766607
19287,17.57806943991223,40.71670273695909
19288,11.820266602277307,56.12396915798123
19289,4.994980296584248,53.11730519239425
19290,-7.3946172581199905,46.44705152533954
19291,-16.46780071195556,25.975246676580273
19292,-5.804421306214557,38.31400437332651
19293,9.772847631693015,41.86340514027942
19294,-7.318840115705963,35.46298246883888
19295,-7.609383850594151,44.14510411707358
19296,138.56137767264184,35.10009579333604
19297,-3.576741098084302,46.033811835272445
19298,9.570861548525635,38.17663934958511
19299,9.374341814121207,39.739917759000015
19300,29.283772328840058,40.84544922758102
19301,3.448909207630107,51.986533712705125
19302,-15.976705030980563,27.54516089196423
19303,152.94324346030754,-27.13629761823186
19304,-4.731541109862362,36.6834324509268
19305,2.4101625914975773,50.99508274793361
19306,29.46792745591155,40.712426040664816
19307,-67.14327895726848,43.021517446966634
19308,177.9067103999999,-37.8984391
19309,2.775532860272197,51.334056797856775
19310,-46.76895264844916,-24.321290021962362
19311,-122.69171224756903,38.18116635779637
19312,115.67430582544104,-32.043627195843015
19313,4.478429437243432,51.576285277329355
19314,-8.385602605497336,41.70069946891388
19315,4.288229578364929,52.309956846698725
19316,115.66454016525968,-31.938483349922226
19317,3.4491850372315236,51.96182521057348
19318,16.970012651559824,56.49034351802932
19319,-121.2601478507879,39.01063216630882
19320,5.762276824268374,53.45855671825945
19321,14.418937535250887,37.617762509610635
19322,110.92940256495682,-18.377135701996114
19323,7.861053318059246,55.303412445401044
19324,2.6619427179172828,51.189048734068734
19325,2.6619427179172828,51.189048734068734
19326,4.736977243253299,52.32195647080574
19327,5.079791407808093,51.94087613810414
19328,3.7143103699301903,52.47812534412862
19329,-119.85028534649767,33.89150135916493
19330,103.79194602332623,1.2421104255483726
19331,6.602705463619709,53.23888288960341
19332,23.277654787573375,37.77917951029351
19333,2.9031112268825505,51.2246956743451
19334,8.413004086882616,54.778859535897624
19335,13.470801274491164,39.883427127593734
19336,10.122101571569392,39.653701074870234
19337,-6.622155682412544,45.522452530775944
19338,7.016493901145658,53.08756514874385
19339,122.00715551917504,26.288556369521075
19340,4.5668342101897785,52.92996270566741
19341,12.132063135589005,40.89069192828709
19342,-15.361485297261861,28.295340031440627
19343,2.0858668889060596,51.68772037372394
19344,5.3636586524891925,40.77030920250972
19345,-103.29862046998173,17.85157430523236
19346,2.54231477152682,51.43139164137885
19347,-1.5103734308081327,50.373924334437504
19348,-122.4426421587378,47.31709908637828
19349,-79.195518387728,26.10925033309762
19350,0.04783549334545609,39.523358168948
19351,-122.44304987338447,47.34506786491647
19352,8.998763859547863,43.904659737430066
19353,15.947251348943261,56.02694420419142
19354,-10.43406386329703,34.25033540402855
19355,7.5573685000192325,53.25607954308144
19356,2.7319952314861773,52.78353156906633
19357,136.14671596257506,34.10281734969042
19358,1.6126965355813576,51.12199721456709
19359,174.31016194275372,-41.33987337673914
19360,-93.93669869483115,29.862787140620277
19361,4.549525482163705,51.915753285804094
19362,-8.618622372721381,42.09500775707995
19363,10.348454630598457,41.47491966528783
19364,27.258127781818175,-28.302164004545478
19365,-76.4022204580952,35.75643945071833
19366,27.195338649999993,-28.365144950000015
19367,16.873118855483902,54.240810825812275
19368,2.324719126408968,49.36582880535565
19369,4.375230352103901,52.3856697228558
19370,-80.1855951162763,32.02100666674068
19371,153.47963993708905,-27.035029724085902
19372,4.996317396584248,53.11781859239425
19373,-78.93855539325176,27.019769518170992
19374,-122.47934330170169,47.32555885656903
19375,-80.78254881113062,30.54635168740063
19376,10.86069091787485,53.94371974789423
19377,-11.094343353503252,37.60151355298704
19378,-2.448822631152021,48.86168972989173
19379,-5.804317006214557,38.31371197332651
19380,-16.479812262578267,25.835870119657194
19381,101.93388013045116,8.951726294560796
19382,18.342802736226144,57.70047842267303
19383,-0.04357156534467608,50.689081889380184
19384,-2.807208420838338,50.768716773765206
19385,-6.092114883201759,43.29717962177869
19386,1.9729373018430618,51.25006138206286
19387,1.6663712598618619,51.299526082190795
19388,1.0027125523182958,41.26144635941655
19389,10.624020846593275,55.502381154726855
19390,2.1583571068949503,52.673322459822664
19391,3.321649023456428,51.46490953717186
19392,10.89735979939941,57.40542601128612
19393,-7.40260780811999,46.43621912533955
19394,9.77409211928364,41.87139385499651
19395,126.8638151375116,36.74616717029606
19396,0.6837186117093684,38.05818025296513
19397,-76.12470811078013,36.85435759097737
19398,4.33182475257505,51.45014930514722
19399,137.40283366418006,34.76630483892037
19400,7.467200541310519,41.598973877737286
19401,-11.714264686875131,37.71482218889649
19402,-4.12944219812401,49.46671472885429
19403,17.52241197741223,40.673124824459094
19404,11.053824174996272,38.7536697441913
19405,6.725015471590511,53.07323889027372
19406,-121.68873884740036,35.557777284957
19407,-1.5933593579735794,48.74200571838411
19408,3.2920667758538396,50.64719603859579
19409,12.364264152671538,54.893106418190825
19410,-11.904731577597834,32.05735601535802
19411,-7.969225076603716,44.11662335429968
19412,-9.990271736742047,43.6761025889862
19413,1.8711929694915057,52.87747053007998
19414,23.05871924234842,38.4710683448472
19415,-0.4458839364940414,50.412366007461486
19416,11.652214844168354,56.428870687182496
19417,2.0337928457874748,52.14344457705621
19418,104.66730725322208,14.672395847189877
19419,31.50943341289685,36.16139233520854
19420,8.200382003053498,54.0918776307802
19421,11.45481330021803,55.67915955571098
19422,13.721107906933584,37.37646225835277
19423,5.914678233132836,52.66632518391908
19424,0.05087819500569333,51.1246495203945
19425,6.055968995068337,53.319433705664736
19426,10.029858778057747,41.9153399070606
19427,-74.19917913277668,15.742949905961527
19428,31.81498139166667,35.85870730833331
19429,173.92941837277422,-42.0058457900957
19430,1.6941415305766712,51.053297201223685
19431,8.327173249889434,53.541232085481035
19432,-1.132794004298296,50.43906653170058
19433,-10.74303399441294,42.58886326808375
19434,2.102336733175918,40.740599392594355
19435,1.7865205138044045,51.17098336564429
19436,-8.986144132016918,36.90121689498496
19437,3.977643016654891,52.80469240373191
19438,-4.902320558422765,54.011966223661446
19439,0.5133135722218638,50.78190559820849
19440,5.484676073878355,52.448770982632944
19441,-76.40152805809521,35.75511325071833
19442,-80.1855951162763,32.02100666674068
19443,2.9031112268825505,51.2246956743451
19444,-10.43352386329703,34.25078460402855
19445,-80.73936925658518,30.616886529824868
19446,18.318174236226145,57.68885542267303
19447,9.81057231452285,38.14584638647814
19448,8.80107636096806,39.67681460954055
19449,152.93781045308378,-27.130365159557464
19450,1.6126965355813576,51.12199721456709
19451,-8.606684357281427,41.44357183680061
19452,2.410162577704474,50.99508239483016
19453,136.14670526257504,34.10284554969042
19454,-122.4426421587378,47.31709908637828
19455,-46.76933589844916,-24.321012987751843
19456,-7.3383464357935395,35.441726390623224
19457,-109.85165927403874,24.829489632799074
19458,8.370302369140681,54.73522304718796
19459,-121.25982445078793,39.01029726630881
19460,-15.361485297261861,28.295340031440627
19461,0.04783549334545609,39.523358168948
19462,16.87320484662147,54.240737414687935
19463,-16.048156994280877,27.354331747470567
19464,126.85719220417823,36.74172550362939
19465,2.129991140326753,49.21208281683082
19466,4.375229818770568,52.3856699117447
19467,153.48928165318637,-27.053110472474355
19468,-122.47934330170169,47.32555885656903
19469,10.86069091787485,53.94371974789423
19470,101.93463895545118,8.953542094560797
19471,115.67430400817915,-32.043630731458094
19472,-4.734611603359548,36.698209894739264
19473,-122.65977726169852,38.110426881479164
19474,4.416741935025387,51.55674400120988
19475,4.288229578364929,52.309956846698725
19476,115.66454016525968,-31.938483349922226
19477,3.4401290777077134,51.96433541414492
19478,-8.385602605497336,41.70069946891388
19479,14.416493568584219,37.61805509294397
19480,5.942521481832131,53.55397565947357
19481,110.92957796495682,-18.377187641281825
19482,-7.741314103782676,44.028997091024166
19483,7.776840456996529,55.20139395855437
19484,4.736016063423311,52.32435193087615
19485,3.7143103699301903,52.47812534412862
19486,2.6619427179172828,51.189048734068734
19487,2.6619427179172828,51.189048734068734
19488,103.79194602332623,1.2421104255483726
19489,6.605886443619709,53.239325859603404
19490,5.350407257356564,52.12016742276719
19491,23.277654787573375,37.77917951029351
19492,13.470801074491165,39.88342742759373
19493,10.042518804902727,39.634154141536904
19494,122.28800755417502,26.52406624552108
19495,4.5668342101897785,52.92996270566741
19496,2.0858977689060594,51.686991253723946
19497,27.26281908181818,-28.299462804545477
19498,-103.31724003664839,17.893976571899028
19499,2.5463150715268204,51.43046344137884
19500,-10.90293969047295,37.624470694880976
19501,29.46792745591155,40.712426040664816
19502,-74.25059470008438,15.753956822628192
19503,-122.44304987338447,47.34506786491647
19504,8.985821271086325,43.91192134127622
19505,12.364264152671538,54.893106418190825
19506,10.625383046593276,55.502964754726854
19507,2.775532860272197,51.334056797856775
19508,8.311026253927434,54.155584574084635
19509,16.227224174477364,56.1557761179137
19510,1.7331350973027069,51.075765190838254
19511,7.5373481096993,53.247308032653166
19512,6.955339962579469,53.44297478938858
19513,-1.2079825601663772,50.42016569604129
19514,2.7319952314861773,52.78353156906633
19515,4.33182475257505,51.45014930514722
19516,-8.628051485433156,42.058850221655874
19517,-49.89620568928572,-24.418384635714286
19518,174.3057186427537,-41.33928537673914
19519,-2.4619524478186876,48.81214260766952
19520,137.40231546418008,34.76666533892037
19521,-93.93669869483115,29.862787140620277
19522,-67.14561136393516,43.0176138336333
19523,4.599537182330087,51.95091868810648
19524,10.348454330598459,41.474921165287824
19525,-8.986144132016918,36.90121689498496
19526,16.970012651559824,56.49034351802932
19527,-1.6212282597178438,48.77910393409936
19528,4.993798096584248,53.11692179239425
19529,-1.5103734308081327,50.373924334437504
19530,-11.642613819980916,37.822477238793816
19531,-3.552395128084303,46.04894899527244
19532,1.9555221025573477,51.24999880634858
19533,31.510928012896855,36.15883023520855
19534,-11.899199569264502,32.06455276535801
19535,-2.755304915184409,50.766743443585035
19536,2.1583571068949503,52.673322459822664
19537,5.236045166774907,40.7759474739383
19538,2.1174270728403646,52.1451957738301
19539,5.794524261563255,52.59378807124193
19540,5.9146771936090285,52.66632442058576
19541,31.81769174166668,35.855065908333316
19542,3.3226148387897614,51.466706814600435
19543,-78.99149609325175,26.960700518170988
19544,-76.1009902307423,36.92578149767911
19545,0.9814900523182957,41.24539645941656
19546,9.77409211928364,41.87139385499651
19547,0.02435878641442244,51.11828339479187
19548,29.283772328840058,40.84544922758102
19549,27.200029949999998,-28.362443750000015
19550,-6.507464646570043,45.73275697634724
19551,-79.19658539600387,26.107887908959686
19552,173.92939401563137,-42.0061110900957
19553,-119.9554585664977,33.95558919916493
19554,8.327173249889434,53.541232085481035
19555,13.722854506933583,37.37754545835277
19556,-121.80032397290195,35.57064074392345
19557,10.029090078057747,41.91127274039393
19558,1.1785178806478915,40.02536121352875
19559,0.7960846417093685,38.09442767963179
19560,3.977643016654891,52.80469240373191
19561,6.678963764671959,53.05138951806558
19562,-6.092116131535092,43.29718081344536
19563,177.93551589999996,-37.935019499999996
19564,11.625996074420454,56.50393383970351
19565,7.389235934946881,41.595862904100926
19566,-4.907781662059127,54.11402977184327
19567,-4.017653328001654,49.46905541855338
19568,0.4430165339361495,50.77427413306563
19569,-5.804317006214557,38.31371197332651
19570,11.054038454996274,38.754243884191304
19571,-0.4458839364940414,50.412366007461486
19572,-5.531895544446351,47.56697351430878
19573,21.48069359346963,59.00603786944101
19574,-9.990271736742047,43.6761025889862
19575,104.72386974369827,14.69188363766607
19576,17.58196947741223,40.71627602445909
19577,1.8711929694915057,52.87747053007998
19578,23.05871924234842,38.4710683448472
19579,12.181854955526108,40.85608041315834
19580,1.7608700001755042,51.16596583699075
19581,-0.061050058675947906,50.701842214620335
19582,-16.467891982578266,25.973969309657196
19583,7.1057800488373655,53.11375150242183
19584,3.0307432496931166,50.44439265106726
19585,-7.969294396603716,44.11898653429969
19586,11.519739225218027,55.65901645571099
19587,1.666534659861862,51.30123128219079
19588,10.99247497417221,57.358492849323184
19589,-7.40151000811999,46.43766822533955
19590,-10.7007645015558,42.586476216655164
19591,6.061522748567444,53.32521669646835
19592,-49.89620568928572,-24.418384635714286
19593,9.813826381189516,38.14608516147813
19594,18.18817181051186,57.6360687541016
19595,2.775532860272197,51.334056797856775
19596,2.4034172777044738,50.99239871790709
19597,-16.09065251404664,27.285579855067798
19598,-80.74623475658518,30.539746129824866
19599,29.46792745591155,40.712426040664816
19600,152.96232673270822,-27.134615256936886
19601,-5.5280649111130185,47.566987164308784
19602,3.2740275722749645,52.0054018129183
19603,1.6126965355813576,51.12199721456709
19604,24.750538511178025,40.382162232233924
19605,152.93887503988327,-27.130163319729395
19606,20.931567662724817,58.83061165889856
19607,-15.36148646869043,28.295340531440633
19608,16.227224174477364,56.1557761179137
19609,-122.44304987338447,47.34506786491647
19610,9.026104935545314,43.921068775199345
19611,7.507514417398043,53.23684648851992
19612,2.7319952314861773,52.78353156906633
19613,136.14670526257504,34.10284554969042
19614,174.31644154275375,-41.34731590173914
19615,-74.8555767027123,39.436442128117804
19616,-67.35545159080381,42.93269645583586
19617,-8.628051485433156,42.058850221655874
19618,4.690744188584531,52.013406712517344
19619,10.348454730598457,41.474921165287824
19620,-93.93669869483115,29.862787140620277
19621,29.283772328840058,40.84544922758102
19622,16.648852331486335,54.224478187046664
19623,177.92683879999996,-37.9056947
19624,12.181854955526108,40.85608041315834
19625,1.9728237397768544,49.07444128970637
19626,4.375229914603901,52.38567027198279
19627,153.49523991985305,-27.057131136760066
19628,10.86069091787485,53.94371974789423
19629,-122.47934330170169,47.32555885656903
19630,-46.76976640229531,-24.321120206982606
19631,0.01898021047180677,39.52443912352245
19632,101.93261883045116,8.960627719560797
19633,17.047053144963563,56.97935548993004
19634,-122.69048065783929,38.14270424213872
19635,115.67430642512215,-32.043630687928456
19636,11.572121666884698,55.63064242237766
19637,4.396302182229294,51.568074652229406
19638,27.26343678181817,-28.29895250454548
19639,1.9555221025573477,51.24999880634858
19640,-121.83706248718768,35.5749174415425
19641,3.3643044277077134,51.93524565164492
19642,4.288229578364929,52.309956846698725
19643,-80.17874212627629,32.02187359174068
19644,115.66454364859302,-31.938481711033337
19645,-8.35109428383067,41.75451430058054
19646,-7.550380007730422,38.05846502140981
19647,5.236185666774906,40.776375573938296
19648,6.099099192176493,53.67936096168386
19649,14.41450256858422,37.61890190627731
19650,110.92580377745684,-18.37805436806754
19651,7.732646601639385,55.15417822284007
19652,2.6619427179172828,51.189048734068734
19653,2.6619427179172828,51.189048734068734
19654,4.730734912840018,52.34599283607102
19655,3.7143103699301903,52.47812534412862
19656,-4.812159929843065,36.78242440616783
19657,5.455588109454042,52.175648204359604
19658,103.79194602332623,1.2421104255483726
19659,1.8536777545454541,51.36716084545452
19660,6.612205193619709,53.240450209603395
19661,6.889878900953516,53.502125799593394
19662,23.277654787573375,37.77917951029351
19663,11.053188004996272,38.7511165091913
19664,-1.5067372099747993,50.37439437445689
19665,8.407932176594528,54.778886237726034
19666,10.078286530171544,39.61514205766594
19667,13.38264091893561,39.94190108314929
19668,122.28672994560357,26.52377927666394
19669,4.5668342101897785,52.92996270566741
19670,9.77409211928364,41.87139385499651
19671,126.8688765458449,36.718728086962734
19672,2.0858979689060595,51.686991153723945
19673,27.19915614999999,-28.361039050000016
19674,10.636175944212326,55.506085580917336
19675,-79.31521949325177,27.30389491817099
19676,-103.30613538737302,17.887566469580186
19677,0.6612965806478914,39.62246411352875
19678,-8.010134239937049,44.00500865096635
19679,-76.4009124080952,35.753424300718336
19680,-8.608268211890284,41.44662649321601
19681,2.54534027152682,51.43029474137884
19682,-74.33134926813995,15.704260119850417
19683,-79.19765839600386,26.106413508959687
19684,5.921204251333912,52.69580624312962
19685,-10.911212906544376,37.71854065380955
19686,-7.741314103782676,44.028997091024166
19687,-16.475968787816363,25.978938542038144
19688,-1.6205457879229723,48.77896946230449
19689,-8.982978482016918,36.89995494498496
19690,-1.1408887944520913,50.42097173715239
19691,21.478106393469638,59.00360096944101
19692,-2.6335905289831114,50.81352989199413
19693,1.666534659861862,51.30123128219079
19694,0.9887811523182956,41.256273459416555
19695,2.176407236068994,52.672749433685155
19696,8.326101277406467,53.5413392360488
19697,0.8930279229593685,38.08602466713178
19698,173.91670537277423,-41.9956130900957
19699,-119.98965768649768,33.98145609249826
19700,7.389235934946881,41.595862904100926
19701,-6.086882431535093,43.29728601344536
19702,-122.4426421587378,47.31709908637828
19703,10.045217694724416,41.8517931570606
19704,137.40440746418008,34.766061238920365
19705,4.994980296584248,53.11730519239425
19706,-11.576811054028532,37.85494965903192
19707,-3.3072843307453668,46.29353587220522
19708,-5.804421306214557,38.31400437332651
19709,6.513217580046113,52.98519901352928
19710,-2.3136244456675428,48.93608535793001
19711,12.392331359338202,54.905585186524156
19712,11.62053197306999,56.51509028133724
19713,-11.803222560173593,32.113757906267104
19714,-9.996615917051798,43.63494367147969
19715,2.117427135321568,52.145195728867705
19716,3.3226148387897614,51.466706814600435
19717,-0.029278746582812425,50.63079354262414
19718,7.101303078931379,53.12689519416777
19719,1.8711929694915057,52.87747053007998
19720,8.250568345676054,54.16022228311589
19721,-7.3946172581199905,46.44705152533954
19722,17.601725939912228,40.7220817369591
19723,23.05525736053024,38.47571942363507
19724,12.550978682109767,55.02296614499563
19725,104.72461684369827,14.69222043766607
19726,-4.812159929843065,36.78242440616783
19727,-0.4447029364940414,50.41221480746149
19728,-0.016212858030022023,51.14925857256964
19729,31.508048612896854,36.16046793520855
19730,31.817114041666674,35.85597740833332
19731,-6.4968514383099185,45.56882952998613
19732,16.970012651559824,56.49034351802932
19733,11.020737146380636,57.36248179665816
19734,3.977643016654891,52.80469240373191
19735,1.8378040603031267,51.12186744213039
19736,4.97444280575346,39.02062759757338
19737,-76.12465889740896,36.89063984767912
19738,13.722994006933584,37.377858758352765
19739,-10.6750345015558,42.5896072999885
19740,4.33182475257505,51.45014930514722
19741,6.152423299308388,53.39591619905979
19742,3.077702822764244,50.46166599729846
19743,1.7749520233389833,51.17629970155522
19744,-4.870386621150036,54.14880505155342
19745,-3.9649064173955946,49.47310274885642
19746,0.42225555789448277,50.76004696292674
19747,6.2887016352951575,52.807204805270224
19748,-76.38464823661418,35.89960817182519
19749,-74.43324954327701,27.655017285653585
19750,27.27119558181817,-28.308815904545476
19751,2.5175836057810215,51.42632807012066
19752,1.89327165,51.442602849999986
19753,-121.93950879493681,35.63000496266282
19754,29.283772328840058,40.84544922758102
19755,8.40316380640021,54.76318778572311
19756,-50.383861849999995,-23.596743475000004
19757,152.91419988678376,-27.197158548393194
19758,2.9031112268825505,51.2246956743451
19759,-46.771126066387126,-24.318874509391566
19760,-11.894077064264506,31.99323402313579
19761,3.6374396721521585,52.002759065768295
19762,4.843268299272999,38.98385333774523
19763,-8.399317662348965,42.37315081306524
19764,29.46792745591155,40.712426040664816
19765,5.392667238751865,40.709836764224
19766,-7.376426374475758,35.42289867512743
19767,-1.570772065961631,48.70445785021077
19768,153.5254371596709,-26.95320170996571
19769,11.844923285779869,40.99497976819345
19770,-74.83997854177129,39.404363699576926
19771,152.95931730110198,-27.130892983953284
19772,10.056744605800915,39.52258801243284
19773,13.600331449975675,39.279264295735224
19774,4.5535183861783395,52.92130615812369
19775,121.91774381573222,26.33261828211708
19776,-80.09720777947514,31.999105141170205
19777,-15.361485596288285,28.295344859996426
19778,2.142856185016618,51.782572891675656
19779,-103.46247368358404,17.882500397367554
19780,0.6376453704582132,39.59171315929256
19781,-122.44304987338447,47.34506786491647
19782,9.030217792104901,43.967695037985834
19783,126.70916723905468,36.522369812943126
19784,18.545166354305202,57.051280523658896
19785,7.49659984824629,53.231785602316926
19786,2.7319952314861773,52.78353156906633
19787,1.4572933786957563,51.03687452991612
19788,174.30962166333344,-41.449603915000004
19789,-8.659701742251338,42.047116828149385
19790,135.70992649827502,34.03165804022465
19791,10.542203860234627,41.51700525244568
19792,4.786407772776729,52.05872660671497
19793,-68.35241277575571,42.58013708784032
19794,3.2879255995555026,51.97265308443346
19795,-93.93670119285662,29.862782989762344
19796,177.87624210000004,-37.819256077777794
19797,16.864831641137595,54.23519034698632
19798,22.133962110092583,39.873260010000024
19799,1.6555648794442765,48.79303824840564
19800,-3.418647569398084,46.09909937458249
19801,-122.47934330170169,47.32555885656903
19802,4.53377004151762,52.34889655366608
19803,101.93649177855113,9.205123882164312
19804,115.67430823727085,-32.04361887906455
19805,-122.49866108777881,38.18858387380615
19806,11.597414400527553,55.68959054379829
19807,4.374462464866032,51.574694545359286
19808,1.9841882970017921,51.25040624190414
19809,-8.349894367164005,41.736729275580544
19810,5.045088017067206,52.6474086889655
19811,115.66482256689154,-31.938411048783934
19812,12.470197569514474,54.91613207313774
19813,-0.0173315654128801,50.621602180802284
19814,-10.588763869797294,37.885147699892
19815,-7.774336670929343,43.9677414530586
19816,1.9345691853363827,51.160409563541386
19817,6.245972563384855,53.850578472905994
19818,14.415805538967382,37.63831953650231
19819,110.94787603146196,-18.373546498023245
19820,7.44244693694766,55.00343797091748
19821,-122.4426421587378,47.31709908637828
19822,137.3836961557111,34.782493306825465
19823,4.659091918160674,52.29257214269695
19824,3.5235881417483377,52.49504613587709
19825,5.575953871588597,52.26504238834348
19826,-16.577264586320762,26.230685926407638
19827,2.6619427902160457,51.189048913682306
19828,2.6619427902160457,51.189048913682306
19829,12.414377383150429,54.732989979760724
19830,103.7919923394993,1.242127267443181
19831,31.66686099166665,36.06629550833333
19832,4.451226360843418,52.845767118374305
19833,6.478990053572672,52.8906246897245
19834,31.225349712896847,36.359840435208554
19835,6.112934937419882,53.381911193920196
19836,3.082008883931104,50.46054880285326
19837,-8.944531518481416,36.852854905739875
19838,-7.382079690095538,38.50805884023636
19839,6.513216613379448,52.98519919686262
19840,6.889997634286848,53.502150924593394
19841,-11.258502221324754,38.05178606772138
19842,2.409906151069892,50.994796507630674
19843,-1.3301955817997113,50.37506568923523
19844,-0.29186747516248535,50.52032312305599
19845,27.212787699999986,-28.36598445000002
19846,10.502877552782047,55.48329508318848
19847,11.309436313514361,56.618421196970324
19848,-8.057266243270384,44.11601923763302
19849,2.176407236068994,52.672749433685155
19850,-10.204957548111706,43.446312616441276
19851,10.86069091787485,53.94371974789423
19852,-79.38579271801923,26.22324855397301
19853,-119.90930721709292,34.008493772260174
19854,23.277654787573375,37.77917951029351
19855,13.934911231675985,37.25734780461692
19856,-2.947052416026431,50.638926949634985
19857,5.820528274238272,52.66671482423243
19858,0.8738723716379891,38.084831967105536
19859,4.858177552956625,53.18277438690571
19860,1.7373717046847745,51.44304772696617
19861,2.138014615044108,52.145051744327205
19862,-79.19493699709543,26.14740456706963
19863,-7.354111324799412,46.4562687806486
19864,1.0112756526213258,41.21918222608321
19865,-6.4757182619597975,45.80900339742504
19866,-76.1012770767309,36.93966519839605
19867,-11.011041419060795,42.52776900456626
19868,-0.08583830111588664,51.125515265840484
19869,173.92907359110524,-41.98794501312884
19870,104.89026351807011,14.744398084540276
19871,8.313919042990928,53.54428847315511
19872,-5.806442016359486,38.277316173826854
19873,17.49459666131885,40.73321016593239
19874,16.855473408669205,56.888116498419585
19875,-6.0578223091541386,43.28588281423901
19876,-2.305748714053627,48.535776164407686
19877,21.718655693469636,59.096887319441024
19878,0.3414825481478915,39.47430872602876
19879,3.3409266838480307,51.450460002927066
19880,10.91783599469003,57.3292068302725
19881,3.91763716854831,52.79333725294553
19882,24.047550588748138,39.11896176232196
19883,4.358703492980585,51.438533280485224
19884,18.22504915014513,57.66601070193161
19885,10.002139309620976,42.0064798076218
19886,1.738478716219859,51.16980917458291
19887,21.206385665105763,58.63796130215252
19888,14.361711388101464,55.4073286389839
19889,6.664849245788507,41.647177056235826
19890,-5.0423184555034535,54.275905298046844
19891,-3.977411064087832,49.42441402372527
19892,0.32229768832335376,50.763168827067474
19893,7.197133087198544,53.15709838361376
19894,9.824946726715758,42.13134097836414
19895,12.904577611298578,40.9708596329284
19896,1.900395640141775,52.845224701047776
19897,8.30892858204081,54.24201599656402
19898,-1.3629507288507683,50.51278097571375
19899,-74.84044824177128,39.405954699576924
19900,18.22504915014513,57.66601070193161
19901,-50.38713895,-23.600115775
19902,3.2879255884443914,51.972653368461245
19903,-1.554977584611204,48.79773161515827
19904,29.283772328840058,40.84544922758102
19905,126.71033796405467,36.53215701294312
19906,-46.77151081638712,-24.3185952927249
19907,-6.475016661959797,45.80985849742504
19908,5.167086638751865,40.707246364224005
19909,-76.1012770767309,36.93966519839605
19910,2.5175836057810215,51.42632807012066
19911,1.4572933786957563,51.03687452991612
19912,-68.84150901008661,42.379356366740986
19913,153.52004343027428,-26.963123146496
19914,4.851288300198925,38.98670134885634
19915,3.6315891554854915,52.00486296576829
19916,13.600331449975675,39.279264295735224
19917,122.28416588434922,26.522620311053252
19918,4.5535183861783395,52.92130615812369
19919,-15.361485686672902,28.2953448869195
19920,2.142887065016618,51.78184377167566
19921,174.1746785718576,-40.61421221622749
19922,-103.42362085482891,17.849955942469805
19923,2.410155551069892,50.99476020763067
19924,29.46792745591155,40.712426040664816
19925,1.9820220499999988,51.596503649999995
19926,-122.44304987338447,47.34506786491647
19927,9.030217792104901,43.967695037985834
19928,18.545166354305202,57.051280523658896
19929,7.451651832337815,53.21511102939292
19930,6.478990053572672,52.8906246897245
19931,2.7319952314861773,52.78353156906633
19932,135.70776439827503,34.033052040224646
19933,174.3098262766668,-41.449156975000015
19934,-8.659701742251338,42.047116828149385
19935,-93.93670119285662,29.862782989762344
19936,10.542203364123516,41.517005517445675
19937,4.786407772776729,52.05872660671497
19938,16.75016616459977,54.224762059947345
19939,177.8733333000001,-37.82490727777778
19940,-11.24076814888428,38.089966020578515
19941,1.6554443141292183,48.79326127149302
19942,4.53377004151762,52.34889640366609
19943,-122.47934330170169,47.32555885656903
19944,101.87604737982078,9.063799686082834
19945,-7.696637943007265,44.045375447863805
19946,0.6376453704582132,39.59171315929256
19947,115.67429895082277,-32.043616925315085
19948,-122.5426468020645,38.30998124523473
19949,11.604155600527552,55.69022434379829
19950,27.277568281818173,-28.30159990454548
19951,-79.38961511801922,26.22450025397301
19952,4.319921930474498,51.547856590068285
19953,1.9826366036684586,51.25094083523747
19954,5.045088017067206,52.6474086889655
19955,-8.349894367164005,41.736729275580544
19956,115.66482266689155,-31.938415448783932
19957,-1.3260700817997115,50.37485858923523
19958,12.470197569514474,54.91613207313774
19959,-7.375508083134762,35.42357820738796
19960,-10.594293811463961,37.90189441655867
19961,137.3836961557111,34.782493306825465
19962,14.415805538967382,37.63831953650231
19963,11.889690020207308,40.96937800616114
19964,6.331279677539973,53.91335747198914
19965,7.365704005995278,54.957559013774635
19966,110.94787623146198,-18.373550598023243
19967,-121.9369321949368,35.62884826266282
19968,-2.9395555040919334,50.60863030146557
19969,1.7393547046847746,51.44250342696617
19970,27.21552849999999,-28.363583550000016
19971,10.522083752782045,55.49019098318848
19972,3.5235881417483377,52.49504613587709
19973,4.657593909647186,52.29477830437857
19974,-11.845273352597838,32.08977451480246
19975,2.6619427902160457,51.189048913682306
19976,2.6619427902160457,51.189048913682306
19977,-0.29186747516248535,50.52032312305599
19978,103.7919923394993,1.242127267443181
19979,4.4461611517958,52.844437522660016
19980,173.92910979575328,-41.98800180899643
19981,16.85524980866921,56.88955089841959
19982,-8.923560551514448,36.812773661595735
19983,-3.4185967219576083,46.09909653708249
19984,2.176407236068994,52.672749433685155
19985,6.745121748262322,53.49988201125666
19986,0.672378372621326,41.0090682860832
19987,5.575953871588597,52.26504238834348
19988,-79.1896556747178,26.144968153782916
19989,23.277654787573375,37.77917951029351
19990,13.933354631675986,37.25712160461692
19991,-122.4426421587378,47.31709908637828
19992,152.95434983480052,-27.12420465702187
19993,6.661728184121839,41.64729217456916
19994,0.9267492916379892,38.10989563710553
19995,-119.95860086890453,33.99478028131815
19996,104.88883413057015,14.753531126206942
19997,17.551941861318852,40.77362676593239
19998,4.358703492980585,51.438533280485224
19999,-0.08583830111588664,51.125515265840484
20000,21.717061893469637,59.09456981944102
20001,0.34144564814789147,39.475365426028766
20002,10.86069091787485,53.94371974789423
20003,3.3409266838480307,51.450460002927066
20004,3.91763716854831,52.79333725294553
20005,-5.806442016359486,38.277316173826854
20006,6.463992707588647,52.9640042546509
20007,-2.4719222923869606,48.33710668774101
20008,10.001370609620976,42.002412640955136
20009,8.323500416700844,54.294166342998516
20010,21.206400265105763,58.63857780215251
20011,14.361711388101464,55.4073286389839
20012,1.967307775574478,51.18165900457314
20013,-5.044633855503453,54.27764719804684
20014,-16.565307486320762,26.369028226407632
20015,-3.95751377265926,49.43832829801099
20016,0.3603290817757346,50.7691179181389
20017,7.197133087198544,53.15709838361376
20018,12.907132411298576,40.9792980329284
20019,24.04914338874814,39.11887466232196
20020,-6.05782234915414,43.285883464239014
20021,31.225345112896843,36.359849635208555
20022,4.856672652956625,53.18251888690571
20023,-8.057239013270383,44.11661356763301
20024,-10.360291115906064,43.39366938991456
20025,-1.3766173638507682,50.522856575713746
20026,0.14330258387875003,50.74132713597016
20027,8.344023750819517,54.751881695074545
20028,3.082008883931104,50.46054880285326
20029,31.666856191666653,36.06630490833333
20030,-7.382079690095538,38.50805884023636
20031,-7.250334602967495,46.48306963658085
20032,5.820254704076505,52.66665264919257
20033,6.137661981740331,53.40406088462061
20034,12.418042125178218,54.737212930835994
20035,11.267303490515959,56.64757384931481
20036,10.056272305800915,39.52166861243283
20037,1.6450094337463141,51.13862416267814
20038,2.165851798377442,52.1677341443272
20039,10.910489253813662,57.34165057195091
20040,8.290084262661141,53.54309046854295
20041,9.824946726715758,42.13134097836414
20042,-11.065517108130559,42.831151975656375
20043,1.900395640141775,52.845224701047776
20044,3.3818963025428004,52.03555006937998
20045,-10.932890778688295,33.97075454271819
20046,22.120147514854494,39.87562119571432
20047,13.933354631675986,37.25712160461692
20048,13.123440509700549,55.09410468570906
20049,27.275974981818162,-28.302287604545477
20050,2.093128349999999,51.65051235
20051,103.7919923394993,1.242127267443181
20052,2.5198903057810216,51.425825970120655
20053,-11.199323883184093,38.20548017086652
20054,29.46792745591155,40.712426040664816
20055,-74.42701670458656,27.66262827732026
20056,29.283772328840058,40.84544922758102
20057,4.852038540198926,38.986443618856335
20058,-11.256799203676017,42.87723800286384
20059,-0.29068647516248536,50.52017192305598
20060,14.687205192339459,38.97200758969836
20061,1.9832057836684587,51.250794035237476
20062,115.66482621689156,-31.93841482378393
20063,5.045088017067206,52.6474086889655
20064,-8.349894367164005,41.736729275580544
20065,-1.3927896919241707,50.304730063358605
20066,14.411370572300712,37.639458933168974
20067,7.231841027001772,54.86864982790883
20068,110.94446293146198,-18.374270298023244
20069,6.41088340856702,53.97775595834329
20070,2.6619427902160457,51.189048913682306
20071,2.6619427902160457,51.189048913682306
20072,4.657593909647186,52.29477830437857
20073,3.5235881417483377,52.49504613587709
20074,4.4474031517958,52.84481842266002
20075,5.689004255691735,52.36001203972947
20076,23.277654787573375,37.77917951029351
20077,-2.655186042386961,48.13829767303513
20078,8.331159741104722,54.748536821317856
20079,13.600331249975675,39.27926459573522
20080,10.04427133913425,39.50606781243284
20081,6.689681801248569,52.99133127760151
20082,122.2835565874445,26.520414075529438
20083,4.5535183861783395,52.92130615812369
20084,-15.36148589663775,28.295343885031087
20085,-74.8401193417713,39.404587599576914
20086,2.142914565016618,51.78159827167567
20087,-103.41461059816226,17.844337482469804
20088,-76.12231220136857,36.94903590419315
20089,-7.705851643007265,44.058579447863806
20090,0.6376453704582132,39.59171315929256
20091,6.745121748262322,53.499882211256654
20092,2.775532860272197,51.334056797856775
20093,-122.44304987338447,47.34506786491647
20094,9.158332853759685,43.976674661218055
20095,18.545166354305202,57.051280523658896
20096,7.415955408122715,53.21919185430786
20097,135.70714209827503,34.033005140224645
20098,2.7319952314861773,52.78353156906633
20099,174.29872427666677,-41.442379500000015
20100,-69.24608493280857,42.21540944311525
20101,-8.659701742251338,42.047116828149385
20102,-93.93670119285662,29.862782989762344
20103,4.789480095606763,52.073328640884235
20104,10.54220508848249,41.517006108471314
20105,104.88909823057014,14.752799426206943
20106,11.889690020207308,40.96937800616114
20107,16.525781417305865,54.208493547093404
20108,177.87219690000006,-37.82109177777779
20109,-1.4964863612444494,48.80678063363185
20110,1.071212505357357,48.48867943759112
20111,4.5337701581842875,52.348896372237505
20112,153.52194904412048,-26.961812627265225
20113,-7.3762850123014285,35.42472675834035
20114,1.8311833328899025,51.524028909017446
20115,-46.77189731638712,-24.318641892724898
20116,-122.47934330170169,47.32555885656903
20117,101.79887043779165,9.420027352921975
20118,11.517427305858527,54.848622695397786
20119,-122.5292208024932,38.49382929042196
20120,173.92900969575328,-41.98828740899643
20121,12.901295968350526,40.95657517606838
20122,-79.71099591801925,26.566131653973017
20123,12.677557383611957,54.69041772748799
20124,115.6742965863457,-32.043603926084046
20125,27.212627099999985,-28.36256965000002
20126,11.503913640959372,55.70986187900284
20127,-3.8589007903897565,49.458815542159925
20128,-121.9428180899368,35.62959244766282
20129,4.261649130474499,51.525329940068296
20130,8.290084262661141,53.54309046854295
20131,-54.12169216858124,35.84428545811319
20132,16.855981148669215,56.88231528508625
20133,6.418084669567812,52.94241453051895
20134,31.22362501289685,36.35966283520855
20135,2.8329998133770973,50.25904353253862
20136,21.177377665105766,58.63079464381919
20137,-10.59731925739212,37.9262067987943
20138,9.997676909620974,41.995077590955134
20139,7.521055029304003,53.38566103003176
20140,-2.9395555040919334,50.60863030146557
20141,2.176407236068994,52.672749433685155
20142,-7.382630709326308,38.50886732677482
20143,126.61416738072131,36.58602149627646
20144,10.544365652782046,55.54710596318848
20145,6.6670591674551725,41.65105369123583
20146,0.5134518726213261,40.9295398860832
20147,174.17466610526853,-40.614241065680936
20148,-122.4426421587378,47.31709908637828
20149,-0.08345100111588664,51.125484315840474
20150,-6.564596390323272,45.75495678114632
20151,-79.18049807816607,26.1489404986105
20152,-7.227827535998005,46.49531409682764
20153,9.824946726715758,42.13134097836414
20154,137.3711827968222,34.77762311071435
20155,0.34101054814789156,39.475730726028765
20156,1.1089010012756704,38.182814731235965
20157,-119.97155570223788,34.00388254798481
20158,3.91763716854831,52.79333725294553
20159,0.37261534606144886,50.776762946710335
20160,-3.404822811302846,46.11507158208249
20161,-5.806442016359486,38.277316173826854
20162,4.358703492980585,51.438533280485224
20163,-6.052589049154139,43.28598921423901
20164,21.715002993469643,59.088666469441016
20165,4.858322952956626,53.18263658690571
20166,-8.920394901514449,36.811511711595735
20167,14.361711388101464,55.4073286389839
20168,10.86069091787485,53.94371974789423
20169,-5.040218155503453,54.279605548046845
20170,12.470219769514472,54.91577342313774
20171,-10.64164176658789,43.247193103463076
20172,3.3409266838480307,51.450460002927066
20173,-1.3766173638507682,50.522856575713746
20174,0.13187179076833197,50.75076471725847
20175,17.54765846131885,40.77233266593239
20176,1.9054284873062894,52.84047984134349
20177,5.820254904076504,52.66665294919258
20178,6.168596215276833,53.440719310966315
20179,-11.804198802597837,32.10233256480247
20180,-8.057635246603716,44.119728234299686
20181,1.6227538823177414,51.13636363410672
20182,152.95387369114636,-27.12552075259257
20183,24.04914338874814,39.11887466232196
20184,12.414787063748438,54.733334928056195
20185,11.268267557182623,56.64947973264815
20186,8.316223417316744,54.28366053229998
20187,31.66676589166666,36.06634640833333
20188,1.9820016992868288,51.194259646936864
20189,-16.559714012987424,26.3839004730743
20190,2.403409623450844,50.99207740118378
20191,2.227282645018636,52.16694352409221
20192,10.967893554472678,57.309051720803296
20193,-74.8401193417713,39.404587599576914
20194,-79.71099591801925,26.566131653973017
20195,-2.9395555040919334,50.60863030146557
20196,3.6374396721521585,52.002759065768295
20197,2.775532860272197,51.334056797856775
20198,3.330137156987951,52.03419570542422
20199,8.330017074937164,54.74893077277063
20200,-15.36148458393591,28.29534341904256
20201,22.128209147499998,39.87289583000002
20202,-46.77112579138713,-24.318874520965643
20203,10.003770781049546,42.003379293336096
20204,-11.358732692258208,43.017563971890944
20205,115.66482256689154,-31.938411048783934
20206,-16.231320533908583,26.924746311642476
20207,1.9224324974985396,51.61611719002284
20208,126.63977153905469,36.55257591294313
20209,13.827006973471256,39.43974323867011
20210,-122.5264848149932,38.50661780292196
20211,115.6742970924965,-32.04360160158008
20212,11.506776840959372,55.714348179002826
20213,4.252330301903069,51.53108854721114
20214,14.681699016893853,38.956871658123525
20215,1.957634017477982,51.235540342380325
20216,5.045088017067206,52.6474086889655
20217,-8.349894367164005,41.736729275580544
20218,6.518299456154873,54.062955808368535
20219,-10.59109367048736,37.94491313490541
20220,14.42304708896738,37.637265886502306
20221,110.94787447431912,-18.373549326594674
20222,7.064079771503791,54.794314450851395
20223,4.684358210410374,52.39011784219256
20224,2.6619427902160457,51.189048913682306
20225,2.6619427902160457,51.189048913682306
20226,3.4732891088921685,52.44779036205296
20227,103.7919923394993,1.242127267443181
20228,4.451226360843418,52.845767118374305
20229,104.88940431423747,14.72730328032975
20230,23.277654787573375,37.77917951029351
20231,5.749993768637235,52.39152460254822
20232,-2.679968080244103,48.087718266130366
20233,13.600331449975675,39.279264295735224
20234,10.037838205800915,39.502781112432835
20235,6.8452656432013885,53.06299462505383
20236,4.5535183861783395,52.92130615812369
20237,122.09726070934927,26.423913011053255
20238,-9.816856499999993,50.91227470000002
20239,-103.4078152416405,17.84468721290459
20240,2.5175835220600913,51.42632815118378
20241,29.46792745591155,40.712426040664816
20242,4.8546026801989255,38.98215600635634
20243,-3.689948263252705,49.51728687325331
20244,-11.842707832149122,32.11415371025119
20245,18.483669987207502,57.027977892696256
20246,-122.44304987338447,47.34506786491647
20247,9.15805097207156,43.976069178162895
20248,138.6977892340925,35.230781701923526
20249,12.996753969260732,55.169902579733446
20250,-74.41545853613417,27.689434248016223
20251,7.101983821243164,53.055270496877505
20252,2.7319952314861773,52.78353156906633
20253,135.71250142410008,34.03587833319036
20254,174.38112706333345,-41.373952265000014
20255,-8.659701742251338,42.047116828149385
20256,4.907193878872644,52.12286140422309
20257,2.1393564499999984,51.68897714999999
20258,10.54220402309177,41.51700540387426
20259,-93.93670119285662,29.862782989762344
20260,-69.46408687332053,42.12172989507836
20261,29.283772328840058,40.84544922758102
20262,12.677557383611957,54.69041772748799
20263,177.91613210000006,-37.8301897777778
20264,1.3303689753772636,51.0215379650141
20265,-7.696637943007265,44.045375447863805
20266,5.936599214787085,53.62700948699206
20267,16.75016600459977,54.22476243994734
20268,-5.108281841362039,54.376812856127664
20269,12.491349528720882,54.95048923552797
20270,11.506772905273605,54.84956697084526
20271,0.9342958386591981,48.35664012900579
20272,4.532634270684287,52.35260172311052
20273,173.92229257956674,-42.013173309282685
20274,5.8419247499259095,52.67418328311978
20275,-7.379407602733332,35.426564497248634
20276,153.3363066465067,-27.36436852364383
20277,2.410155551069892,50.99476020763067
20278,11.914308668566685,40.956804711200206
20279,-122.47934330170169,47.32555885656903
20280,101.80006885011049,9.379673699661105
20281,-54.121382497152666,35.84119248668462
20282,0.6376453704582132,39.59171315929256
20283,9.825433112408325,42.13450878269406
20284,7.389005574386789,53.33869576486611
20285,-6.064607630820806,43.284646247969164
20286,-121.94024079493681,35.630097562662826
20287,8.234208355536486,53.522217585580954
20288,2.176407236068994,52.672749433685155
20289,-79.17309409073602,26.147140080049894
20290,174.1751044642385,-40.61389287527512
20291,-122.4426421587378,47.31709908637828
20292,27.21398159999999,-28.367440050000017
20293,10.49952980335979,55.436547516207064
20294,6.7015658179084205,41.66152615812563
20295,0.17987089874118534,50.763140192072996
20296,0.457598052621326,40.863518439416545
20297,1.18830267127567,38.22192788990264
20298,-1.4570943330393211,48.72950815542672
20299,21.714415504580746,59.096072052774346
20300,137.3764841865463,34.779078647791174
20301,4.841480291885197,53.215121751548565
20302,21.1840595784391,58.63553821437474
20303,14.42152558402949,55.42592135752343
20304,10.86069091787485,53.94371974789423
20305,10.870468781621645,57.451733394162936
20306,0.2809281821586141,50.78654343758513
20307,1.9448000238372973,52.82308758204116
20308,8.501018247456498,54.68127190940338
20309,-10.64164176658789,43.247193103463076
20310,2.1985741028945758,52.167107614887954
20311,3.3409266838480307,51.450460002927066
20312,-1.3766173638507682,50.522856575713746
20313,-119.93028068557118,33.97879818131815
20314,1.9556118482072944,51.20642022296861
20315,-16.575941683939813,26.23234771688383
20316,-5.806442016359486,38.277316173826854
20317,17.56463378902155,40.758959609626075
20318,12.904577611298578,40.9708596329284
20319,5.820301398769946,52.66659215285677
20320,6.216325053818703,53.57775328376545
20321,-8.057345843270383,44.116263937633015
20322,1.627262408032028,51.146401528392424
20323,24.047550588748138,39.11896176232196
20324,2.839678766859003,50.262930616728866
20325,12.418263441610197,54.73586518796965
20326,11.209773704247395,56.67715005504702
20327,-6.5246111498470825,45.948943215432024
20328,152.87563383569486,-27.21155093006615
20329,-7.18181442171229,46.51395195397049
20330,-0.023649644865886565,51.14105479887619
20331,0.3409189481478915,39.47349942602876
20332,-0.29186747516248535,50.52032312305599
20333,16.855473408669205,56.888116498419585
20334,4.358703492980585,51.438533280485224
20335,31.26346351289685,36.29611573520855
20336,31.70497379166665,36.002569808333334
20337,-8.923560551514448,36.812773661595735
20338,-7.327828982403231,38.519979599210714
20339,3.91763716854831,52.79333725294553
20340,2.142856185016618,51.782572891675656
20341,-1.4116088307302437,50.290005737823755
20342,-3.418647602731417,46.099099407915816
20343,-5.043062255503453,54.27646589804685
20344,-1.411983241841355,50.28993702671264
20345,-74.41545903613417,27.689433948016223
20346,4.858087030198925,38.98167984603888
20347,-16.246926929646396,26.876898757218896
20348,-54.121382497152666,35.84119248668462
20349,2.5175835220600913,51.42632815118378
20350,138.69790050075918,35.23171348525686
20351,29.283772328840058,40.84544922758102
20352,12.4940604822861,54.95523112283231
20353,174.1746818575719,-40.614210868608446
20354,3.6315891554854915,52.00486296576829
20355,-10.576261645487358,37.93002599601652
20356,29.46792745591155,40.712426040664816
20357,-7.696637943007265,44.045375447863805
20358,115.6742952752346,-32.04360513719516
20359,126.61721386405466,36.584728012943124
20360,11.474599529172298,55.73456160409788
20361,4.262104730474499,51.52535749006828
20362,1.9056499635542588,51.22580876047449
20363,-74.83754074404922,39.39924245657095
20364,-8.307387069750211,41.7663496986101
20365,115.66482266689155,-31.938415448783932
20366,5.045088017067206,52.6474086889655
20367,6.714633589027633,54.15067759809777
20368,14.42576108896738,37.637524686502296
20369,110.94787607431913,-18.37355032659467
20370,6.893105686327413,54.666156794715086
20371,4.760036690207485,52.563892349707814
20372,2.6619427902160457,51.189048913682306
20373,2.6619427902160457,51.189048913682306
20374,5.790871304398683,52.41593046913731
20375,104.89349406673747,14.734532841996415
20376,103.7919923394993,1.242127267443181
20377,3.4732891088921685,52.44779036205296
20378,4.4461611517958,52.844437522660016
20379,23.277654787573375,37.77917951029351
20380,8.328483545114047,54.74788864739013
20381,-2.6712350673869607,48.08474331470179
20382,10.035490505800919,39.500158012432834
20383,13.601960615335152,39.28086454998359
20384,6.911131168326803,53.100337616694134
20385,122.28412758434925,26.520806927719914
20386,4.5535183861783395,52.92130615812369
20387,-15.361484999320526,28.29534319596564
20388,-103.28850948108494,17.78378851512681
20389,12.994043575920395,55.17623235154717
20390,136.69821015723537,34.816695004586535
20391,11.94219194742845,40.93892288835741
20392,0.6393475083679518,39.59196201904372
20393,-122.44304987338447,47.34506786491647
20394,9.165457218328902,43.97857273102322
20395,18.545166354305202,57.051280523658896
20396,6.267257461885544,52.70863805038366
20397,2.7319952314861773,52.78353156906633
20398,135.7112079237883,34.03954518030488
20399,1.3303689753772636,51.0215379650141
20400,174.39307457666678,-41.343836175000014
20401,-8.659701742251338,42.047116828149385
20402,-69.68426024769207,42.02622619889985
20403,-93.93670119285662,29.862782989762344
20404,4.929069576006103,52.13185642969718
20405,10.542203801980659,41.51700556887425
20406,27.215684499999988,-28.36225015000002
20407,2.176407236068994,52.672749433685155
20408,16.75016667508364,54.22476187931562
20409,177.91144070000007,-37.837644477777786
20410,-121.9481981449368,35.63014238766282
20411,27.27772428181817,-28.30026650454548
20412,22.12785684342592,39.87333891000002
20413,0.8004023536071874,48.22747216442239
20414,4.532634320684288,52.35260202866608
20415,153.34068931004367,-27.384501506353743
20416,4.837286183548957,52.19441089010086
20417,-79.17100358331665,26.148953825533766
20418,-122.47934330170169,47.32555885656903
20419,2.9031112268825505,51.2246956743451
20420,-46.77151108583157,-24.318555319113788
20421,-9.795918499999996,50.92498020000002
20422,12.677557383611957,54.69041772748799
20423,-3.6745977973186394,49.52534499193464
20424,0.19964345149751275,50.77562790635099
20425,-6.064608229154139,43.28464698963583
20426,11.005793580641248,57.53680401119822
20427,10.516230117645502,55.440537406683255
20428,101.7985646001105,9.379566099661107
20429,-1.3529420432189823,50.530253636418294
20430,-7.327811782403232,38.520037999210714
20431,8.22944698886982,53.52377018558095
20432,0.21378979762132583,40.72045125691653
20433,11.55883030955932,54.80209747179766
20434,-122.4426421587378,47.31709908637828
20435,-119.99541709018658,33.98615705798481
20436,0.19626107469905668,50.77019890271818
20437,21.709686193469636,59.092863469441006
20438,1.2713821912756702,38.27091795990263
20439,6.690622620527466,41.65874637169705
20440,-7.1645890905159915,46.52562009283368
20441,-1.497199433039321,48.80696415542672
20442,-8.057318613270384,44.11685826763301
20443,-10.747075872143444,43.219490815144
20444,-8.923560551514448,36.812773661595735
20445,21.158478949867668,58.65198563866046
20446,2.410155251069892,50.99476053070759
20447,-3.404436221957608,46.11562243708247
20448,-5.806137316359485,38.27684827382686
20449,12.905779645143303,40.91305710353151
20450,137.37580743270013,34.778637486252705
20451,-7.379675676154242,35.42786773808059
20452,4.855883511885198,53.186270131548575
20453,-11.818488348815785,32.149964280251176
20454,10.86069091787485,53.94371974789423
20455,1.9833990057726456,51.23059668563558
20456,17.61532893068822,40.79136567629274
20457,1.95985905585282,52.80956590326357
20458,24.04914338874814,39.11887466232196
20459,5.820300965167189,52.66659150869013
20460,3.3409266838480307,51.450460002927066
20461,152.87563383569486,-27.21155093006615
20462,-16.564079583939815,26.37076461688382
20463,6.288982491486311,53.78906820442054
20464,12.420841468916262,54.74628835344726
20465,11.198048835199778,56.69289630504702
20466,9.082393422793434,55.6496280520643
20467,9.825433112408325,42.13450878269406
20468,-10.506870478647526,43.46446056135853
20469,2.161688574999998,51.70999334999998
20470,-0.29186747516248535,50.52032312305599
20471,16.851518808669212,56.88653899841959
20472,-122.51187761499321,38.427103802921955
20473,-0.023649644865886565,51.14105479887619
20474,0.34048344814789155,39.47392262602877
20475,31.917847291666654,35.641496408333325
20476,-6.442409994140941,46.05633340075046
20477,14.567590534361795,55.48223029050995
20478,2.239899862894576,52.20180891488795
20479,3.854438765479712,52.76461194003966
20480,4.358703492980585,51.438533280485224
20481,31.51759251289685,35.87048333520855
20482,2.8425276317154275,50.26297459340847
20483,1.6215526830320275,51.161381008749565
20484,5.296581231155842,53.70697288078943
20485,173.94302201278623,-41.989954683721706
20486,2.142887065016618,51.78184377167566
20487,7.53235971971487,53.526113014770715
20488,115.6742952752346,-32.04360513719516
20489,115.66482266689155,-31.938415448783932
20490,29.46792745591155,40.712426040664816
20491,24.45126638581901,38.31684116498174
20492,12.98858980676073,55.17827168104297
20493,-46.77189688583157,-24.31864131911379
20494,-15.361485762883277,28.2953425769373
20495,13.827006973471256,39.43974323867011
20496,29.283772328840058,40.84544922758102
20497,4.261568130474498,51.52537614006828
20498,8.323320594811017,54.74783231966285
20499,-16.56033221060648,26.375623663550492
20500,13.601960415335151,39.28086484998359
20501,0.6393475083679518,39.59196201904372
20502,1.3122765500072253,51.01584045501609
20503,10.542205251339633,41.51700625989989
20504,2.176407236068994,52.672749433685155
20505,16.525780635877297,54.20849369137911
20506,22.120970677354492,39.877844120714315
20507,177.91515560000005,-37.85082417777779
20508,0.7930867005951379,48.22574730740147
20509,4.532634433184287,52.3526021722375
20510,153.28564418378838,-27.531329514248476
20511,-122.47934330170169,47.32555885656903
20512,101.8030025751105,9.380517424661104
20513,-122.49066682451699,38.42669345054101
20514,11.822493893159226,55.86330293176946
20515,4.7902478103252335,52.17264705739546
20516,1.8682680121689774,51.2145736069247
20517,3.6305744054854916,52.0037320657683
20518,5.045088017067206,52.6474086889655
20519,-8.307387069750211,41.7663496986101
20520,6.780489562363244,54.17537460983898
20521,14.42132612230071,37.63866408316897
20522,110.94446277431912,-18.374270226594675
20523,136.69957102087173,34.81322291004108
20524,6.8939944434702705,54.665745354834144
20525,2.6619427902160457,51.189048913682306
20526,2.6619427902160457,51.189048913682306
20527,5.784650504356985,52.416920855987755
20528,4.783553369795885,52.62666417128934
20529,3.4732891088921685,52.44779036205296
20530,103.7919923394993,1.242127267443181
20531,4.4474031517958,52.84481842266002
20532,104.8918774019023,14.728299520018394
20533,23.277654787573375,37.77917951029351
20534,-2.7535792173869593,48.00236606470179
20535,9.96061953913425,39.467555212432835
20536,19.507651429480592,37.76693440737124
20537,6.945640868178987,53.119078908148765
20538,122.28152617653541,26.519343387044596
20539,4.5535183861783395,52.92130615812369
20540,-11.794777298815784,32.18012583025118
20541,2.087749574999998,51.769713849999995
20542,-103.25298298108493,17.757373915126806
20543,-3.488232499017451,49.58489089930973
20544,-74.83707894404922,39.39838825657096
20545,-54.121692368581236,35.84428575811319
20546,-78.80562986907844,33.837430546771884
20547,27.275647281818166,-28.299413604545474
20548,2.9031112268825505,51.2246956743451
20549,9.997676909620974,41.995077590955134
20550,-7.705851643007265,44.058579447863806
20551,5.755395217977865,52.642991166851616
20552,27.213607499999984,-28.36139755000002
20553,-0.14287857672077942,40.58665117073232
20554,-122.4426421587378,47.31709908637828
20555,-3.4048229113028463,46.11507178208249
20556,138.6989781007592,35.23242278525686
20557,-79.83201867485599,26.514857523394785
20558,-122.44304987338447,47.34506786491647
20559,9.166831300406706,43.98812126721372
20560,18.545166354305202,57.051280523658896
20561,152.87563383569486,-27.21155093006615
20562,-74.41422604030082,27.69185377896861
20563,-9.791986599999998,50.9260229
20564,-4.310534855503455,53.34175634804685
20565,-8.057635056603717,44.11875408429968
20566,4.358703492980585,51.438533280485224
20567,-6.0593749291541394,43.28475233963584
20568,6.209273639360443,53.768505331979355
20569,2.844351549075551,50.26406347736834
20570,11.201247660199774,56.6948891717137
20571,2.227290245018636,52.16700592409221
20572,-121.95724191872466,35.63131064235979
20573,31.553035712896857,35.809050335208546
20574,12.419486933287917,54.747274982948156
20575,6.204742971171196,52.681240821724984
20576,31.95433029166666,35.58071170833332
20577,5.277248674416637,53.70512183031893
20578,-7.328362801634,38.52084648574918
20579,4.855410020418878,38.964348287195435
20580,2.403409653580998,50.99207997298359
20581,-10.416939016828241,43.615150274847856
20582,-0.02126234486588658,51.14102384887619
20583,10.534386517645501,55.498779506683256
20584,173.94348301278623,-41.987799883721706
20585,11.66244253452836,54.748300757370416
20586,2.7319952314861773,52.78353156906633
20587,-8.920394901514449,36.811511711595735
20588,-79.16260588900771,26.152002126346773
20589,-77.43034877355296,34.34527072813285
20590,21.710684893469644,59.088003269441
20591,-80.47866843750326,29.633808331257125
20592,-11.540263954561553,42.92330356913852
20593,-1.3529420432189823,50.530253636418294
20594,2.0041342215072073,51.24737175881211
20595,12.677557383611957,54.69041772748799
20596,12.893078615463066,40.862509569767305
20597,-1.4964863612444494,48.80678028363185
20598,20.3932626499911,58.09286935341256
20599,137.37580743270013,34.778637486252705
20600,-7.380444226154242,35.42901855236631
20601,135.7105856237883,34.039498280304876
20602,21.13942259835251,58.65116266972107
20603,10.86069091787485,53.94371974789423
20604,-93.93670119285662,29.862782989762344
20605,-120.01203202351991,33.977933324651474
20606,6.687911820527466,41.65948237169706
20607,-7.091362144071548,46.56972230394479
20608,0.20618625869720145,50.77745692565881
20609,174.3915092766668,-41.345036100000016
20610,1.6605342433590027,38.27756243629152
20611,-8.659701742251338,42.047116828149385
20612,14.760095679895496,55.55205705912879
20613,8.200534675558842,53.51637251841616
20614,-77.99677343338922,35.42729685215543
20615,4.857533811885197,53.18638783154857
20616,11.94219194742845,40.93892288835741
20617,3.3409266838480307,51.450460002927066
20618,-5.821410030869808,38.28990144417004
20619,9.825433112408325,42.13450878269406
20620,17.611045630688224,40.79007167629275
20621,-0.29068647516248536,50.52017192305598
20622,-69.89161468571929,41.93764343597468
20623,9.114458430932164,55.71822792052177
20624,-6.382077524851455,45.91258513903478
20625,1.6224751330320273,51.22661879208291
20626,4.927474446853617,52.13085613984508
20627,24.048490306929956,39.12034324110984
20628,16.851537848669217,56.88062498508625
20629,0.34106116814789156,39.47485372602876
20630,10.908344152608368,57.60199757897742
20631,3.854438765479712,52.76461194003966
20632,2.1429148650166185,51.78159837167566
20633,0.17048428482886957,50.773229066739084
20634,7.417883725592832,53.49779553375204
20635,1.9827086868205615,52.80197587487647
20636,-80.47200740769557,29.642033514910974
20637,1.932790721984923,51.624913045756244
20638,-7.696637943007265,44.045375447863805
20639,1.2744619816240392,50.99485668864908
20640,22.128209147499998,39.87289583000002
20641,138.6981253340925,35.231338501923524
20642,4.63436437901003,52.09062169643756
20643,13.827006973471256,39.43974323867011
20644,2.5175835220600913,51.42632815118378
20645,-70.21934595024443,41.79480131569985
20646,-9.828327599999993,50.90899890000002
20647,-46.77112523380833,-24.31887296512537
20648,-16.571215133939816,26.256827926883833
20649,-122.4426421587378,47.31709908637828
20650,-79.48398209209081,26.02263920222054
20651,-3.4546976303507835,49.60309223264306
20652,29.46792745591155,40.712426040664816
20653,27.27643038181817,-28.30488190454548
20654,-122.44304987338447,47.34506786491647
20655,9.166831300406706,43.98812126721372
20656,18.483669987207502,57.027977892696256
20657,6.11912938186113,52.64333425334987
20658,2.7319952314861773,52.78353156906633
20659,135.71337002378831,34.03815118030488
20660,174.39603916333346,-41.34744956500001
20661,-8.377884840859503,42.0756792250441
20662,-93.93670115135183,29.86278277043606
20663,4.927474125043409,52.13085577022785
20664,10.54220424189519,41.51700483823323
20665,29.283772328840058,40.84544922758102
20666,-74.41545773613416,27.689434548016223
20667,2.176407236068994,52.672749433685155
20668,16.750165192824433,54.224762356728625
20669,0.7930877455951378,48.22574753406814
20670,4.532537110684288,52.35326288311052
20671,153.29007124628833,-27.545470582304024
20672,-16.353785660050782,26.592147672989665
20673,-122.47934330170169,47.32555885656903
20674,101.80203491233272,9.379989970772217
20675,6.703382348423134,41.66327553815699
20676,0.6393475083679518,39.59196201904372
20677,-78.34874444873127,34.48236829717539
20678,-122.47004768730768,38.427733990075886
20679,11.919361223462255,55.940100715506816
20680,10.7308518925547,42.01776446615079
20681,24.531376166471695,38.33865359924748
20682,4.252330301903069,51.53108854721114
20683,1.848325587571392,51.20570562628084
20684,-8.307387069750211,41.7663496986101
20685,5.035321183733873,52.65114182229883
20686,14.42576108896738,37.637524686502296
20687,110.94787627431911,-18.373546501594674
20688,6.732792778676912,54.18963408696471
20689,6.901105586922654,54.66565068400082
20690,2.6619427902160457,51.189048913682306
20691,2.6619427902160457,51.189048913682306
20692,4.782154281801057,52.66065559163039
20693,104.94761887905746,14.732509230075866
20694,103.7919923394993,1.242127267443181
20695,5.784650504356985,52.416920855987755
20696,4.451226360843418,52.845767118374305
20697,3.533963764427712,52.453553390872784
20698,23.277654787573375,37.77917951029351
20699,8.314642558622818,54.74911691353047
20700,9.992576105800914,39.695238504099514
20701,13.601960615335152,39.28086454998359
20702,6.962565529395835,53.12640907231948
20703,4.5535183861783395,52.92130615812369
20704,122.09656918510683,26.431967079235072
20705,-15.361484718822593,28.295341933999588
20706,-7.380409556154243,35.428940258080594
20707,20.4626239265723,58.1189512727288
20708,-11.840580236911022,32.12719516834642
20709,-1.5640462810412616,50.16029676134784
20710,-79.1511381214253,26.121650326346774
20711,27.213210699999987,-28.365788150000018
20712,10.520997724763298,55.41050577997899
20713,-7.099329294071547,46.557354603944795
20714,-74.84641452652824,39.387259468966114
20715,-103.20655654225712,17.7310730037715
20716,1.7415105566923361,38.28229521004152
20717,2.9031112268825505,51.2246956743451
20718,137.37312001603345,34.7757667862527
20719,10.010188889108152,41.99140687621155
20720,19.504593401355077,37.76747564113148
20721,31.555552312896847,35.80887463520855
20722,11.94219194742845,40.93892288835741
20723,4.935778613758177,53.668733533259825
20724,11.770426057362839,54.6963434738027
20725,-77.4388986362797,34.301974377243
20726,-3.418647669398084,46.09909898973401
20727,136.685504121111,34.804971095479665
20728,12.677557383611957,54.69041772748799
20729,-10.593558849283086,43.69808412899257
20730,-2.9681370779649012,47.78398943833225
20731,11.163578865808242,56.72573158933272
20732,-119.98394594018659,33.972555157984814
20733,-78.09809445921175,35.32250674083508
20734,11.963905879565205,54.414688595027975
20735,4.868316728551863,53.191004314881894
20736,3.3409266838480307,51.450460002927066
20737,8.110589964156826,53.48988982303742
20738,2.142856185016618,51.782572891675656
20739,-5.821410030869808,38.28990144417004
20740,177.88114080000005,-37.883186777777794
20741,12.798424545731702,55.26291685062633
20742,138.39716167062016,35.02308612205483
20743,10.961069172557174,57.54804393239665
20744,5.021277933594091,38.95402097796467
20745,9.818586565429856,42.08546996857028
20746,24.047550588748138,39.11896176232196
20747,-0.023649644865886565,51.14105479887619
20748,6.115771173888666,53.72979382242819
20749,-6.508503418184788,46.03366426570145
20750,-54.121382497152666,35.84119248668462
20751,2.1981484171802905,52.167848486316515
20752,173.94201927956675,-41.98900930928269
20753,3.8340103037560365,52.75669474325373
20754,0.22104475348164182,50.780007084653064
20755,17.562459105688216,40.756362709626075
20756,-0.29186747516248535,50.52032312305599
20757,16.84038010866921,56.929132715086254
20758,0.3395476481478915,39.47155032602876
20759,9.097001628909446,55.777358703569874
20760,152.87563383569486,-27.21155093006615
20761,0.09722627168906152,50.79381558765616
20762,2.1222411194444426,51.8386398611111
20763,4.358703492980585,51.438533280485224
20764,-6.074091330820804,43.28291284796917
20765,-1.460723033039321,48.73134293542672
20766,21.714415504580746,59.096072052774346
20767,2.844351549075551,50.26406347736834
20768,-11.433503945831397,43.0019655018403
20769,-8.917650424972805,36.78082416906556
20770,21.136275798352514,58.655655428054395
20771,-1.3790715432189824,50.52595051975163
20772,-4.273883366187216,52.92623731941438
20773,7.321990504363217,53.48054279734165
20774,1.9827086868205615,52.80197587487647
20775,-121.96068074086753,35.63258998878836
20776,31.955220091666646,35.58030640833332
20777,-8.057345843270383,44.116263937633015
20778,1.6649091534634701,51.296089641639185
20779,10.86069091787485,53.94371974789423
20780,-7.34933774446782,38.42302141885582
20781,2.0323733108610544,51.27121075193779
20782,12.896360258411118,40.87679402662733
20783,5.765958111518513,52.6884440678949
20784,15.792490846865341,56.005880379370765
20785,-0.10425203719696992,40.62052115977994
20786,2.410155551069892,50.99476020763067
20787,-1.5652640810412617,50.16023066134783
20788,27.27537188181817,-28.303282804545475
20789,29.46792745591155,40.712426040664816
20790,10.7308518925547,42.01776446615079
20791,4.333633998527563,51.958487471395614
20792,-2.2758682233034766,49.00231062355685
20793,22.12785684342592,39.87333891000002
20794,3.6315891554854915,52.00486296576829
20795,2.5175835220600913,51.42632815118378
20796,138.69790050075918,35.23171348525686
20797,-74.41666480280082,27.68937451468289
20798,29.283772328840058,40.84544922758102
20799,8.305846558622818,54.74861531353047
20800,-8.784946869022983,36.73858771220774
20801,-15.361485134207209,28.295341710922667
20802,-103.21010827082853,17.732309189485782
20803,-74.86300305708052,39.35966321373605
20804,0.6393475083679518,39.59196201904372
20805,-122.44304987338447,47.34506786491647
20806,9.165923625947833,43.988404789724534
20807,18.73899738398417,57.142997782921675
20808,5.830044004181873,52.52673214693121
20809,2.7319952314861773,52.78353156906633
20810,135.7112079237883,34.03954518030488
20811,-93.93670115135183,29.86278277043606
20812,174.4117938766668,-41.31489387500002
20813,1.246244184565216,51.03014609110006
20814,10.542204020784077,41.51700500323322
20815,-8.356557621244509,42.00008048147774
20816,4.92914459727493,52.130539341708655
20817,-70.96935310214909,41.46000753761558
20818,16.750165624827233,54.22476226059767
20819,2.176407236068994,52.672749433685155
20820,4.532537160684288,52.35326318866608
20821,0.7842650642073195,48.22107138663875
20822,153.28128092700268,-27.620652403177047
20823,14.739093790826342,39.00351039528579
20824,-122.47934330170169,47.32555885656903
20825,-7.705851643007265,44.058579447863806
20826,-46.77151068380833,-24.318554348458704
20827,101.79677351511049,9.379099995772217
20828,-7.3807410056347615,35.430143227994016
20829,6.68901145104218,41.659281451728404
20830,5.697606629565907,52.68863087933435
20831,-122.4749194873077,38.42621489007589
20832,12.10195367146249,56.216839024248685
20833,137.3679937011686,34.77309373490135
20834,2.9031112268825505,51.2246956743451
20835,4.204054730474499,51.50278789006829
20836,10.539224224763297,55.41400441331232
20837,1.7745978568213923,51.184283850530846
20838,-8.255533386605556,41.834655269836524
20839,5.035321183733873,52.65114182229883
20840,6.789134300687547,54.19336364058852
20841,14.423317122300714,37.63781726983563
20842,110.94876347431911,-18.373414526594672
20843,6.896614522636937,54.66402146872303
20844,27.216242899999987,-28.36191035000002
20845,-3.404436807481112,46.1156216038827
20846,2.6619427902160457,51.189048913682306
20847,2.6619427902160457,51.189048913682306
20848,3.533963764427712,52.453553390872784
20849,4.801131975052492,52.760828660999024
20850,-11.835458693577689,32.13120877834641
20851,5.777194694902683,52.416163137329065
20852,103.7919923394993,1.242127267443181
20853,4.4474031517958,52.84481842266002
20854,105.12547456739321,14.753383980806131
20855,23.277654787573375,37.77917951029351
20856,-54.12192369715267,35.84179348668462
20857,-121.98387162562943,35.63466009688359
20858,31.554756412896854,35.809229535208544
20859,2.410155251069892,50.99476053070759
20860,13.601960415335151,39.28086484998359
20861,10.021475985800917,39.7259627940995
20862,13.827006973471256,39.43974323867011
20863,-7.0736150612956274,46.5682370775234
20864,-2.9635512651077587,47.72788873690368
20865,20.4626239265723,58.1189512727288
20866,-120.02484309018656,34.00238205798482
20867,-77.58864236631922,34.058800231986076
20868,6.15023270871391,53.877383500812286
20869,3.3409266838480307,51.450460002927066
20870,-5.8211656308698085,38.28975444417004
20871,-16.37071242287449,26.469916956139606
20872,-16.55936373393982,26.39522292688383
20873,17.615467030688222,40.79095817629274
20874,24.105808838028164,39.13227033013655
20875,6.962565529395835,53.12640907231948
20876,177.88061710000002,-37.871078977777785
20877,11.162873782474907,56.72696678933272
20878,9.307666402824855,56.30806344381261
20879,173.94161751278625,-41.988989983721716
20880,0.23449648331639028,50.7856042031891
20881,16.832373448669212,56.92666083508626
20882,0.2792018481478915,39.42546330602877
20883,4.866811828551864,53.1907488148819
20884,4.651735303335593,53.73046404986931
20885,2.227290596823148,52.16700584048319
20886,152.8755190772043,-27.211648800820868
20887,10.92885286762585,57.53748634368692
20888,3.7931504175315354,52.739847383295036
20889,-9.806889499999997,50.92190290000001
20890,2.052845128306343,51.89117186754388
20891,19.5473070844083,37.77254825972392
20892,-1.518983693039321,48.804448608760055
20893,4.5535183861783395,52.92130615812369
20894,21.709686193469636,59.092863469441006
20895,11.964286902634079,40.925733326165236
20896,21.132728798352513,58.65181560305441
20897,122.27999956237959,26.523906870144163
20898,12.677557383611957,54.69041772748799
20899,-4.237749543964993,52.87148692496993
20900,10.009420189108154,41.987339709544884
20901,-79.48264000375748,26.024039300553873
20902,4.358703492980585,51.438533280485224
20903,-6.074092629154138,43.282914039635834
20904,2.712579635801215,50.16015414167512
20905,-11.668690552003078,42.88887154181524
20906,12.806999306662709,55.26811105539628
20907,10.86069091787485,53.94371974789423
20908,-7.34933774446782,38.42302141885582
20909,1.996757850990288,51.28352247695626
20910,0.01942138518874279,50.825863321022126
20911,12.920400682185347,40.812228671267334
20912,16.02820608356815,56.09452422610003
20913,2.155975731170465,51.769069865521814
20914,-0.2799803926459496,40.37993769169151
20915,-78.09919125421175,35.32032496404937
20916,11.792681920129366,54.353153180928054
20917,31.954790391666663,35.582978308333324
20918,-8.057318613270384,44.11685826763301
20919,-79.14171906539693,26.126084995141095
20920,5.244324557860069,38.89195516748847
20921,8.046278186111527,53.47938930032403
20922,7.465415801503522,53.63005956392829
20923,9.818586565429856,42.08546996857028
20924,-10.561374670049691,44.09489779000033
20925,2.013581274026444,52.76969319453333
20926,-0.29186747516248535,50.52032312305599
20927,-0.023707944865886562,51.14103469887619
20928,-78.08738215820428,34.8301119057347
20929,136.68480987980442,34.79689481086059
20930,2.2471014865624657,38.26247524447875
20931,-6.493384252470502,46.04784613927288
20932,1.6239920998741164,51.31292543668243
20933,138.41743885885546,35.034486236760706
20934,-1.3790715432189824,50.52595051975163
20935,11.854785440102741,54.66840957500219
20936,5.236356457860069,38.88668286748847
20937,-4.396205494629606,48.821610951222546
20938,29.46792745591155,40.712426040664816
20939,-10.561739670049691,44.095236790000335
20940,-7.705851643007265,44.058579447863806
20941,27.279496481818168,-28.298905304545478
20942,136.68480987980442,34.79689481086059
20943,3.6305744054854916,52.0037320657683
20944,5.691636941762885,52.68910456900655
20945,11.885872168890621,54.655384893941594
20946,-15.36148589776996,28.29534109189433
20947,-74.41422414030083,27.691854978968607
20948,5.622426371334427,39.311227199348366
20949,8.286720028670665,54.768169399487405
20950,1.2104030910641677,51.00872395994178
20951,-46.771896483808334,-24.318640348458707
20952,3.6894427491005986,51.650191403356445
20953,4.466078423462814,53.77345786646643
20954,13.601960415335151,39.28086484998359
20955,10.019420499836004,39.72249623971354
20956,6.962565529395835,53.12640907231948
20957,122.27893225380812,26.52351291128702
20958,4.5535183861783395,52.92130615812369
20959,31.553035712896857,35.809050335208546
20960,-74.86254125708051,39.35880901373604
20961,-103.03370151967636,17.635352916223603
20962,-11.783068238220544,32.270691980132135
20963,138.6989781007592,35.23242278525686
20964,-122.44304987338447,47.34506786491647
20965,9.165936735827792,43.98840283808057
20966,19.037547766694022,57.279750377996415
20967,5.41859576925043,52.35009626077558
20968,2.7319952314861773,52.78353156906633
20969,135.7105856237883,34.039498280304876
20970,-80.30647116104431,29.287846981441675
20971,174.40724457666678,-41.31340610000001
20972,20.4626239265723,58.1189512727288
20973,-8.22369006631797,41.72550222544146
20974,29.283772328840058,40.84544922758102
20975,-93.93670115135183,29.86278277043606
20976,10.542205362450746,41.51700598656655
20977,4.929144656441597,52.130539909663206
20978,-71.73798333047624,41.10636601301229
20979,16.525747824827235,54.20848407726434
20980,2.176407236068994,52.672749433685155
20981,0.7842645942073194,48.22107070997208
20982,4.532537273184287,52.3532633322375
20983,153.28760618700267,-27.647019043177043
20984,-122.47934330170169,47.32555885656903
20985,101.79565876511052,9.378581720772218
20986,0.6392814425559861,39.59191924810355
20987,-3.3516819709459322,49.60821072808048
20988,-122.4775831873077,38.424130290075894
20989,115.67430071759571,-32.04360703858404
20990,6.7703602010421795,41.687641301728405
20991,12.553838480024229,56.43982572051137
20992,4.203691806132315,51.502851167780655
20993,-8.255533386605556,41.834655269836524
20994,1.739268718785678,51.17051780910228
20995,14.739380111540624,39.003948601000076
20996,115.66483785512685,-31.938405321945698
20997,6.105087659486392,53.957548080511316
20998,-16.383285383112586,26.403704905266594
20999,5.035023383733873,52.65122092229883
21000,10.592446712263298,55.46009285206232
21001,137.3679937011686,34.77309373490135
21002,14.42132612230071,37.63866408316897
21003,6.789135694945091,54.19336736435597
21004,16.837923448669216,56.92263363508626
21005,110.94446177431914,-18.374270909928008
21006,2.333290574084595,50.91297027765985
21007,6.897502905970271,54.66360997983415
21008,-0.021320644865886574,51.14100374887618
21009,27.214165899999983,-28.36105775000002
21010,-3.404823082893135,46.11507075320559
21011,2.6619427902160457,51.189048913682306
21012,2.6619427902160457,51.189048913682306
21013,4.818720948950674,52.82203505858772
21014,-54.042354868581235,35.989546158113185
21015,3.533963764427712,52.453553390872784
21016,11.964286902634079,40.925733326165236
21017,103.7919923394993,1.242127267443181
21018,4.450074601795801,52.84541127266002
21019,-7.163062263698589,38.368747605394276
21020,-16.556212043939812,26.39412352188383
21021,-6.068858929154139,43.28301883963584
21022,-122.0643074541952,35.648649089531
21023,-78.02060669589214,35.40346899550323
21024,2.712579635801215,50.16015414167512
21025,152.8755190772043,-27.211648800820868
21026,105.12622166739322,14.753720780806132
21027,9.818586565429856,42.08546996857028
21028,31.95478939166665,35.582999508333316
21029,173.94208631278624,-41.98650518372171
21030,2.013581274026444,52.76969319453333
21031,-2.175839491494534,49.04765904105247
21032,5.777194694902683,52.416163137329065
21033,-12.061924403368746,42.73807841469261
21034,12.807743429013946,55.27544965861961
21035,10.86069091787485,53.94371974789423
21036,10.005726489108154,41.98000465954488
21037,-79.8083138937575,26.36495343555388
21038,-7.382107983986409,35.43364432418449
21039,-8.098159956603716,44.00284088429969
21040,16.11450690231676,56.12718927450905
21041,-79.14387616539692,26.124740295141102
21042,2.0251637438138754,51.30453436951441
21043,23.277654787573375,37.77917951029351
21044,-0.5330528518126163,40.20089514794151
21045,12.55798255138354,55.09550540163005
21046,4.358703492980585,51.438533280485224
21047,177.86713690000008,-37.8328833777778
21048,-120.19152151113894,34.18221912941338
21049,2.9031112268825505,51.2246956743451
21050,2.1721411954561787,51.751234659569434
21051,-3.0750107396242043,47.45234673062484
21052,2.317227718020697,38.30088244959755
21053,4.868462128551863,53.1908665148819
21054,-6.439446243660979,45.976943087606216
21055,138.4361032912084,35.04402804754502
21056,-1.3603572893351212,50.52935099448768
21057,-6.96790028843926,46.663164158519784
21058,8.017389672679434,53.48352863712712
21059,-0.29068647516248536,50.52017192305598
21060,-77.59667052756922,34.01364516573608
21061,-77.87558128080502,35.140246427896386
21062,11.740217935456537,54.333720270437425
21063,0.27681272771339654,50.81130962756028
21064,17.61430464318822,40.79254496270579
21065,11.165060900313781,56.72871894449044
21066,0.20836036643848985,39.40067868038774
21067,12.677557383611957,54.69041772748799
21068,-5.8211656308698085,38.28975444417004
21069,7.494982234411252,53.653658162378264
21070,-9.771403300000001,50.93191109999999
21071,19.54903181729269,37.772455087097754
21072,-1.5182706212444492,48.80426473696518
21073,21.710684893469644,59.088003269441
21074,13.827006973471256,39.43974323867011
21075,9.708532976545275,56.81584735851365
21076,1.6256192644236658,51.330428756817575
21077,21.162376498352515,58.65134776972107
21078,2.227290245018636,52.16700592409221
21079,3.3409266838480307,51.450460002927066
21080,10.815495446798423,57.41090617311199
21081,3.7931504175315354,52.739847383295036
21082,0.014174284034896643,50.838814358879375
21083,-4.238375343964993,52.868783124969944
21084,12.865403178710983,40.746331380196786
21085,2.455997328306343,52.177839084210554
21086,24.101623056209984,39.13356146892443
21087,3.7242508721521586,52.03458522826829
21088,29.46792745591155,40.712426040664816
21089,-3.5387462967337484,37.46957538842287
21090,8.28104638631263,54.76729388427351
21091,27.279458799999983,-28.30660240000002
21092,20.4626239265723,58.1189512727288
21093,3.4371420628048543,52.284336478381505
21094,11.964286902634079,40.925733326165236
21095,16.932821482686307,57.0528126660644
21096,103.7919923394993,1.242127267443181
21097,16.053010535219055,56.1038866435464
21098,138.6981253340925,35.231338501923524
21099,29.283772328840058,40.84544922758102
21100,-122.47934330170169,47.32555885656903
21101,3.599596063918162,51.60727612861566
21102,-77.66807530338001,35.450197663286346
21103,115.66483530512683,-31.938404546945698
21104,1.6377355874534494,51.13562581232024
21105,-8.255533386605556,41.834655269836524
21106,5.0044765865992105,52.65021902196225
21107,14.429185572300714,37.63808091983563
21108,6.73279222594964,54.189634003328344
21109,6.888491376922652,54.66168067622303
21110,110.94787590733915,-18.373546472146053
21111,4.818747213793128,52.82203623901891
21112,2.6619427902160457,51.189048913682306
21113,2.6619427902160457,51.189048913682306
21114,3.533963764427712,52.453553390872784
21115,4.453324840843418,52.84626127837431
21116,-0.023707944865886562,51.14103469887619
21117,5.777194694902683,52.416163137329065
21118,105.01394368494415,14.681806770196266
21119,23.277654787573375,37.77917951029351
21120,13.601960615335152,39.28086454998359
21121,10.147771185510607,39.643601977210494
21122,6.962565529395835,53.12640907231948
21123,4.572919114958747,52.93203524297015
21124,122.09638807362956,26.432348308894163
21125,-15.361484952700632,28.29533996365483
21126,-102.89771384152272,17.562786916273136
21127,-74.87971305008209,39.30309536878005
21128,0.641081622135093,39.59365628864109
21129,-122.44304987338447,47.34506786491647
21130,9.165936735827792,43.98840283808057
21131,-3.397223713990647,47.055694846295324
21132,19.184347417642126,57.32495184969494
21133,5.333361655245478,52.3158690926118
21134,135.71337002378831,34.03815118030488
21135,2.7319952314861773,52.78353156906633
21136,174.42273956333347,-41.31057441500001
21137,-8.172018886321503,41.7363502389863
21138,1.1577317957824607,50.97614492369663
21139,14.73930229082634,39.00445769528578
21140,4.929144506222299,52.130539541182344
21141,-72.53711932274398,40.73062581263424
21142,2.340036471573489,50.915650593912275
21143,-93.93670169820032,29.862783352967917
21144,2.176407236068994,52.672749433685155
21145,16.750165192824433,54.224762356728625
21146,-122.07903875157619,35.65052406000719
21147,10.573728852747168,55.416804027546206
21148,0.7842654392073193,48.22107108663875
21149,4.532536710684288,52.35326271644386
21150,153.1629209447408,-28.009554661034187
21151,138.42831079120842,35.04252464754502
21152,24.104216038028163,39.13235743013655
21153,-46.77112508380832,-24.318872748458706
21154,101.75957080439622,9.487831490057932
21155,-16.57204566727315,26.256565785217163
21156,-9.780892499999997,50.92257130000003
21157,-6.862453335646046,46.75847133641329
21158,-79.46272914627848,26.027500998894215
21159,-122.4728277873077,38.426480690075884
21160,-3.4114358847826995,46.12440685896478
21161,115.6742970924965,-32.04360160158008
21162,12.099759481491981,54.571037965749355
21163,12.679691082610434,56.52861339579873
21164,-2.120270443860453,49.065908031019646
21165,-79.14235199351945,26.149237363068394
21166,4.137034777560886,51.4859918749235
21167,137.36597051783528,34.771244184901356
21168,-2.934885287055262,49.63790665699172
21169,-11.84461039000626,32.24748521048928
21170,2.9031112268825505,51.2246956743451
21171,8.012140813155623,53.48316708315887
21172,-5.8211656308698085,38.28975444417004
21173,-6.0764791891541385,43.28247743963584
21174,173.94146753213084,-41.98845110693226
21175,-78.12239585504798,35.29415905084955
21176,2.712579742531984,50.16015413932954
21177,12.818642925391513,55.28709755547804
21178,-7.271453569008782,38.462705518923435
21179,10.863254228118638,57.392960011511114
21180,6.703952881756468,41.66419370065699
21181,31.554759412896843,35.80922113520855
21182,12.565962674493091,55.11409303508946
21183,-6.469103227429306,46.05605198479585
21184,-120.1982561844723,34.2422846194134
21185,-0.5477472915118645,40.156159406415824
21186,-0.24408371394169573,50.56999655901202
21187,27.213346099999985,-28.365644650000018
21188,177.88379760000007,-37.8597355777778
21189,2.3564972458970415,38.30612348040015
21190,-80.30033358764032,29.0632484327326
21191,0.26154452252018,50.93626108651825
21192,10.54220424189519,41.51700483823323
21193,4.358703492980585,51.438533280485224
21194,11.099683799951466,56.72675145887967
21195,0.15553451080630587,39.372271747514176
21196,-4.2408171439649935,52.86556827496994
21197,-77.65177522210705,33.95123476867725
21198,-1.5352022902481495,48.79397880512848
21199,21.718955793469636,59.09883441944101
21200,13.787034293056351,39.30712955771726
21201,9.740246173581147,56.88347086915741
21202,21.159161398352516,58.65073002805438
21203,10.86069091787485,53.94371974789423
21204,-7.38249316188879,35.433494191125185
21205,-8.057345843270383,44.116263937633015
21206,-12.410598685526974,42.66644501080107
21207,3.340852974959142,51.45069112292706
21208,2.0740835417659453,51.31596045766255
21209,0.31189892656562146,50.85375256605097
21210,10.013147042441487,41.98806548954489
21211,7.4169493235087645,53.62303194133678
21212,17.752179189021554,40.683165004372455
21213,12.917845882185345,40.80379027126733
21214,6.024013345423769,53.89856887944587
21215,1.6500458079709959,51.357977782869874
21216,2.2120704171802905,52.17918978631652
21217,2.186856521516785,51.72647828563004
21218,19.54597376754555,37.77299621815529
21219,-16.423391259381376,26.285481048996697
21220,11.153038011173182,54.10152693667506
21221,4.932244174988313,53.22856019476967
21222,31.95488909166664,35.582924308333325
21223,-54.121382497152666,35.84119248668462
21224,-1.3603572893351212,50.52935099448768
21225,152.8755190772043,-27.211648800820868
21226,3.7792471899453286,52.72880905226056
21227,5.416206268729635,38.911040023672044
21228,12.680453904117199,54.69650388992908
21229,9.817933736882678,42.081049512051976
21230,2.082891400176465,52.76010010510109
21231,2.5920966283063427,52.27538228421054
21232,3.4371420628048543,52.284336478381505
21233,-3.476039564210427,46.97079315178983
21234,11.964286902634079,40.925733326165236
21235,1.1577317957824607,50.97614492369663
21236,22.128830143425915,39.875675810000025
21237,173.94150323213086,-41.988508606932264
21238,2.5175835220600913,51.42632815118378
21239,4.519427774614349,53.84742194355382
21240,135.7112079237883,34.03954518030488
21241,-77.5316515176072,35.5960890870873
21242,10.737574942825264,42.01327019818542
21243,-15.361485368085248,28.295339740577905
21244,10.56406488230382,55.43420178118604
21245,-79.46655154627848,26.028752698894213
21246,12.687582682610435,56.53257769579873
21247,4.146552806132315,51.48026251778066
21248,136.690744439142,34.7721316749686
21249,6.693082284375514,41.66134061422841
21250,-2.056945648770777,49.10995735493212
21251,115.66483530512683,-31.938404546945698
21252,1.6377355874534494,51.13562581232024
21253,16.91390372268631,57.04330808606441
21254,-8.255533386605556,41.834655269836524
21255,4.969104827194449,52.654572971247966
21256,6.789134209071385,54.19336346806327
21257,-0.025382722406994938,51.16476303004139
21258,14.426741605634048,37.63837350316897
21259,110.94876330733918,-18.37341449714605
21260,6.630804221200788,54.45979457770649
21261,2.6619427902160457,51.189048913682306
21262,2.6619427902160457,51.189048913682306
21263,4.780519943001815,52.85689530314064
21264,3.533963764427712,52.453553390872784
21265,5.777194694902683,52.416163137329065
21266,103.7919923394993,1.242127267443181
21267,105.01224389744416,14.68866111186293
21268,4.4495016317958,52.845312582660014
21269,23.277654787573375,37.77917951029351
21270,8.269423146116553,54.773835778881356
21271,13.601960415335151,39.28086484998359
21272,10.15465928551061,39.65067767721049
21273,6.962565529395835,53.12640907231948
21274,4.577357820742952,52.946361789577495
21275,122.27999917362956,26.523907808894158
21276,-102.88430645009413,17.552286521987423
21277,-74.87061347971172,39.30352463729857
21278,29.46792745591155,40.712426040664816
21279,138.4361032912084,35.04402804754502
21280,-122.44304987338447,47.34506786491647
21281,9.165933906867219,43.98840272847483
21282,-16.434763320651214,26.25706477121892
21283,19.270070853651454,57.3660789883414
21284,5.21277974798187,52.259666398330495
21285,2.7319952314861773,52.78353156906633
21286,174.42251287666676,-41.30693927500001
21287,29.283772328840058,40.84544922758102
21288,-93.93670169820032,29.862783352967917
21289,4.92914442727493,52.1305393471632
21290,-72.97606443019065,40.5614060640366
21291,-8.173761186321503,41.74072863898629
21292,7.9898672488514135,53.480457809098176
21293,2.176407236068994,52.672749433685155
21294,16.11450690231676,56.12718927450905
21295,16.75575240339866,54.22846267488339
21296,-4.2187589439649935,52.86783832496994
21297,0.7842648642073194,48.22107143663876
21298,4.532536198184288,52.353263063666084
21299,24.105808838028164,39.13227033013655
21300,153.1704378372408,-27.976866914784193
21301,27.27976779999999,-28.298604900000022
21302,-122.47934330170169,47.32555885656903
21303,-46.77151068380833,-24.318554348458704
21304,101.83162577939623,9.40737341505793
21305,0.64313485008114,39.59550860532112
21306,-7.38249620050018,35.433495115475836
21307,-80.23405988016232,28.974032073697536
21308,2.1089065186517404,52.755051253939456
21309,5.40924128569613,39.35619854881646
21310,177.86934650000006,-37.86689747777779
21311,137.36597051783528,34.771244184901356
21312,-77.64979487210702,33.949094918677254
21313,17.809662489021548,40.723174104372454
21314,3.340852974959142,51.45069112292706
21315,12.565962674493091,55.11409303508946
21316,2.2272909492041,52.16700603095937
21317,2.184110998748728,51.37446849554869
21318,2.3400361715734888,50.9156509169892
21319,2.595034328306344,52.275386534210526
21320,4.930739274988313,53.228304694769676
21321,-54.12192369715267,35.84179348668462
21322,10.798871314539555,57.3548272600163
21323,3.6063598906227643,52.67213449046586
21324,-16.559226945757988,26.37655857461111
21325,7.457298228498762,53.67379949302764
21326,12.132031586037435,54.55328737029481
21327,19.5490318844083,37.77245545972392
21328,31.554756412896854,35.809229535208544
21329,2.712579742531984,50.16015413932954
21330,31.954790391666663,35.582978308333324
21331,-7.27200458823955,38.463514005461896
21332,152.87324831526465,-27.213640199786386
21333,13.787034293056351,39.30712955771726
21334,11.097010193284797,56.728407707213
21335,0.11056794631101217,39.33227898299982
21336,14.740446771540626,39.00548756100007
21337,-9.7356397,50.94180070000002
21338,3.474591019335532,51.5513439353633
21339,10.542203920784077,41.517005303233226
21340,-4.396205494629606,48.821610951222546
21341,-1.5352022902481495,48.79397880512848
21342,21.71862949346964,59.094384169441
21343,-78.12239575004799,35.294158511563836
21344,9.91197084998446,57.08357294634438
21345,12.820947691462942,55.287685450120904
21346,21.154861698352516,58.6460407030544
21347,12.68006409522831,54.69612877546514
21348,2.187568968183452,51.7229317322967
21349,-0.5882569715118645,40.149015086415815
21350,10.012378342441487,41.98399832287822
21351,12.920400682185347,40.812228671267334
21352,27.216242899999987,-28.36191035000002
21353,-11.840091256672927,32.25348851048928
21354,-8.057300813270384,44.11772626763302
21355,-13.259185982048052,42.267854451394726
21356,10.86069091787485,53.94371974789423
21357,0.35994617007211493,50.86281381860509
21358,2.9031112268825505,51.2246956743451
21359,-122.47691448730771,38.42644599007589
21360,-6.077255629154138,43.282337639635834
21361,5.898927110842374,53.84617240196391
21362,-79.14269449351946,26.149383763068396
21363,-1.3652865075545833,50.53084807854565
21364,-120.19470683447231,34.27235811941339
21365,-6.793500882534855,46.843001620790936
21366,0.19810991040850484,50.92331692526379
21367,-3.3972248074811127,46.14092973721604
21368,4.358703492980585,51.438533280485224
21369,11.1321792920841,54.09197340547214
21370,2.351582985897042,38.30605966182873
21371,-2.5437659455155144,49.90369572094515
21372,1.6840060459409207,51.37623165016312
21373,5.455149063239305,38.911756809456875
21374,115.6742952752346,-32.04360513719516
21375,9.817933736882678,42.081049512051976
21376,-0.24408371394169573,50.56999655901202
21377,-6.448422531862581,46.0664901593769
21378,-5.8211656308698085,38.28975444417004
21379,-16.434763320651214,26.25706477121892
21380,0.14683337788708115,51.17880634741623
21381,-0.24494424727502906,50.56983191734535
21382,3.7167575054854916,52.036489928268296
21383,20.4626239265723,58.1189512727288
21384,136.690744439142,34.7721316749686
21385,29.46792745591155,40.712426040664816
21386,-1.750636650022863,49.85880077117932
21387,10.593750147303819,55.510970951186046
21388,-4.407687727962939,48.814770184555876
21389,-77.27501322976308,35.965241861972075
21390,2.176407236068994,52.672749433685155
21391,105.01301645141498,14.68885767523408
21392,135.7105856237883,34.039498280304876
21393,-11.917638856672927,32.11934626048928
21394,137.36597051783528,34.771244184901356
21395,5.21277974798187,52.259666398330495
21396,2.7319952314861773,52.78353156906633
21397,174.42220487666677,-41.310469100000006
21398,4.929144656441597,52.130539909663206
21399,-8.173761186321503,41.74072863898629
21400,-93.93670169820032,29.862783352967917
21401,29.283772328840058,40.84544922758102
21402,-73.41441107231518,40.391470182837004
21403,1.152277333859384,50.973113426388934
21404,16.52574767006533,54.20848395821672
21405,-2.534485495515514,49.914769706659435
21406,0.7842645942073194,48.22107070997208
21407,4.532536973184287,52.35326313223751
21408,153.1500389304226,-28.0597657988751
21409,24.108708589543316,39.131075472813315
21410,-122.47934330170169,47.32555885656903
21411,-46.771896483808334,-24.318640348458707
21412,101.80195775439623,9.512757348391265
21413,-122.48203398730767,38.42424799007589
21414,115.67430557839116,-32.04360584574314
21415,12.743906787610431,56.5417513524654
21416,4.146190806132315,51.48032606778065
21417,16.11450690231676,56.12718927450905
21418,115.66483785512685,-31.938405321945698
21419,1.6387163874534492,51.136368392320236
21420,-8.255533386605556,41.834655269836524
21421,16.903518322686313,57.039318686064405
21422,6.774431034375514,41.68970046422841
21423,4.969105327194448,52.65453307124796
21424,14.424750605634044,37.6392203165023
21425,6.78913521444004,54.1933669046085
21426,110.94446181567251,-18.374270997146052
21427,6.433524398819836,54.28697010048427
21428,4.780519943001815,52.85689530314064
21429,3.533963764427712,52.453553390872784
21430,5.795638014858337,52.44211881515612
21431,103.7919923394993,1.242127267443181
21432,2.6619427902160457,51.189048913682306
21433,2.6619427902160457,51.189048913682306
21434,-94.12505976823323,28.190712348667045
21435,2.2099570639454087,51.39143847799417
21436,23.277654787573375,37.77917951029351
21437,8.263480311234154,54.77255759064025
21438,2.333290574084595,50.9129703592652
21439,10.13659751884394,39.631810377210485
21440,13.601960415335151,39.28086484998359
21441,6.962565529395835,53.12640907231948
21442,4.577357820742952,52.946361789577495
21443,122.27780636505813,26.52368705003702
21444,-15.361486503076572,28.295339521549568
21445,4.4521730817958005,52.84590543266002
21446,19.54903181729269,37.772455087097754
21447,-102.8622231799344,17.540654058799014
21448,-74.88867735440644,39.27383157107797
21449,-122.14763902385162,35.668293528316006
21450,-79.78793234627851,26.370384098894213
21451,2.5198902220600914,51.425826051183776
21452,138.4361032912084,35.04402804754502
21453,27.276477299999982,-28.298772900000017
21454,9.91200799998446,57.083611096344384
21455,14.739380111540624,39.003948601000076
21456,27.214165899999983,-28.36105775000002
21457,-3.1154082261494382,46.41966267240027
21458,5.389883654029462,39.356494192149796
21459,177.86021460000006,-37.84087317777779
21460,-80.20977063103308,28.97860461235522
21461,21.14380359835252,58.63022556972107
21462,3.474591019335532,51.5513439353633
21463,-54.042354868581235,35.989546158113185
21464,0.40053744576493017,50.880204438318344
21465,2.9031112268825505,51.2246956743451
21466,-16.565783122424655,26.36519711127777
21467,5.898927110842374,53.84617240196391
21468,3.340852974959142,51.45069112292706
21469,21.71707759346964,59.09106146944101
21470,152.8717838120059,-27.2179273065359
21471,2.986809447038977,52.42576540829782
21472,5.495943115548618,38.96127597079727
21473,2.620279428306343,52.28851858421054
21474,3.5464863626300693,52.126526384754605
21475,2.712579742531984,50.16015413932954
21476,-7.382498964785893,35.433491066368695
21477,31.95597019166665,35.58214320833332
21478,-7.084426558785988,38.40513829311204
21479,31.554217912896853,35.80819973520855
21480,12.819966101416645,55.28599731863942
21481,0.5686239457574515,39.625979225483896
21482,-122.44304987338447,47.34506786491647
21483,9.165933906867219,43.98840272847483
21484,-4.150051743964993,52.813696524969934
21485,12.865403178710983,40.746331380196786
21486,-9.685831200000003,50.9544191
21487,-8.098159956603716,44.00284088429969
21488,-13.851026839521582,42.08678853171873
21489,10.86069091787485,53.94371974789423
21490,-79.14485159351945,26.148039063068396
21491,0.19996273340850487,50.923633778263785
21492,-0.5821795715118647,40.14524328641582
21493,4.913782994268812,53.20577016399788
21494,19.270070853651454,57.3660789883414
21495,-1.3652865075545833,50.53084807854565
21496,9.817933736882678,42.081049512051976
21497,4.358703492980585,51.438533280485224
21498,-6.072021929154139,43.28244243963584
21499,-1.9970235891778703,49.134516449019685
21500,11.131209245577889,54.09148527193177
21501,2.3486788358970414,38.30616386182873
21502,-120.2063983978056,34.28996853608006
21503,-6.766321383478253,46.88061561198592
21504,12.565962674493091,55.11409303508946
21505,2.314673866310896,52.648185961750286
21506,-77.64905277210703,33.94896731867725
21507,-6.39709897565379,45.99434371668459
21508,2.1875965681834515,51.722686432296705
21509,7.457298228498762,53.67379949302764
21510,12.159223614370767,54.54874269487814
21511,10.542205362450746,41.51700598656655
21512,-78.02107482922547,35.3989491621699
21513,13.787034293056351,39.30712955771726
21514,11.098805352594852,56.730547611303756
21515,0.04659566995858045,39.28892083844619
21516,12.768026111444525,54.70697298411378
21517,-5.8211656308698085,38.28975444417004
21518,17.805329451521548,40.722283116872454
21519,-1.5535417945059096,48.783534534386234
21520,1.6154600036109317,51.32856602669601
21521,2.227290597399589,52.167006114568395
21522,10.798871314539555,57.3548272600163
21523,10.028505959108154,41.924518739544894
21524,3.506478358070882,52.10657778607505
21525,29.283772328840058,40.84544922758102
21526,2.5175835220600913,51.42632815118378
21527,1.0709925916627572,50.94197852719318
21528,-122.1732785206049,35.665709599827544
21529,-74.90736574867313,39.254146309645904
21530,-46.77112523380833,-24.31887296512537
21531,0.6513065721428571,36.82313633341269
21532,16.95258328268631,57.0755186660644
21533,-1.5141497663007812,48.70626240618111
21534,8.25366451131263,54.776567119273494
21535,16.757245962424417,56.38753698192059
21536,0.6425868834937439,39.594699017092815
21537,2.7319952314861773,52.78353156906633
21538,174.3563826533334,-41.384463695000015
21539,-8.172018886321503,41.7363502389863
21540,-93.93669374839452,29.86278986878944
21541,4.929145367109217,52.13053874598595
21542,2.176407236068994,52.672749433685155
21543,-73.62332461098899,40.29547194780918
21544,16.750164838062528,54.224762037681
21545,-77.05683405947092,36.26682783031099
21546,0.7842654392073193,48.22107108663875
21547,4.504560794017621,52.28446469977719
21548,153.1204406930294,-28.131106106842125
21549,-3.8143074866275644,52.93210431935384
21550,24.107768871361497,39.12969399402544
21551,-122.47934330170169,47.32555885656903
21552,101.79932807820575,9.512008913867454
21553,-122.48744874730768,38.42239007007589
21554,115.67431103226541,-32.043599001909584
21555,12.832427124618976,56.578052847675195
21556,4.147136877560886,51.48026974159017
21557,1.5886035158810023,51.10845441155375
21558,115.66483616172212,-31.938398439077115
21559,135.7144120237883,34.037580980304874
21560,-8.255533386605556,41.834655269836524
21561,3.7242508721521586,52.03458522826829
21562,4.933872426559528,52.645423126803514
21563,6.704562270645355,41.69774048954588
21564,14.429185572300714,37.63808091983563
21565,110.94787280733915,-18.373550197146056
21566,6.732785763539153,54.189631474242695
21567,6.469758589176979,54.32327220984936
21568,4.849826743001815,52.9128223698073
21569,3.533963764427712,52.453553390872784
21570,105.00809052602608,14.660065992173477
21571,2.6619427902160457,51.189048913682306
21572,2.6619427902160457,51.189048913682306
21573,103.79199499925161,1.2421324742543265
21574,4.499496899685165,52.85551657853243
21575,5.795638014858337,52.44211881515612
21576,2.294323038269829,51.43391785555851
21577,23.277654787573375,37.77917951029351
21578,10.119423864457975,39.60479261931576
21579,13.592684615335152,39.25192462776137
21580,6.962565529395835,53.12640907231948
21581,3.340852974959142,51.45069112292706
21582,122.0950075950581,26.42788623746559
21583,4.577357820742952,52.946361789577495
21584,-11.842674241248499,32.2356679406135
21585,-15.361486023411334,28.295335102208284
21586,19.54597377629446,37.77299611841776
21587,137.36285787680964,34.76734637054238
21588,-102.84275323469632,17.530986989751398
21589,10.86069091787485,53.94371974789423
21590,29.46792745591155,40.712426040664816
21591,177.87805750000007,-37.87158977777779
21592,-7.381843277580434,35.434129716337594
21593,5.365965529267558,39.35474768548312
21594,7.861070281678152,53.476588757169964
21595,27.214404599999988,-28.367245050000015
21596,14.743467648576338,38.99087987036912
21597,-120.16259864637706,34.293664593222914
21598,27.276701999999986,-28.304582300000014
21599,3.474591019335532,51.5513439353633
21600,9.817933736882678,42.081049512051976
21601,12.200889444437921,54.53493965006743
21602,4.472465700281016,53.87159533255382
21603,2.712579742531984,50.16015413932954
21604,11.093635698844853,56.73056544838709
21605,-94.12167527562953,28.175136733021876
21606,-122.44304987338447,47.34506786491647
21607,9.165933906867219,43.98840272847483
21608,-0.6274349536414939,40.132145780542814
21609,21.71789850458075,59.09944855277435
21610,9.91197084998446,57.08357294634438
21611,-79.14174529351945,26.15092397973506
21612,2.214254055266785,51.721337403130036
21613,12.916685682185346,40.799547771267335
21614,2.4254341153288603,38.30728876244563
21615,4.9468839242688105,53.24151806733123
21616,0.2764938039516528,50.93815474702799
21617,4.358703608451079,51.43853312737517
21618,-1.9757337149109395,49.14510179894729
21619,-6.3927272760841936,45.99343815305822
21620,-80.15393203018867,28.880193846869787
21621,7.457298228498762,53.67379949302764
21622,-77.7546287569978,33.803009655891586
21623,-78.12586137504799,35.28548829334955
21624,10.99126531886516,54.03022519384159
21625,0.04548284995858039,39.28634535844619
21626,-2.526586681604623,49.929012243845904
21627,0.4004243789380071,50.87883391652346
21628,2.340036471573489,50.915650593912275
21629,14.123374217480254,59.22404322352602
21630,12.563689490158643,55.10986329778511
21631,-6.084323730820804,43.281043847969165
21632,18.725247823713495,57.02479534367248
21633,12.820697596634462,55.283666860846324
21634,2.1985821171802904,52.16717073631652
21635,2.9031112268825505,51.2246956743451
21636,-74.41063406113417,27.690098048016228
21637,-5.820816930869809,38.289315044170046
21638,17.917657938718516,40.62673199740276
21639,10.542204617899625,41.517003693900854
21640,13.781679507350919,39.29103808748599
21641,1.6049344795816276,51.31659115969966
21642,10.806055460095111,57.357184403349635
21643,-16.565922973294217,26.113063562775366
21644,12.768026111444525,54.70697298411378
21645,-3.370206869527954,46.162488304286995
21646,-9.708799399999998,50.94131800000002
21647,-8.057345843270383,44.116263937633015
21648,-14.85910890016281,41.77190311258837
21649,21.135152978352515,58.62065731805439
21650,-54.121382497152666,35.84119248668462
21651,2.8921741055544437,52.39564003928662
21652,10.015531992441487,41.9846824395449
21653,2.6792454341675853,52.35200740071771
21654,31.55601631289684,35.807392235208546
21655,5.898927110842374,53.84617240196391
21656,5.21277974798187,52.259666398330495
21657,31.95544569166664,35.581399408333326
21658,152.87324831526465,-27.213640199786386
21659,20.4626239265723,58.1189512727288
21660,-1.3652865075545833,50.53084807854565
21661,-7.765453189433327,38.39318352920299
21662,-6.774288533478252,46.86824791198592
21663,5.549073783621248,38.97451219922199
21664,2.3221894594380696,52.656246946141735
21665,-79.4655262016362,26.031338558512097
21666,21.135152978352515,58.62065731805439
21667,-10.646955099058664,34.20475452790338
21668,137.36285787680964,34.76734637054238
21669,5.802566703088083,52.862114725053736
21670,16.818742329522117,56.41083961288324
21671,-4.35794299046294,48.800980559555875
21672,1.0608454716929385,50.935712491881304
21673,-94.12167527562953,28.175136733021876
21674,-76.77103620321387,36.69093199263061
21675,-74.90392888086932,39.246927003758614
21676,16.93874448268631,57.069470966064415
21677,-1.9534190895141146,49.15784501521712
21678,138.42831079120842,35.04252464754502
21679,135.7134534237883,34.03807128030488
21680,0.7049613991102661,39.5948946301593
21681,-57.90282619380952,-16.358044286190474
21682,13.8570806460949,37.258564877332546
21683,12.44266750262207,39.852969911688604
21684,10.119288497791311,39.60588221931575
21685,6.962565529395835,53.12640907231948
21686,122.2819127950581,26.52659343746559
21687,4.577357820742952,52.946361789577495
21688,-15.36148598412562,28.295335239113047
21689,-102.83947446811622,17.527440328192956
21690,177.8779732000001,-37.917904177777785
21691,29.46792745591155,40.712426040664816
21692,13.781679507350919,39.29103808748599
21693,31.550405384325426,35.811160906637134
21694,-122.44304987338447,47.34506786491647
21695,9.165933906867219,43.98840272847483
21696,18.786744190811195,57.04809797463512
21697,5.21277974798187,52.259666398330495
21698,2.7319952314861773,52.78353156906633
21699,174.42722889333345,-41.30668182500001
21700,-8.188150596996483,41.72249443685863
21701,-93.93670186830308,29.862783079529645
21702,4.929145367109217,52.13053874598595
21703,29.283772328840058,40.84544922758102
21704,2.176407236068994,52.672749433685155
21705,-73.62308711765564,40.29476573447585
21706,16.75016597232723,54.22476226545878
21707,4.452971408968601,52.20736661546347
21708,0.7842653392073192,48.221071186638746
21709,153.06192829552938,-28.318986360592135
21710,24.11408739279007,39.12729643973972
21711,-122.47934330170169,47.32555885656903
21712,101.6029754210629,9.8474496254746
21713,174.17467995423857,-40.614213116941784
21714,-3.0812264357306525,37.81111957544893
21715,-122.50077849730769,38.41971148007589
21716,115.67430921500352,-32.04360253752466
21717,27.21608689999999,-28.363245050000014
21718,12.85345283786684,56.587572656649556
21719,3.340852974959142,51.45069112292706
21720,4.163464306132314,51.473094984447314
21721,2.4195738625534364,38.31390633181003
21722,115.66483616172212,-31.938398439077115
21723,27.279611799999987,-28.299939600000016
21724,1.5720296757711123,51.09960513435594
21725,5.716744264966556,38.91350138142466
21726,-3.5192643676109827,46.07176473176903
21727,-8.255533386605556,41.834655269836524
21728,4.918911924337306,52.645763600136846
21729,14.429185572300714,37.63808091983563
21730,9.911975549984462,57.08357189634438
21731,110.94787440733917,-18.37355119714605
21732,6.789130163539153,54.19336047424269
21733,6.451293934563882,54.30970780181363
21734,7.783758531426373,53.46185388894563
21735,6.690191373264401,41.6937464031173
21736,2.6619427902160457,51.189048913682306
21737,2.6619427902160457,51.189048913682306
21738,21.716226793469637,59.097283119441016
21739,11.093635698844853,56.73056544838709
21740,4.849826743001815,52.9128223698073
21741,3.533963764427712,52.453553390872784
21742,105.04781032684068,13.812315621255873
21743,10.806055460095111,57.357184403349635
21744,5.795638914858337,52.44211971515611
21745,103.79199499925161,1.2421324742543265
21746,4.494431690637547,52.85418698281815
21747,12.768026111444525,54.70697298411378
21748,10.014763292441486,41.98061527287823
21749,2.3561095907366374,51.49142839079547
21750,0.39846599888289125,50.817828274340734
21751,-0.6288017336414936,40.13520036054281
21752,4.358703608451079,51.43853312737517
21753,4.960272744268812,53.212025147331225
21754,-79.14131279351946,26.15079507973506
21755,-80.13262955943817,28.766484333060024
21756,-120.18599509637704,34.315812934889586
21757,23.277654787573375,37.77917951029351
21758,-7.3818461819898005,35.434128159067114
21759,-2.4574166969107454,49.947011294866314
21760,-78.14856376972175,35.27569899341854
21761,10.99126531886516,54.03022519384159
21762,12.824874270034373,55.28801064654947
21763,0.4584657796532325,50.90701018538503
21764,-5.820734530869808,38.28916404417004
21765,12.565962674493091,55.11409303508946
21766,10.542204217899624,41.51700439390084
21767,-0.24612524727502905,50.569983117345345
21768,-6.084324129154138,43.28104438963584
21769,-77.69638187033114,33.80655528779635
21770,5.372437429267556,39.35684913548312
21771,0.04585804995858043,39.28782823844619
21772,2.9031112268825505,51.2246956743451
21773,-16.572309773294215,26.185443062775363
21774,17.968353080385185,40.659138064069424
21775,-9.657745500000003,50.965530700000016
21776,4.472465400281016,53.87159563255382
21777,-15.597615643991269,41.44875108991979
21778,2.252526267180291,52.236734944649854
21779,10.86069091787485,53.94371974789423
21780,-3.513852361169981,52.73063506402992
21781,12.920400682185347,40.812228671267334
21782,3.474591019335532,51.5513439353633
21783,19.547307093157205,37.77254815998639
21784,-1.5542548663007814,48.783718406181116
21785,-8.057318613270384,44.11685826763301
21786,-54.12192369715267,35.84179348668462
21787,8.244333115560995,54.77745969999245
21788,2.7095225591675853,52.36894375071769
21789,5.898927110842374,53.84617240196391
21790,-11.848883685692943,32.30831216283572
21791,31.94964699642857,35.585258346428574
21792,-1.3652865075545833,50.53084807854565
21793,-7.765453189433327,38.39318352920299
21794,152.87324831526465,-27.213640199786386
21795,2.5742809989583613,52.291245747570485
21796,20.4626239265723,58.1189512727288
21797,-6.806782112049681,46.877615761985915
21798,-6.1874157961538465,47.85673983999999
21799,2.712579742531984,50.16015413932954
21800,14.74492494857634,38.993301870369116
21801,14.115589264146925,59.20611699810936
21802,7.457298228498762,53.67379949302764
21803,9.817933736882678,42.081049512051976
21804,2.3167220243388438,52.57701746261961
21805,12.20789706443792,54.531534430067424
21806,-79.46505591330286,26.03258045684543
21807,13.592684615335152,39.25192462776137
21808,-6.392025957036575,45.99429331972488
21809,1.2531476411458762,51.18342963162402
21810,2.214670335266785,51.71982018313004
21811,2.340036471573489,50.915650516989196
21812,5.716744264966556,38.91350138142466
21813,-16.523842585827534,26.04203808472572
21814,-0.24494424727502906,50.56983191734535
21815,10.86069091787485,53.94371974789423
21816,-122.17226241560485,35.66479404482755
21817,16.818742329522117,56.41083961288324
21818,3.340852974959142,51.45069112292706
21819,13.8590337460949,37.25855417733254
21820,-46.771896483808334,-24.318640348458707
21821,-94.1218074375343,28.176942799688547
21822,-15.361486684125618,28.29533533911305
21823,0.5784628904761908,36.82383204174603
21824,12.918494304328206,40.80473895968004
21825,-1.5774104241144573,49.857951748064
21826,2.5198902220600914,51.425826051183776
21827,29.46792745591155,40.712426040664816
21828,5.34567933760089,39.35606073673312
21829,29.283772328840058,40.84544922758102
21830,174.17466727712312,-40.61424219271101
21831,-4.369425223796273,48.7941397928892
21832,-11.79754763569294,32.40296411283572
21833,5.721992793626919,52.88467135698332
21834,-1.3652865075545833,50.53084807854565
21835,9.912012699984462,57.08361004634438
21836,137.355603655757,34.756955702121324
21837,105.0480744268407,13.811583921255874
21838,2.395397361637612,51.517631591241894
21839,23.277654787573375,37.77917951029351
21840,8.203492589600614,54.722109001047784
21841,10.12212029779131,39.60696221931575
21842,13.592684415335151,39.251924927761365
21843,6.962565529395835,53.12640907231948
21844,122.28130330648668,26.524386718608444
21845,4.577357820742952,52.946361789577495
21846,177.87737790000006,-37.91922187777779
21847,13.781679507350919,39.29103808748599
21848,-102.83185947045735,17.52220369441369
21849,138.4361032912084,35.04402804754502
21850,138.69604839361634,35.22614354954257
21851,0.7049613991102661,39.5948946301593
21852,-122.44304987338447,47.34506786491647
21853,9.165933906867219,43.98840272847483
21854,18.786744190811195,57.04809797463512
21855,5.21277974798187,52.259666398330495
21856,2.7319952314861773,52.78353156906633
21857,174.42499649333345,-41.309445450000005
21858,-8.089647341477638,41.72197607445496
21859,4.929145392328515,52.13053878530015
21860,-93.93670186830308,29.862783079529645
21861,2.176407236068994,52.672749433685155
21862,-73.72633804952547,40.2293088851436
21863,16.52578078621612,54.208493782819886
21864,0.7842643942073194,48.22107085997208
21865,4.452971854801934,52.207366881257116
21866,24.11408739279007,39.12729643973972
21867,5.898927110842374,53.84617240196391
21868,-6.803091285808547,46.879535369078106
21869,153.0634799955294,-28.31303056059213
21870,-122.47934330170169,47.32555885656903
21871,101.48239449106289,10.111253375474599
21872,115.67431321778129,-32.04360258891355
21873,135.7128311237883,34.038024380304876
21874,-10.645153199058663,34.282341127903386
21875,-122.50077849730769,38.41971148007589
21876,31.54858958432543,35.811029006637135
21877,12.876238529533508,56.606323689982894
21878,21.715770193469638,59.092006069441005
21879,12.821526995728814,55.2833733437717
21880,4.163058906132315,51.47304918444732
21881,115.66483871172213,-31.938399214077112
21882,19.549031626041597,37.77245487069355
21883,-7.381844260341447,35.434128696924255
21884,3.7173856054854917,52.03555822826829
21885,1.564962642437779,51.09528550102261
21886,-8.255533386605556,41.834655269836524
21887,16.923639522686315,57.06213518606442
21888,4.918911955985657,52.645763500136844
21889,27.214165899999983,-28.361059050000016
21890,4.960272744268812,53.212025147331225
21891,14.427753201712475,37.64041869493368
21892,-80.03088460430362,28.598537757344893
21893,-3.6420254256408615,45.97074547691795
21894,-5.820838830869808,38.28945644417004
21895,6.7891305406118025,54.193357856464935
21896,10.54220593456629,41.517005177234175
21897,110.94446080733918,-18.374271297146052
21898,-120.15032422637705,34.29169853488958
21899,10.011069592441485,41.97328022287823
21900,3.474591019335532,51.5513439353633
21901,-79.78515051330288,26.374199356845434
21902,-8.057714846603718,44.11997293429968
21903,12.44266750262207,39.852969911688604
21904,-0.6629495336414938,40.123358560542805
21905,2.2960258257436474,52.55787359706357
21906,-6.046897296153847,47.836663339999994
21907,2.214994101933452,51.71754554979671
21908,0.04598654995858043,39.28900283844619
21909,-79.11854857160415,26.14300211583083
21910,4.358703608451079,51.43853312737517
21911,-6.079090829154138,43.28115013963583
21912,2.4177577325534365,38.3143334432386
21913,12.768026111444525,54.70697298411378
21914,2.333290543954441,50.912967787465384
21915,-3.5092634611699807,52.73338271402992
21916,6.451337156230551,54.30954862459141
21917,4.472465300281016,53.871595832553815
21918,-77.69414037033113,33.80480468779635
21919,-2.4613589135774117,49.95404378653299
21920,-1.5535417945059091,48.783534884386235
21921,10.993428828925444,54.03189507107861
21922,4.849826743001815,52.9128223698073
21923,-15.837424214021848,41.33338431450694
21924,2.4260050551565056,52.19644285646563
21925,2.9031112268825505,51.2246956743451
21926,-57.89779107714285,-16.353321502857142
21927,17.964069780385188,40.65784406406943
21928,3.533963764427712,52.453553390872784
21929,7.610593797996142,53.44721157408369
21930,-54.12169216858124,35.84428545811319
21931,10.806055460095111,57.357184403349635
21932,20.4626239265723,58.1189512727288
21933,9.817933736882678,42.081049512051976
21934,12.565962674493091,55.11409303508946
21935,14.746277929290624,38.99527903608341
21936,103.79199499925161,1.2421324742543265
21937,4.495673690637546,52.854567882818145
21938,2.484258155106398,52.2539458529437
21939,-16.560533160521942,26.209056585745657
21940,7.484030091666981,53.68892517402941
21941,2.7144195591675855,52.36630550071771
21942,12.244319911627139,54.55171317359103
21943,5.795638914858337,52.44211971515611
21944,31.949365846428577,35.58540019642858
21945,-6.260317290369909,46.02710325305822
21946,-7.7660042086640955,38.39399201574145
21947,152.87324831526465,-27.213640199786386
21948,0.5400717745483793,50.9307166503746
21949,0.76235162736959,50.79823478586115
21950,14.068882705225349,59.16370769732505
21951,2.6619427902160457,51.189048913682306
21952,2.6619427902160457,51.189048913682306
21953,-78.04724264389922,35.38048910473888
21954,2.712579742531984,50.16015413932954
21955,11.119730915511518,56.70764328172043
21956,1.1475811897173045,51.16032133019546
21957,27.275160499999984,-28.29870500000002
21958,6.6823096732644,41.692666303117306
21959,-9.620022800000005,50.972882600000005
21960,135.7128311237883,34.038024380304876
21961,-0.24494424727502906,50.56983191734535
21962,5.519745812311916,39.043716490249636
21963,137.34636440242366,34.74747016212133
21964,-120.11386760250917,34.25567104780131
21965,-74.92968071870264,39.01767740472712
21966,2.5353549166632665,51.427348429913934
21967,-1.8755242058195736,49.18799552483635
21968,-54.121801930486,35.84194195335128
21969,5.939457201338865,53.885376806283766
21970,-74.36541156113418,27.69023734801623
21971,5.816972790115363,53.00355598467162
21972,-2.5731528446055485,38.37357881956449
21973,-76.40425566872568,37.28325876529122
21974,16.99695691601964,57.103997499397735
21975,-10.479420979390103,39.571561198180476
21976,8.150791642885151,54.63454222336401
21977,-122.20742612940008,35.42446302020087
21978,10.763451400744627,41.99437997568073
21979,138.42831079120842,35.04252464754502
21980,0.770248312034624,50.728143366786654
21981,-1.4122243953842983,49.88942824965132
21982,16.750165379585297,54.22476243703136
21983,3.5041175768479134,51.57194007102076
21984,1.5178071450135366,51.07007540314382
21985,9.9605201509098,57.12087587418536
21986,115.66491277611065,-31.938390315652686
21987,3.7242508721521586,52.03458522826829
21988,-8.255533386605556,41.834655269836524
21989,6.732797292744754,54.18962936582877
21990,4.889317762528939,52.64157762658758
21991,14.451771378379146,37.639635718267016
21992,6.4543544690876935,54.3110546839565
21993,110.94787301845028,-18.373549897146052
21994,3.54648991878006,52.12652882100645
21995,4.761394814026317,52.83126508799835
21996,105.09768525252592,12.867541813243538
21997,103.76275371141048,1.3603311443345967
21998,3.533963764427712,52.453553390872784
21999,4.717553319279065,52.89934126637143
22000,2.6619427439116983,51.18904888209044
22001,2.6619427439116983,51.18904888209044
22002,5.795960791140068,52.4422886505916
22003,23.277654787573375,37.77917951029351
22004,2.5154946287701168,51.51241151323984
22005,6.934226454817198,41.78889545236162
22006,13.559222767273214,39.14739957328719
22007,10.115954322791307,39.60404003320465
22008,3.340852974959142,51.45069112292706
22009,6.962565529395835,53.12640907231948
22010,4.577357820742952,52.946361789577495
22011,122.09502843196287,26.428006267044342
22012,-15.361486023411334,28.295335102208284
22013,13.781679507350919,39.29103808748599
22014,-102.76866512324125,17.49141902098268
22015,31.552711484325425,35.80889910663713
22016,29.46792745591155,40.712426040664816
22017,126.58731693905469,36.594673712943134
22018,138.69455002694968,35.223337966209236
22019,5.30987219402946,39.37591655351881
22020,-122.44304987338447,47.34506786491647
22021,9.183187570274464,43.97951814272201
22022,18.058004363719604,56.584487684274734
22023,5.165527515026451,52.23851688503607
22024,2.7319952314861773,52.78353156906633
22025,174.41426332942038,-41.33770676673914
22026,-8.076195107712824,41.631551728672655
22027,-93.93669971561249,29.86278487156774
22028,-57.73799177380952,-16.82043990119048
22029,29.283772328840058,40.84544922758102
22030,21.71789850458075,59.09944855277435
22031,4.92914556311591,52.13053846536214
22032,2.176407236068994,52.672749433685155
22033,22.126886397499998,39.88150443000002
22034,4.452971443413046,52.20736590324125
22035,0.7842654392073193,48.22107108663875
22036,12.44266750262207,39.852969911688604
22037,153.06489431576748,-28.437673201068314
22038,7.389662067831647,53.411233046944204
22039,0.6873833982911887,51.16708748025728
22040,24.112494592790068,39.127383539739725
22041,-122.47934330170169,47.32555885656903
22042,-46.77112495880832,-24.318872660958704
22043,0.7049613991102661,39.5948946301593
22044,10.858239570481034,57.347009471748294
22045,-79.4702107016362,26.032430258512093
22046,13.858766465380615,37.25957744376112
22047,-6.128521496153846,47.96947497333333
22048,101.45475424106289,10.223324025474598
22049,3.4371420628048543,52.284336478381505
22050,2.9031112268825505,51.2246956743451
22051,115.67431103226541,-32.043599001909584
22052,-122.54298737132403,38.48851476175939
22053,2.2960258257436474,52.55787359706357
22054,-4.363066536337997,48.778215478077264
22055,12.901320195824235,56.62310665299041
22056,27.21453999999999,-28.367101550000015
22057,136.69242469414203,34.7683683099686
22058,19.54597377629446,37.77299611841776
22059,4.358703608451079,51.43853312737517
22060,-6.0874574308208045,43.280790447969174
22061,2.5430215388929027,38.402543784572664
22062,27.275520599999986,-28.30436960000002
22063,-79.94392209266536,28.440201759240317
22064,12.782599672581904,54.71710062566603
22065,-3.63140857501815,46.00148076624778
22066,-5.819496564203141,38.288160444170046
22067,-77.69915232487661,33.80120285143271
22068,177.88052470000005,-37.90995417777779
22069,10.99126531886516,54.03022519384159
22070,-2.4426217385374787,49.931967297395616
22071,-1.4277801431827728,50.523516033718614
22072,4.153690177560886,51.47882584159017
22073,9.817933736882678,42.081049512051976
22074,17.917694638718515,40.62677299740276
22075,-78.14856366972175,35.27569899341854
22076,-0.017052579943380306,39.26164421611424
22077,14.743467648576338,38.99087987036912
22078,2.3972957749372075,52.196607528213754
22079,11.111158898844854,56.70883079838709
22080,12.819054354967793,55.28435944417966
22081,-16.476589800521943,25.66938806574565
22082,-9.5953692,50.97117710000001
22083,2.7776007591675858,52.4154433007177
22084,10.542186117899623,41.517107693900854
22085,-1.5141497663007812,48.70626240618111
22086,2.712579742531984,50.16015413932954
22087,4.828402331454958,52.9292029069849
22088,-15.928096404462446,41.3070460319735
22089,-7.763254538805248,38.3861352526759
22090,2.484258155106398,52.2539458529437
22091,-3.547810283392203,52.780048108474375
22092,174.17510813757193,-40.61389316027512
22093,10.015531992441487,41.9846824395449
22094,-7.381841585287203,35.43413074434511
22095,31.949483346428565,35.58535559642857
22096,152.87324831526465,-27.213640199786386
22097,2.340036471573489,50.915650593912275
22098,4.519147757868373,53.877493451508
22099,-73.8562811485645,40.12410623385609
22100,-11.721615485692942,32.27309412950239
22101,1.0545686990055447,51.06925059443507
22102,20.06423883060501,57.90990365574986
22103,-8.057345843270383,44.116263937633015
22104,0.4823042972701319,50.90702405689715
22105,2.214254055266785,51.721337403130036
22106,-0.6330734978647036,40.11768126101863
22107,12.563251720927873,55.10935114778512
22108,-6.255475464266014,46.03483547502792
22109,-79.13247876782569,26.142077470079272
22110,0.8703628698091335,50.79383936927951
22111,14.04840984377514,59.12074729817462
22112,7.426823458625998,53.66244198665173
22113,12.245244970793808,54.550216985257684
22114,3.4371420628048543,52.284336478381505
22115,5.8322174728938725,53.84351832299837
22116,135.7160283237883,34.03655378030488
22117,136.69242469414203,34.7683683099686
22118,3.546490041319743,52.12652838037154
22119,16.977679616019646,57.095328799397755
22120,-58.66107347380951,-16.39902270119047
22121,29.46792745591155,40.712426040664816
22122,-4.356831794373711,48.76795404861297
22123,138.69391729361635,35.22286224954257
22124,3.340852974959142,51.45069112292706
22125,-77.4256704801539,36.22749774901957
22126,3.7184003554854916,52.03668912826829
22127,-15.36148598412562,28.295335239113047
22128,138.44902223018278,35.050111642563344
22129,-74.36709222780085,27.689217114682897
22130,5.882104748829488,39.016349727527725
22131,29.283772328840058,40.84544922758102
22132,135.8572790166066,37.44431968379299
22133,19.547307093157205,37.77254815998639
22134,-122.53215389728274,38.44278883963548
22135,12.908403929157569,56.63276768632374
22136,115.67430921500352,-32.04360253752466
22137,12.822935353367704,55.28675725488281
22138,4.163464306132314,51.473094984447314
22139,10.005828933919124,57.218605937133916
22140,-10.456771434779409,39.64132732130891
22141,126.58627916405469,36.60328161294312
22142,1.5167668950135362,51.068931253143816
22143,115.66491277611065,-31.938390315652686
22144,-8.255533386605556,41.834655269836524
22145,4.889317762528939,52.64157762658758
22146,14.45097309266486,37.637179461124155
22147,110.94787491845028,-18.37355089714605
22148,6.448650861230549,54.308108875146964
22149,137.34636440242366,34.74747016212133
22150,6.789140939161821,54.19335826154647
22151,3.533963764427712,52.453553390872784
22152,4.751482853533684,52.84535559001492
22153,104.91298772502593,12.810940294910202
22154,2.6619427439116983,51.18904888209044
22155,2.6619427439116983,51.18904888209044
22156,5.796123395656983,52.4423746526023
22157,103.79252120102798,1.2421545552635584
22158,4.712488110231447,52.89801167065714
22159,2.53258164416305,51.50675766290912
22160,23.358853460406706,37.74853688158518
22161,-77.6974861248766,33.79985580143271
22162,8.140498800403611,54.63674150626656
22163,10.101158422791313,39.59329323320463
22164,13.559222767273214,39.14739957328719
22165,6.962565529395835,53.12640907231948
22166,122.28157713196286,26.52511306704434
22167,6.928085857436243,41.78755386593304
22168,4.618589030954343,52.98049149780416
22169,13.781679507350919,39.29103808748599
22170,-1.406974895384298,49.889207349651315
22171,-79.88079378338678,28.216997030646315
22172,-102.77654181847934,17.494956073363632
22173,-1.7897145600538624,49.211822480349284
22174,0.7049613991102661,39.5948946301593
22175,31.54943522432541,35.81165920663713
22176,-122.44304987338447,47.34506786491647
22177,9.183187570274464,43.97951814272201
22178,27.216432499999986,-28.361249150000017
22179,18.058004363719604,56.584487684274734
22180,5.019997990172881,52.17274205282104
22181,2.7319952314861773,52.78353156906633
22182,177.8766927000001,-37.91948657777778
22183,174.42675996942043,-41.308008196739145
22184,0.7482268588568505,50.71355954896141
22185,12.565962674493091,55.11409303508946
22186,-7.950127544495216,41.507558742321386
22187,-93.93669971561249,29.86278487156774
22188,4.929145654168541,52.13053826588846
22189,21.714771493469634,59.096866269441016
22190,12.920400682185347,40.812228671267334
22191,2.176407236068994,52.672749433685155
22192,12.44266750262207,39.852969911688604
22193,22.124598443425924,39.88164851000003
22194,10.99126531886516,54.03022519384159
22195,13.855446847523469,37.249557272332545
22196,16.750165987161054,54.22476216682934
22197,2.775532860272197,51.334056797856775
22198,0.7842650642073195,48.22107138663875
22199,4.452971493413045,52.2073662087968
22200,152.99889962298363,-28.608431529676377
22201,-79.46974041330287,26.033672156845427
22202,-122.47934330170169,47.32555885656903
22203,24.168577888424988,39.154562026495675
22204,-6.317661096153847,47.50574193999998
22205,10.014763292441486,41.98061527287823
22206,5.7830127299991885,53.04121344856764
22207,9.817933736882678,42.081049512051976
22208,101.41886459106288,10.3397137254746
22209,2.9031112268825505,51.2246956743451
22210,-46.77151070880833,-24.318554160958705
22211,4.392827572210343,53.87716939851089
22212,-54.122343130485994,35.842542953351284
22213,-2.7846826858076996,52.69587156071562
22214,10.542185509863911,41.517108507293706
22215,5.303188969029461,39.378322198518816
22216,10.743489223998731,42.01041377886568
22217,10.90074773364061,57.31570691897123
22218,-11.709277724594546,32.283141543384936
22219,7.460013539538229,53.67378851450994
22220,4.825883031454959,52.9283061069849
22221,-0.6337728778647038,40.12019404101863
22222,2.32299513534772,52.53243480044592
22223,0.5104683129762934,50.906699379334334
22224,2.558492467642903,38.42170236207266
22225,-120.13599002780563,34.27528683488959
22226,4.358703608451079,51.43853312737517
22227,-6.0874580291541385,43.280791189635835
22228,12.782599672581904,54.71710062566603
22229,-2.3894241278768176,49.94047340505327
22230,-8.057318613270384,44.11685826763301
22231,-15.80012353685511,41.29657464738293
22232,-3.635881473101179,45.997542660396476
22233,-5.819496564203141,38.288160444170046
22234,18.10170544509107,40.58934477142237
22235,-1.4277801431827728,50.523516033718614
22236,20.06423883060501,57.90990365574986
22237,-16.46345300052194,25.80866116574565
22238,2.3400361715734888,50.9156509169892
22239,2.808809759167586,52.434235550717695
22240,7.320567817876639,53.40496341849945
22241,2.4386213849372074,52.23130829071374
22242,-79.13339296782569,26.14251387007927
22243,152.87324831526465,-27.213640199786386
22244,2.4129380741294373,52.226567192974024
22245,12.252264850793805,54.54827589192437
22246,2.712579742531984,50.16015413932954
22247,-0.017317604943380263,39.26247859111424
22248,31.94867661142856,35.58575332142857
22249,-6.247341352036577,46.03868241593701
22250,0.8867143739052261,50.79901120511353
22251,13.98882562347622,59.10272630896709
22252,11.110991898844851,56.70800089838709
22253,0.5846293192995219,50.84678818290897
22254,14.74492494857634,38.993301870369116
22255,-7.763254538805248,38.3861352526759
22256,174.17468126423856,-40.61421238694179
22257,3.3368124753238573,51.51281394834128
22258,-73.96866279251486,40.07595783049041
22259,-1.5542548663007814,48.783718406181116
22260,-78.14856356472175,35.27569845413282
22261,-7.3818468204108525,35.434131080646054
22262,27.278622499999987,-28.297696000000023
22263,2.2149665019334517,51.717790849796714
22264,-9.559935600000003,50.99018460000002
22265,12.920400682185347,40.812228671267334
22266,29.46792745591155,40.712426040664816
22267,135.85452971660663,37.44164398379299
22268,-10.445822312017503,39.7268697621978
22269,22.117370614854504,39.886113295714324
22270,137.34636440242366,34.74747016212133
22271,126.58323268072134,36.604575096276456
22272,-75.28414588843727,38.215040639760566
22273,138.69469499361634,35.223886449542576
22274,29.283772328840058,40.84544922758102
22275,0.732379025208179,50.70266824921252
22276,152.99916402298362,-28.606267129676375
22277,-0.5798954672919794,39.596836777470145
22278,3.7173856054854917,52.03555822826829
22279,0.5685810604761906,36.777336071746035
22280,5.757163176158115,39.2025662974603
22281,2.537661616663266,51.426846329913936
22282,12.565962674493091,55.11409303508946
22283,0.7049613991102661,39.5948946301593
22284,-6.446959796153846,46.91192153999999
22285,18.14722608947732,56.96662791694745
22286,2.7319952314861773,52.78353156906633
22287,-7.387150309949813,41.12427269758558
22288,12.782599672581904,54.71710062566603
22289,174.4253250694204,-41.31010672173914
22290,4.929145588335207,52.130538504676345
22291,-93.93669971561249,29.86278487156774
22292,-7.381840577333929,35.43413088993177
22293,21.715770193469638,59.092006069441005
22294,2.176407236068994,52.672749433685155
22295,5.708623762766717,53.81304859497288
22296,10.992415379094759,54.03112875439089
22297,16.525780693791877,54.208493612617865
22298,177.87748280000008,-37.91893397777779
22299,4.452971605913045,52.207366352368226
22300,0.7842643942073194,48.22107085997208
22301,-122.47934330170169,47.32555885656903
22302,24.177378971758323,39.15781184316234
22303,-46.77189650880833,-24.318640160958708
22304,10.97697282112842,57.319635909215
22305,101.41980229106288,10.339772725474598
22306,-1.6989009157859527,49.24522145430637
22307,-122.57862284835353,38.52664489820816
22308,115.67431321778129,-32.04360258891355
22309,10.011069592441485,41.97328022287823
22310,-73.94204999251485,40.08548415049041
22311,12.915789163772954,56.641996513246816
22312,12.819588079062148,55.282119952105035
22313,4.163058906132315,51.47304918444732
22314,10.542187226530578,41.51710929062704
22315,16.960433456019654,57.087285819397756
22316,1.5151174150135365,51.067895393143814
22317,-8.077635251605555,42.08613454332858
22318,115.66491532611066,-31.938391090652686
22319,10.054101369099813,57.36853554789153
22320,14.44653812599819,37.63831885779083
22321,4.890025794177291,52.64247072658759
22322,110.94446151845028,-18.374270797146053
22323,6.789139578421312,54.1933592324407
22324,6.4397868402690115,54.30434853766833
22325,4.72054741451883,52.86106519300686
22326,3.5914266310943788,52.471899816798704
22327,5.796204858904847,52.442417741491184
22328,103.84995054870944,1.4275986866932298
22329,4.713730110231447,52.898392570657144
22330,104.74152027543617,11.201275628677461
22331,2.6619427439116983,51.18904888209044
22332,2.6619427439116983,51.18904888209044
22333,2.6145671191251707,51.54387152418374
22334,23.358853460406706,37.74853688158518
22335,8.092456825100582,54.59651510603928
22336,10.113640572791311,39.60605400820463
22337,13.562647717273215,39.15168162328719
22338,27.214355499999982,-28.36039655000002
22339,6.962565529395835,53.12640907231948
22340,122.27895312339143,26.5236481081872
22341,31.54771402432542,35.81149000663713
22342,152.87324831526465,-27.213640199786386
22343,4.618589030954343,52.98049149780416
22344,-15.36148705555419,28.295335739113046
22345,-6.305747789118809,47.24286169788788
22346,12.44266750262207,39.852969911688604
22347,6.9269609574362425,41.78777066593304
22348,13.781679507350919,39.29103808748599
22349,-102.77758601847934,17.49519197336363
22350,-54.12211180191457,35.845035224779856
22351,-1.4820349816766565,50.51394871177672
22352,13.860711451419578,37.24693873337151
22353,5.286828719029462,39.39534543185216
22354,138.45681473018277,35.05161504256334
22355,-4.578775521041263,48.4045144196399
22356,14.746277929290624,38.99527903608341
22357,10.743489223998731,42.01041377886568
22358,136.69242469414203,34.7683683099686
22359,2.566934012390377,38.429422186127496
22360,-79.87256574395015,27.995776413744906
22361,-2.7857684858077,52.69787156071561
22362,-77.4256704801539,36.22749774901957
22363,-10.53881924130465,34.3715518236253
22364,2.9031112268825505,51.2246956743451
22365,-3.6929574589741945,45.96387977691795
22366,4.304384435542045,53.836827852230705
22367,9.817933736882678,42.081049512051976
22368,7.0341961776120945,53.357359589534724
22369,31.94858376142856,35.585815771428564
22370,3.340852974959142,51.45069112292706
22371,174.17471803653837,-40.61319055306189
22372,-79.78983501330289,26.37529105684543
22373,-122.44304987338447,47.34506786491647
22374,9.183187570274464,43.97951814272201
22375,27.275331999999985,-28.297864000000022
22376,19.549031626041597,37.77245487069355
22377,-11.655912874594543,32.34230159338494
22378,2.2258063557796053,51.706704547873635
22379,-0.667920677864704,40.10835224101863
22380,2.6842470070772873,51.33693450786761
22381,5.8717496278818775,53.088065959145155
22382,2.376864586381981,52.50401820405513
22383,4.358703608451079,51.43853312737517
22384,-2.070602386275653,50.02750470460345
22385,-79.13247726782568,26.143569170079267
22386,12.250686800793806,54.54924069192435
22387,-6.077696386535442,43.311531537167255
22388,18.058004363719604,56.584487684274734
22389,-5.930313583364658,46.19093059588001
22390,0.6233887677150548,50.91923164232379
22391,13.996829293476214,59.08310586063379
22392,-5.820747569638622,38.38571341039496
22393,-78.09585395298643,35.32223703665466
22394,11.022848379045353,56.68478535013313
22395,-0.01676508494338027,39.26340209111424
22396,-120.17061465780563,34.31363293488959
22397,-16.43619903552194,25.841910685745656
22398,0.8927222439052261,50.81342963011353
22399,-74.36465146530084,27.69169707896861
22400,18.09742214509107,40.588050771422374
22401,-9.543695400000004,50.9949874
22402,3.2383914961278215,51.47802774910535
22403,-1.5535417945059096,48.783534534386234
22404,0.33888818561825085,50.72740558303903
22405,2.4260041051565056,52.196443218965626
22406,2.8084773591675853,52.4294958007177
22407,4.8270652314549585,52.9286895069849
22408,-8.057635056603717,44.11875408429968
22409,-15.864689086855108,41.16454864738293
22410,2.3416196885911216,52.211587014106634
22411,7.461529904736316,53.68018955765316
22412,2.712579742531984,50.16015413932954
22413,4.909416355243133,52.12547100853082
22414,-7.763805558036017,38.38694373921436
22415,20.038507521301916,57.90501607226581
22416,2.333290574084595,50.9129703592652
22417,-7.3605140281335215,35.45595848160702
22418,2.5353549166632665,51.427348429913934
22419,3.721490872152159,52.03437942826829
22420,2.6842470070772873,51.33693450786761
22421,-59.48567981666666,-15.848963083333325
22422,-1.6777750391932125,49.25669253293407
22423,-11.647208224594545,32.3234920100516
22424,-4.536436158097999,48.45114110037698
22425,-77.7876579275689,33.67457801657923
22426,-79.87166754395015,27.99851101374491
22427,-74.36395196113418,27.69536834801623
22428,29.283772328840058,40.84544922758102
22429,0.7405114890656452,50.68374534118084
22430,-5.421085689324425,44.93801608472981
22431,24.394559608057662,38.30788818877137
22432,17.067566360530133,56.96788806392572
22433,5.692252032188942,39.14011651120368
22434,-7.1519382,45.762148806666666
22435,22.124941347499995,39.88157013000002
22436,10.990360994303755,54.02959654141244
22437,115.67430841862439,-32.04359726570445
22438,115.66524972780127,-31.93836873421398
22439,5.734512469041257,53.86066799168007
22440,-15.361486023411334,28.295335102208284
22441,18.032993110755502,56.56917816654406
22442,138.69367742694968,35.22193116620924
22443,-122.44304987338447,47.34506786491647
22444,9.183187570274464,43.97951814272201
22445,4.903430857043163,52.121747661519365
22446,2.7319952314861773,52.78353156906633
22447,174.41039912942037,-41.34163146673914
22448,12.808703242348736,54.735955682835986
22449,-6.910274549297342,40.78428823094542
22450,-93.93669971561249,29.86278487156774
22451,3.247881203365917,51.47945425729583
22452,4.92914556311591,52.13053846536214
22453,21.715105904580746,59.097334152774344
22454,2.176407236068994,52.672749433685155
22455,16.750165487161052,54.22476246682934
22456,10.54218590986391,41.517107807293705
22457,0.7842654392073193,48.22107108663875
22458,4.452972218413044,52.20736558324124
22459,24.200027649377365,39.16629745649568
22460,152.9979889729836,-28.613234146343032
22461,-122.47934330170169,47.32555885656903
22462,-46.77112495880832,-24.318872660958704
22463,11.031174535879238,57.339355462282704
22464,101.41963404106289,10.340807225474599
22465,18.70727633734127,57.19924308053884
22466,-122.61663230436828,38.48110479659884
22467,-73.94336537960935,40.08659505713925
22468,12.906975303058669,56.63145191324681
22469,4.153690177560886,51.47882584159017
22470,-0.24612524727502905,50.569983117345345
22471,12.897713933060112,55.309964071661696
22472,-2.8347420808793844,52.77319332169232
22473,10.064877220811802,57.40272356769222
22474,1.4747396456195974,51.05015212587108
22475,-8.044676426181827,42.15961376197266
22476,-1.5461384150099897,50.45550508677672
22477,14.460782909156089,37.64549535410661
22478,4.687516442529491,52.57886290823809
22479,6.732797443705388,54.1896295843329
22480,110.94787651845027,-18.373547072146053
22481,6.435748964487077,54.298866602578045
22482,4.828402331454958,52.9292029069849
22483,4.71531170527821,52.86480599444965
22484,5.796204858904847,52.442417741491184
22485,104.19095097554914,2.1647881897415324
22486,6.316258313535721,53.18319351051982
22487,3.588004977761045,52.47287283013204
22488,104.6929501302665,10.557901558339765
22489,0.8670960016252838,50.80850861662147
22490,2.644844222623541,51.1907316352827
22491,2.644844222623541,51.1907316352827
22492,2.6306913108068866,51.54457637504931
22493,126.5657721890547,36.61823696294313
22494,23.358853460406706,37.74853688158518
22495,10.099360272791309,39.594587908204645
22496,7.852278477115528,54.288817262420274
22497,13.559478683097216,39.27296958925768
22498,27.211913899999985,-28.365476550000018
22499,6.962565529395835,53.12640907231948
22500,122.09641558196284,26.432473742044344
22501,4.618589030954343,52.98049149780416
22502,13.781679507350919,39.29103808748599
22503,177.87611570000007,-37.90409087777779
22504,2.8500827591675857,52.467938000717716
22505,-102.54545285597398,17.413226590759606
22506,7.050221095642885,41.78443516474694
22507,2.3416196885911216,52.211587014106634
22508,13.871096795246736,37.24919957719867
22509,-0.6341430278647039,40.13283073101863
22510,27.272876399999987,-28.30256610000002
22511,138.44902223018278,35.050111642563344
22512,7.461529904736316,53.68018955765316
22513,5.8719014129447,53.087752292640346
22514,135.8685674166066,37.45019308379299
22515,19.54597377629446,37.77299611841776
22516,3.340852974959142,51.45069112292706
22517,-79.55958868496951,26.053181719623208
22518,136.69242469414203,34.7683683099686
22519,0.7049613991102661,39.5948946301593
22520,14.745618708576336,38.99642491036912
22521,2.226646618636748,51.70790505358791
22522,-6.2717621478424554,47.32894529850686
22523,4.358703608451079,51.43853312737517
22524,-6.056585079868776,43.309135770500596
22525,10.91782264350964,56.65472802493472
22526,2.5753150587540135,38.42938876985044
22527,-3.6929472131133885,45.9639917400573
22528,-9.5300553,50.990695200000026
22529,-1.518571528800781,48.669245575892646
22530,5.177343419029463,39.38278381185214
22531,-77.43865128148619,36.19367430959951
22532,-10.440935941304652,34.3793026236253
22533,174.174525342866,-40.63465202027512
22534,18.04883562009107,40.5543418047557
22535,-8.057345843270383,44.116263937633015
22536,-16.184825395302397,41.17342018057911
22537,2.9031112268825505,51.2246956743451
22538,10.015531992441487,41.9846824395449
22539,-5.837683283684998,38.35425530834783
22540,9.817933736882678,42.081049512051976
22541,12.565962674493091,55.11409303508946
22542,-2.0073481071027883,50.06015675275495
22543,19.280190346922772,57.52159741082376
22544,-16.455395492188607,25.683773382412323
22545,12.247808850793806,54.55047889192436
22546,4.301594502224669,53.83769071005742
22547,6.909370933002474,53.32693828141289
22548,31.94947662142857,35.58538997142858
22549,-54.121801930486,35.84194195335128
22550,-120.27100744685328,34.394768396794355
22551,0.7927119241363119,50.931315971847155
22552,2.289367475679769,50.835322741617595
22553,31.55023218432542,35.81130600663714
22554,2.712579742531984,50.16015413932954
22555,-5.834595360075664,46.35752190751747
22556,10.743489223998731,42.01041377886568
22557,2.3970787481514924,52.19694621928518
22558,-79.13235836782569,26.147045170079267
22559,-4.339448032256012,48.76861150656383
22560,12.435006220435836,39.844137807235164
22561,13.918118296809554,58.978832835633796
22562,-10.362325587348007,39.93529144395056
22563,-78.19833785880896,35.215141745334314
22564,137.3455152212271,34.746765519813636
22565,-0.012854195195905702,39.266592108264305
22566,0.31721504377237086,50.74216225806309
22567,-7.814307805183393,38.35624439256701
22568,152.65595018079728,-28.120442764847176
22569,2.376864586381981,52.50401820405513
22570,0.5133873754761905,36.751804730079364
22571,-10.43939264130465,34.3808378236253
22572,3.7174480554854923,52.03631222826829
22573,135.8821508591489,34.08220660082779
22574,-4.301289385505104,48.64098468772281
22575,10.743489223998731,42.01041377886568
22576,3.5464902746530758,52.12652855328821
22577,2.3416196885911216,52.211587014106634
22578,31.22610981083267,36.58837761475343
22579,10.91178584350964,56.65297252493472
22580,23.505005832268395,59.46659767194072
22581,-15.36148598412562,28.295335239113047
22582,-5.546962599681654,44.769855123007694
22583,-77.68480942756892,33.78261259515066
22584,29.283772328840058,40.84544922758102
22585,2.176407236068994,52.672749433685155
22586,-6.196363566302122,47.44552418340843
22587,-46.77150959116127,-24.31859271978223
22588,11.031174535879238,57.339355462282704
22589,5.734512469041257,53.86066799168007
22590,-10.114369245121434,38.33626774734248
22591,10.542185509863911,41.517108507293706
22592,7.85244837162533,54.28683542349871
22593,122.28158408196285,26.52511734204434
22594,13.781679507350919,39.29103808748599
22595,4.618589030954343,52.98049149780416
22596,-102.54554628454542,17.410322709807225
22597,138.45681473018277,35.05161504256334
22598,7.039350498261931,41.78158207831836
22599,3.197627605336367,51.45846215931123
22600,174.17409846953274,-40.63497124694179
22601,138.69345259361634,35.222306149542575
22602,0.7049613991102661,39.5948946301593
22603,-7.362609699999998,45.36052147333333
22604,-122.44304987338447,47.34506786491647
22605,9.183187570274464,43.97951814272201
22606,12.565962674493091,55.11409303508946
22607,177.87228370000008,-37.91362327777778
22608,18.01171183735125,56.560953113246185
22609,4.864120467432008,52.10002168613615
22610,2.7319952314861773,52.78353156906633
22611,174.42227256942041,-41.312580596739146
22612,-6.787888278445653,40.97043873755336
22613,-93.93669971561249,29.86278487156774
22614,4.929145654168541,52.13053826588846
22615,21.711978893469634,59.09475186944101
22616,16.750165987161054,54.22476216682934
22617,10.99126531886516,54.03022519384159
22618,22.124598443425924,39.88164851000003
22619,0.7842650642073195,48.22107138663875
22620,4.452971668413045,52.207365838796804
22621,24.20162044937737,39.166210356495675
22622,152.99949944520583,-28.608412018565264
22623,-122.47934330170169,47.32555885656903
22624,-0.24612524727502905,50.569983117345345
22625,101.41886459106288,10.3397137254746
22626,-122.63311779975291,38.557219787368076
22627,24.41129270805766,38.308234988771375
22628,115.67430929302917,-32.04360206381953
22629,12.910614403058668,56.63625261324682
22630,-73.943004886276,40.08664664380591
22631,-79.13327256782568,26.147481570079268
22632,-120.36772748018659,34.464982574572126
22633,12.901034581460024,55.31120505736486
22634,2.8515898591675866,52.46918495071772
22635,4.1730700156561245,51.46738628920924
22636,12.251462550793805,54.54819589192437
22637,126.56473441405467,36.62684486294312
22638,13.871551782059921,37.24916334862724
22639,115.66524542542031,-31.93836815564255
22640,10.094895429188892,57.42785164960021
22641,7.47982741828791,53.69477836937197
22642,-79.56680359663618,26.05615841795654
22643,1.4718231456195974,51.04892912587107
22644,-7.989223485392353,42.302263675130554
22645,-1.5835917933077894,49.303888785136785
22646,1.8684656635558985,50.20648649967933
22647,17.04081890053014,56.95517208392574
22648,-9.527641900000003,51.00033150000002
22649,27.277190299999987,-28.297526600000023
22650,14.458338942489423,37.64578793743995
22651,5.744590720875116,53.06946537200408
22652,4.687516474177843,52.57886280823809
22653,2.9031112268825505,51.2246956743451
22654,6.430231920737076,54.296641344244705
22655,4.26642977934625,53.82468921498466
22656,18.792999773350598,57.24037021918531
22657,3.340852974959142,51.45069112292706
22658,6.789141186289118,54.193358935050604
22659,-74.36355406530086,27.69586197896861
22660,27.21500029999999,-28.361079750000016
22661,-7.381848299465965,35.43413115838414
22662,4.358703608451079,51.43853312737517
22663,3.588004977761045,52.47287283013204
22664,4.694690666766434,52.859515770796655
22665,9.817933736882678,42.081049512051976
22666,104.56276520922633,3.4657913819227155
22667,6.316310063535721,53.18324142718649
22668,104.1231548595538,10.032946121437295
22669,19.547307093157205,37.77254815998639
22670,2.652541134296876,51.562096891996035
22671,2.644844222623541,51.1907316352827
22672,2.644844222623541,51.1907316352827
22673,5.796204858904847,52.442417741491184
22674,2.5766028987540137,38.43153263318377
22675,23.358853460406706,37.74853688158518
22676,-5.854119478945377,38.33709345147536
22677,12.808703242348736,54.735955682835986
22678,-78.19833775380896,35.2151412060486
22679,-77.44688977089213,36.1748540335104
22680,-54.122343130485994,35.842542953351284
22681,-16.44227099218861,25.823052849078987
22682,18.101843545091068,40.58893727142237
22683,5.176864452362796,39.38506716518548
22684,-8.057220731547092,44.0994026155561
22685,152.5679696526836,-28.410838787773535
22686,12.435006220435836,39.844137807235164
22687,6.564839040285198,53.245270610988925
22688,135.86995811660663,37.447377283792996
22689,10.100440768245857,39.59952985138646
22690,31.94858146142857,35.58580387142858
22691,-7.814307805183393,38.35624439256701
22692,31.549433624325424,35.81166670663713
22693,2.712579742531984,50.16015413932954
22694,-1.876417424301658,50.10788751006859
22695,110.9469323184503,-18.374044897146053
22696,14.749071205957286,39.00105690941674
22697,2.426004556961017,52.19644282107089
22698,-1.5461384150099897,50.45550508677672
22699,5.6633373876721835,39.43485041364252
22700,13.480557450094082,39.29169474400067
22701,137.34486069741754,34.74998424838507
22702,-0.01322949519590567,39.26840750826431
22703,4.825883031454959,52.9283061069849
22704,-5.703491660075663,46.20698020751748
22705,-4.339448032256012,48.76861150656383
22706,19.280190346922772,57.52159741082376
22707,0.8977409177573529,50.98558613833536
22708,0.8670861127363949,50.808498994399244
22709,-0.6348424078647039,40.135343511018625
22710,-10.337140183062292,39.97637856585531
22711,136.698734651642,34.765760333301934
22712,10.86069091787485,53.94371974789423
22713,2.227359065303415,51.704358500254585
22714,13.906217813476221,58.96251423563378
22715,2.376864586381981,52.50401820405513
22716,-6.037348122880683,43.3631352040244
22717,-1.5586766288007812,48.74670157589265
22718,-16.32543161004264,41.16430624135248
22719,-2.7656097858077,52.67624936071561
22720,10.014763292441486,41.98061527287823
22721,-3.697420131196417,45.960053434206
22722,6.962565529395835,53.12640907231948
22723,0.28673187834552344,50.74514031622084
22724,-78.19833775380896,35.2151412060486
22725,31.222807810832677,36.58789921475343
22726,-1.5728572504506468,49.30759021727963
22727,135.8747082284424,34.076440107893006
22728,13.87321397890203,37.249332803364084
22729,2.537661616663266,51.426846329913936
22730,3.7146256054854923,52.03535242826829
22731,29.46792745591155,40.712426040664816
22732,0.625420256922816,50.64060059180912
22733,136.698734651642,34.765760333301934
22734,10.011069592441485,41.97328022287823
22735,7.903706346659451,54.14724238107845
22736,-7.400091987671229,45.206157062100445
22737,138.69469499361634,35.223886449542576
22738,10.992415379094759,54.03112875439089
22739,0.6834718482911888,51.16540863025727
22740,1.4632414956195974,51.04621617587108
22741,115.66524542542031,-31.93836815564255
22742,19.280190346922772,57.52159741082376
22743,18.792999773350598,57.24037021918531
22744,10.094895529188891,57.42785164960021
22745,-7.731335894817386,42.84444017234001
22746,17.026374800530142,56.94929348392572
22747,-60.2446028,-15.144593199999997
22748,14.45311874248942,37.64789255077328
22749,4.656846164654033,52.57185683204761
22750,6.789139684450126,54.193359154581195
22751,6.419009050737076,54.27731509202249
22752,2.644844222623541,51.1907316352827
22753,2.644844222623541,51.1907316352827
22754,4.693561601720542,52.870892457194884
22755,3.588004977761045,52.47287283013204
22756,5.796204858904847,52.442417741491184
22757,105.51894457369669,5.742735640582977
22758,23.358853460406706,37.74853688158518
22759,2.542582649558466,51.496269642976365
22760,104.69980434606174,9.737137912508722
22761,13.48057309302091,39.29167886204946
22762,10.10249193945798,39.58614243320464
22763,-2.7661972858076997,52.67682466071561
22764,6.962565529395835,53.12640907231948
22765,4.618589030954343,52.98049149780416
22766,6.3189815135357215,53.18383427718648
22767,122.27895467339141,26.5236521831872
22768,-15.36148705555419,28.295335739113046
22769,13.781679507350919,39.29103808748599
22770,-102.54872854454541,17.413348349807222
22771,138.45681473018277,35.05161504256334
22772,7.039100598261931,41.78248027831836
22773,-6.131979515517379,38.253615640282405
22774,174.17413524183252,-40.633949413061885
22775,-122.44304987338447,47.34506786491647
22776,9.183187570274464,43.97951814272201
22777,18.112907878683476,56.60986181322177
22778,-54.04277430191457,35.990295624779854
22779,4.765482054858578,52.05539293497927
22780,2.7319952314861773,52.78353156906633
22781,-5.829790734704566,40.062418251147236
22782,12.565962674493091,55.11409303508946
22783,174.41207116942041,-41.306466421739145
22784,-93.93669971561249,29.86278487156774
22785,4.929145690258284,52.13053850307379
22786,21.712977593469642,59.089891669441016
22787,29.283772328840058,40.84544922758102
22788,2.1575217910051565,52.66711525939108
22789,16.52574842490299,54.20848416150676
22790,10.897190981725407,56.64832343223672
22791,22.1177122773545,39.88615372071432
22792,4.230963323192312,53.70127101726611
22793,0.7842645942073194,48.22107070997208
22794,4.452971780913045,52.20736598236823
22795,152.99976384520585,-28.606247618565263
22796,24.200967367559187,39.167678935283554
22797,-122.47934330170169,47.32555885656903
22798,126.56119243072133,36.62787584627645
22799,5.6832814692988185,53.84188058827911
22800,135.87434011660662,37.45033408379299
22801,-7.38184338578247,35.434130283268935
22802,-46.77189649116128,-24.318639619782235
22803,152.23053739468196,-29.493471165414142
22804,-79.10945282549764,26.1382480028835
22805,11.19608400932507,57.308911377365206
22806,-79.89277559663618,26.399145917956538
22807,7.496516707208027,53.7118558318167
22808,101.42113215772956,10.340566875474599
22809,0.7049528221871892,39.59489791477469
22810,-122.64151939975292,38.560130987368076
22811,177.8603144000001,-37.87931637777779
22812,-4.163065798862408,48.71310108317954
22813,3.340852974959142,51.45069112292706
22814,2.848363159167586,52.465604200717706
22815,115.67431226323117,-32.04360397998115
22816,1.8085866840095886,50.12592169822327
22817,-5.622641537693867,44.56002887352331
22818,2.9031112268825505,51.2246956743451
22819,-3.697419376489392,45.96005285793364
22820,-73.943060886276,40.08555514380592
22821,-0.20051048583294231,50.570049301925046
22822,12.952998623058669,56.61758955324681
22823,27.273899799999985,-28.29769460000002
22824,12.250686800793806,54.54924069192435
22825,-74.36111336530085,27.69834197896861
22826,5.692593198026055,39.53624005004893
22827,9.817933736882678,42.081049512051976
22828,4.8270652314549585,52.9286895069849
22829,12.435006220435836,39.844137807235164
22830,-0.012679075195905703,39.2683380082643
22831,4.172839215656125,51.46738538920923
22832,19.549031626041597,37.77245487069355
22833,-17.34064952443848,40.705333649926125
22834,12.898247657154467,55.30772457958708
22835,2.4260044194422203,52.196442976108486
22836,2.712579742531984,50.16015413932954
22837,-7.6280323244141615,38.30197057910547
22838,12.808703242348736,54.735955682835986
22839,6.466344890419863,53.209069338547486
22840,110.94446302678361,-18.374271597146052
22841,24.414060092057657,38.30384605877137
22842,2.2368307541923036,51.69185437803236
22843,4.358703608451079,51.43853312737517
22844,27.213291299999984,-28.359635750000017
22845,2.5833766657237107,38.449712646127495
22846,10.86069091787485,53.94371974789423
22847,10.743489223998731,42.01041377886568
22848,-4.350930265589344,48.76177073989716
22849,-0.732198307864704,40.05076917101862
22850,13.913386130142882,58.971711607300456
22851,10.542187026530577,41.51710939062704
22852,-10.272279416307503,40.089753948172614
22853,-10.41726354130465,34.48094632362531
22854,1.0607243692539767,50.99666426037768
22855,0.8625524127363949,50.80781169439924
22856,2.376864586381981,52.50401820405513
22857,-9.397259000000004,51.033632399999995
22858,3.1997788287963314,51.457792842004245
22859,-5.735382260757479,43.66265712701576
22860,-1.5579766570059095,48.74584760409777
22861,5.160528627987795,39.38783975268549
22862,-77.44688977089213,36.1748540335104
22863,23.504566632268393,59.46507587194072
22864,-8.098062074880424,43.98538523222277
22865,0.28804059808911314,50.7451460825029
22866,18.097510507591068,40.588046283922374
22867,5.675883151358392,53.035221376184296
22868,-120.84217697494853,34.909137832429266
22869,-16.409685879111688,25.773754472925145
22870,137.34486069741754,34.74998424838507
22871,-1.4248793381361589,50.24009911715277
22872,31.948585716666667,35.58584273333332
22873,14.757026774290622,39.01331341275008
22874,-1.5461384150099897,50.45550508677672
22875,2.3416196885911216,52.211587014106634
22876,31.547713912896853,35.81151553520856
22877,-5.365719169621683,46.396927604845516
22878,10.743489223998731,42.01041377886568
22879,-46.87428855263813,-24.405407543506627
22880,3.721490872152159,52.03437942826829
22881,13.8757420490319,37.250367186480965
22882,-11.407256663483441,32.55848669116271
22883,1.7698556432371415,50.04360643820922
22884,136.698734651642,34.765760333301934
22885,29.46792745591155,40.712426040664816
22886,138.69367742694968,35.22193116620924
22887,17.135064580187,57.00583673414981
22888,104.7666305891481,9.306369854278438
22889,12.564482775428692,55.11072448829248
22890,0.6252795569228159,50.64094729180911
22891,22.122497547499997,39.88780233000003
22892,31.229968481067395,36.58651417967229
22893,4.183187687084695,51.461544946352085
22894,-5.669638936324601,47.939191576563964
22895,-15.361486023411334,28.295335102208284
22896,135.87533052844236,34.07648700789301
22897,-5.760632326027201,44.585080815189976
22898,29.283772328840058,40.84544922758102
22899,5.702052157469411,53.086324102347795
22900,-122.47934330170169,47.32555885656903
22901,11.132389681415372,57.277198540458414
22902,-79.08881014195161,26.08569217228208
22903,101.42096390772954,10.341601375474598
22904,2.6187703328647185,41.85059306388508
22905,-122.68368073891956,38.553034380701405
22906,10.885937565875736,56.64491883811907
22907,115.67430841862439,-32.04359726570445
22908,-10.089885064858413,38.55844097480381
22909,-73.94411819011985,40.08544704492704
22910,12.943380623058667,56.6074891532468
22911,12.897713933060112,55.309964071661696
22912,9.817933736882678,42.081049512051976
22913,12.259603719904916,54.54194876073918
22914,1.4026151563771734,51.0249626645832
22915,-60.469316516666666,-15.288865283333328
22916,115.66525915542032,-31.938368516892556
22917,10.107333852853255,57.33904707564278
22918,19.37820134076227,57.570320655559954
22919,-7.6222118765822096,43.019929436812866
22920,12.429864865263424,39.84279081068344
22921,14.45755370915609,37.64675315410661
22922,3.4221478255118734,52.26287225351745
22923,4.592497253903117,52.54590102168131
22924,6.337855536026932,54.175123080048415
22925,6.732798711095903,54.18962997665337
22926,4.689151317054392,52.891744417571445
22927,3.588004977761045,52.47287283013204
22928,135.8710461166066,37.44971418379299
22929,105.23005702563691,6.854367239298499
22930,2.617683933995963,51.19047805122396
22931,2.617683933995963,51.19047805122396
22932,5.796204858904847,52.442417741491184
22933,6.519836469886773,53.2222432091399
22934,2.2113491766989886,51.3086334811136
22935,23.358853460406706,37.74853688158518
22936,10.097128818245857,39.579336951386466
22937,13.439848941527453,39.40785152271042
22938,-79.76468431711238,25.989576067559714
22939,-7.536759157858695,36.92151691972504
22940,7.903536473629149,54.14922396880573
22941,6.962565529395835,53.12640907231948
22942,122.09640940196283,26.432467672044346
22943,4.618589030954343,52.98049149780416
22944,-54.117498783178306,35.81706484899232
22945,13.781679507350919,39.29103808748599
22946,2.9019371466675863,52.52392931321771
22947,-102.49348354771278,17.390785143257332
22948,27.212544399999988,-28.36435525000002
22949,177.9179625000001,-37.92354417777779
22950,-0.2570621206038631,50.53001558868287
22951,-6.2314775528591495,38.21663615953346
22952,174.176194642866,-40.63253202027512
22953,0.7049613991102661,39.5948946301593
22954,0.6839332482911886,51.165591630257275
22955,-7.602780887671229,45.15056746210046
22956,-122.44304987338447,47.34506786491647
22957,9.183187570274464,43.97951814272201
22958,0.46643474214285713,36.75261556341269
22959,7.742210407342765,41.71094042429123
22960,2.9031112268825505,51.2246956743451
22961,4.690880539918229,52.018853085026684
22962,18.126745022702035,56.61947115599131
22963,2.7319952314861773,52.78353156906633
22964,-7.355908276337369,35.45240384077198
22965,-5.636473468114985,39.626811450232324
22966,-93.93669971561249,29.86278487156774
22967,4.929145591687338,52.13053837250501
22968,24.410978508057656,38.30901118877137
22969,21.71145379346963,59.09398021944101
22970,-0.011282525116540482,39.26926417501035
22971,19.54597377629446,37.77299611841776
22972,2.1575217910051565,52.66711525939108
22973,-120.89366895468716,34.92133093580951
22974,-3.7425910636062287,45.91813061715603
22975,152.04274564406956,-30.33632619502717
22976,16.75016540387674,54.22476243055484
22977,27.272876399999987,-28.30256610000002
22978,2.3416196885911216,52.211587014106634
22979,-2.8317956858076996,52.65462116071561
22980,3.65402752109654,53.580167737239975
22981,10.99126531886516,54.03022519384159
22982,-17.521154789802956,40.742168004090345
22983,-74.36277388891197,27.702657159127344
22984,7.498830218517825,53.716026093012786
22985,-5.701564908452514,43.726054593505125
22986,4.774972727987795,39.35187405268548
22987,4.358703608451079,51.43853312737517
22988,2.589973491916893,38.43186206753829
22989,-10.334522241304649,34.48012862362531
22990,-77.40797507878715,36.21621632605088
22991,0.7842654392073193,48.22107108663875
22992,-10.243922655949062,40.15999055853566
22993,-1.2550356154773694,50.27235563214638
22994,18.048562170091067,40.54640804642237
22995,152.856499849789,-28.83254923522145
22996,3.1617888442592403,51.43912539421458
22997,-1.518571528800781,48.669245575892646
22998,4.515786852794541,52.16458478645985
22999,-4.372338003446488,48.69063660593196
23000,-7.702063558345596,38.21080245266744
23001,126.5767343140547,36.638113329609794
23002,2.712579742531984,50.16015413932954
23003,10.86069091787485,53.94371974789423
23004,23.505005832268395,59.46659767194072
23005,-8.057304461547092,44.0961650855561
23006,2.3970787481514924,52.196946419285176
23007,-16.44582208577836,25.55942126959181
23008,24.200027649377365,39.16629745649568
23009,31.54944428432542,35.81165750663713
23010,5.748465561613414,53.90647196253546
23011,137.34486069741754,34.74998424838507
23012,6.286952770861121,53.16969395057875
23013,-4.175421581887351,48.804225949655276
23014,110.94787704845027,-18.373547447146056
23015,31.948691221428568,35.58574397142857
23016,3.340852974959142,51.45069112292706
23017,-1.5461384150099897,50.45550508677672
23018,5.738849588168403,39.61624131746791
23019,4.841690064788292,52.92643494031824
23020,-5.3321929232845795,46.53329260367528
23021,138.44902223018278,35.050111642563344
23022,1.0692706703800972,50.97891889093912
23023,12.748465085443943,54.74602555379809
23024,2.2440445284933785,51.695451087817304
23025,13.640568598850368,58.7321473451576
23026,10.54218590986391,41.517107807293705
23027,174.41264182942038,-41.30533461673914
23028,0.21146108853344306,50.7159285118593
23029,14.750271224454593,38.998874991884875
23030,0.9167763851671696,50.80650237467969
23031,-0.7706607350869261,39.98064052357418
23032,2.376864586381981,52.50401820405513
23033,-9.2772309,51.052383600000006
23034,2.7724232830622073,41.92075531071821
23035,2.3416196885911216,52.211587014106634
23036,-46.77150999116127,-24.318593019782234
23037,-1.4261011325346835,49.385545929673334
23038,3.5213353818108253,53.57987439509712
23039,1.7698556432371415,50.04360643820922
23040,-7.35475900767936,35.45244886562046
23041,-15.36148598412562,28.295335239113047
23042,13.439848941527453,39.40785152271042
23043,138.69345259361634,35.222306149542575
23044,-78.99042826187213,25.90017256209327
23045,-9.895886676362931,38.72138083210677
23046,-7.42723078081276,43.50032200105141
23047,19.37820134076227,57.570320655559954
23048,0.7049613991102661,39.5948946301593
23049,-5.275621706595754,48.28240441105545
23050,12.565962674493091,55.11409303508946
23051,22.12215464342593,39.88788071000004
23052,16.75016590387674,54.224762130554836
23053,0.7842650642073195,48.22107138663875
23054,152.78394601061052,-29.0006476263289
23055,4.515786402794542,52.16458500868207
23056,24.20162044937737,39.166210356495675
23057,-122.47934330170169,47.32555885656903
23058,11.112593987285653,57.277897868906685
23059,101.42019445772954,10.340507875474598
23060,138.4060054378558,34.61448840267429
23061,-122.70487967711026,38.64324821483217
23062,115.67430929302917,-32.04360206381953
23063,9.817933736882678,42.081049512051976
23064,12.947019723058668,56.612289853246814
23065,-73.94375769678652,40.0854986315937
23066,12.901034581460024,55.31120505736486
23067,4.171533795656124,51.41464561920923
23068,12.263257419904914,54.53966576073917
23069,-0.19460954121230783,50.52572625193236
23070,10.093468069016398,57.346955712500794
23071,152.01442293547996,-30.422319218610333
23072,1.3847575563771732,51.0180482445832
23073,-6.9344067409993775,37.058881959292066
23074,12.403250662255905,39.828247036623296
23075,17.100259020187007,56.99053385414984
23076,3.713997505485492,52.03628412826829
23077,-4.372338003446488,48.69063660593196
23078,115.66525915542032,-31.938368516892556
23079,6.789142453679635,54.193359327371084
23080,14.455109742489421,37.647045737439946
23081,4.60232056131891,52.51007947689062
23082,2.0000729445810546,51.64909279716461
23083,-11.41741976348344,32.77357735782938
23084,6.35713992369618,54.158692200736425
23085,4.621605245980131,52.83929050192617
23086,3.588004977761045,52.47287283013204
23087,105.22413109641074,6.8506867292389755
23088,2.617683933995963,51.19047805122396
23089,2.617683933995963,51.19047805122396
23090,6.519888219886773,53.22229112580656
23091,104.7677314416481,9.319039115945104
23092,1.8879940927574068,50.99162417889141
23093,5.796204858904847,52.442417741491184
23094,23.358853460406706,37.74853688158518
23095,-2.8287814858076996,52.65647276071561
23096,-61.32997891666667,-15.889782183333331
23097,10.096623318245857,39.57971705138645
23098,7.903706806962482,54.14724176047239
23099,-7.529250466373773,43.91217380812038
23100,6.962565529395835,53.12640907231948
23101,122.28002130196286,26.524040372044343
23102,4.618589030954343,52.98049149780416
23103,19.547307093157205,37.77254815998639
23104,2.8976543466675873,52.523425363217704
23105,27.21563079999999,-28.359958450000022
23106,-102.49486273628422,17.39021420230495
23107,177.9140289000001,-37.93391177777778
23108,29.46792745591155,40.712426040664816
23109,10.743306853299424,56.55333168363189
23110,24.407921308057656,38.30763868877137
23111,-6.199220681688908,38.181571241742674
23112,174.1763567124173,-40.63241582271101
23113,-7.65236718767123,45.237433362100454
23114,-122.44304987338447,47.34506786491647
23115,9.183187570274464,43.97951814272201
23116,18.40952587468602,56.7584108935576
23117,-120.98047172135382,34.98517451914284
23118,135.87319261660662,37.44674318379299
23119,-5.763599832693867,44.581821258523306
23120,4.690880539918229,52.018853085026684
23121,3.420043725511874,52.26232075351747
23122,110.94693294845027,-18.374045347146055
23123,3.340852974959142,51.45069112292706
23124,138.45681473018277,35.05161504256334
23125,7.721573521628478,41.706807952862654
23126,2.7319952314861773,52.78353156906633
23127,27.277190299999987,-28.297526600000023
23128,174.41026386942042,-41.30494249673914
23129,-74.36095299077094,27.672202239054087
23130,126.56885976405466,36.639917579609794
23131,-93.93669971561249,29.86278487156774
23132,0.6839332482911886,51.165591630257275
23133,0.42233666047619034,36.749929521746026
23134,10.542185409863912,41.51710880729371
23135,31.54944502432542,35.81167190663712
23136,-4.559415625565571,40.32928626892586
23137,2.426004556961017,52.19644282107089
23138,-7.702614577576364,38.2116109392059
23139,29.283772328840058,40.84544922758102
23140,2.712579742531984,50.16015413932954
23141,10.99126531886516,54.03022519384159
23142,7.498830218517825,53.716026093012786
23143,5.615783165175745,53.80624215812278
23144,5.655582201534184,53.0810436921984
23145,4.92914551273997,52.130538178485864
23146,-16.43327335661169,25.696581815425137
23147,2.244756975160046,51.69190453448397
23148,6.208128404586714,53.1497452166001
23149,-4.201325190914426,48.514206425046375
23150,13.781679507350919,39.29103808748599
23151,-4.847069465768885,46.60468414920975
23152,5.763323090569282,39.88038709425691
23153,21.71112749346964,59.089529969441
23154,14.751965826835544,39.00564130426583
23155,1.2822344882128294,50.97743565546657
23156,12.748465085443943,54.74602555379809
23157,0.9346078177183728,50.81374829155183
23158,-0.8567295814361322,39.91488290690752
23159,13.250585969844275,58.27829714631165
23160,-10.218153790795679,40.218166624883324
23161,-0.01162442511654047,39.27105467501035
23162,2.6050400962026066,38.423306763252576
23163,4.839170764788292,52.92553814031824
23164,-10.278837741304647,34.596826823625314
23165,2.376864586381981,52.50401820405513
23166,-9.216346600000001,51.073668399999995
23167,3.1617888442592403,51.43912539421458
23168,4.358703608451079,51.43853312737517
23169,10.86069091787485,53.94371974789423
23170,2.1575217910051565,52.66711525939108
23171,-17.585720339802954,40.61014200409035
23172,-1.5586766288007812,48.74670157589265
23173,-77.40797507878715,36.21621632605088
23174,-1.0858809167553318,50.27137472167421
23175,23.505005832268395,59.46659767194072
23176,-8.058237341243284,44.08446334401339
23177,0.20543375310659573,50.706751765017046
23178,-54.118039983178306,35.81766584899231
23179,2.9031112268825505,51.2246956743451
23180,18.106045470091072,40.58641714642237
23181,-5.501814616085985,43.9742096676452
23182,4.756343057474975,39.3668796078137
23183,135.87454232256002,34.07717253142242
23184,-3.7915509263046414,45.87261559540729
23185,137.23231419679257,34.755171387135064
23186,-1.5461384150099897,50.45550508677672
23187,31.94859446142857,35.58580877142857
23188,-10.27566404130465,34.60316942362531
23189,4.177937915656124,51.413147959209226
23190,151.97235156877957,-30.553349262079582
23191,-4.383820236779821,48.68379583926529
23192,138.4060054378558,34.61448840267429
23193,2.10666204805211,51.73085238792793
23194,-9.82865297613861,38.67360371381299
23195,17.093114520187008,56.98593005414983
23196,12.537755998481002,40.62389801327236
23197,-7.530775880584986,43.91455216353107
23198,2.537661616663266,51.426846329913936
23199,22.114629977354497,39.89145432071433
23200,3.5213353818108253,53.57987449509712
23201,1.7631108656180938,50.040922631762335
23202,12.403250662255905,39.828247036623296
23203,-94.15375148205814,28.078494326712352
23204,-121.07009075135386,35.06739131914284
23205,-110.13910309019435,24.526005371019426
23206,29.46792745591155,40.712426040664816
23207,-7.72586728767123,45.28955706210046
23208,-122.44304987338447,47.34506786491647
23209,9.189067566883102,43.97713698230914
23210,138.69469499361634,35.223886449542576
23211,18.40952587468602,56.7584108935576
23212,4.690880539918229,52.018853085026684
23213,2.7319952314861773,52.78353156906633
23214,-4.106576354236954,40.51968371942976
23215,7.715930030719387,41.72424064377174
23216,-93.93669971561249,29.86278487156774
23217,29.283772328840058,40.84544922758102
23218,21.708380993469635,59.087076569441
23219,2.1575217910051565,52.66711525939108
23220,16.525748343903306,54.20848414662683
23221,0.7842645942073194,48.22107070997208
23222,152.7320093998634,-29.132373254251267
23223,4.5157865152945424,52.164585152253494
23224,24.200967367559187,39.167678935283554
23225,-122.47934330170169,47.32555885656903
23226,-74.36095149077094,27.672200139054084
23227,-46.77148349116127,-24.31919681978223
23228,-78.93741968474436,25.72070094923141
23229,101.42113215772956,10.340566875474599
23230,11.112593987285653,57.277897868906685
23231,135.22218261660657,37.17743458379298
23232,3.144814065878022,42.127778236894045
23233,110.9444644124979,-18.37427178286034
23234,-2.5229069873897823,52.60420661662788
23235,115.67431226323117,-32.04360397998115
23236,-122.76338182339298,38.68947084399943
23237,-5.740078687693868,44.482188933523304
23238,-73.9438136967865,40.0844071315937
23239,-5.857770814014203,37.5393963625133
23240,12.952998623058669,56.61758955324681
23241,9.817933736882678,42.081049512051976
23242,12.263592969904915,54.54215926073917
23243,-0.2771093811575134,50.453211100261136
23244,13.781679507350919,39.29103808748599
23245,10.093468169016397,57.346955712500794
23246,1.4177626186753096,51.06686378476954
23247,115.66525915542032,-31.938368516892556
23248,3.634521305485492,52.00809063243496
23249,19.37820134076227,57.570320655559954
23250,-6.770626339260762,44.67954598521945
23251,-1.3598488298969615,49.405649713900694
23252,14.45311874248942,37.64789255077328
23253,6.789142047209719,54.19336061576519
23254,4.584400730909554,52.50550626811869
23255,6.33624015369618,54.15900266240309
23256,4.621605245980131,52.83929050192617
23257,2.5927821463034615,51.181939764228
23258,2.5927821463034615,51.181939764228
23259,104.95593169564503,7.135847510596827
23260,6.526206969886773,53.22341547580655
23261,3.6151976691420096,52.484335176630175
23262,104.7684429416481,9.319747115945104
23263,5.796204858904847,52.442417741491184
23264,1.3117814295379964,50.52706512979189
23265,23.358853460406706,37.74853688158518
23266,7.958572480100132,54.19219847319619
23267,10.10206918945798,39.579360433204634
23268,177.90216120000008,-37.898769677777786
23269,13.439848741527452,39.40785182271042
23270,6.962565529395835,53.12640907231948
23271,122.27738719339142,26.524313013187196
23272,4.618589030954343,52.98049149780416
23273,6.022056870749578,53.12054389140234
23274,-15.36148705555419,28.295335739113046
23275,135.87532550105468,34.07235366690629
23276,2.8996518800009206,52.52433054655103
23277,27.213553799999982,-28.35910585000002
23278,-62.307644800000006,-15.852549200000004
23279,-102.49378908628421,17.389384452304952
23280,7.498830218517825,53.716026093012786
23281,27.273899799999985,-28.29769460000002
23282,174.40039254333342,-41.299970599999995
23283,10.727336391610827,56.54213522479417
23284,2.9031112268825505,51.2246956743451
23285,10.542187126530578,41.517109490627035
23286,-11.45379664681677,32.812669287829365
23287,-8.099077184576618,43.97048546068006
23288,2.244784575160046,51.69165923448397
23289,4.758232257474975,39.367587107813705
23290,-4.682371583794656,48.698824573809354
23291,4.840352964788291,52.92592154031824
23292,0.7490152699047806,51.22573411740207
23293,24.414060092057657,38.30384605877137
23294,-7.354757123531008,35.452449317113974
23295,12.898856651413729,55.30882186588338
23296,5.877021680985008,39.867592873233136
23297,-0.9345584814361323,39.84003290690752
23298,12.619677080800836,57.38563023833164
23299,4.358703608451079,51.43853312737517
23300,2.547923565689786,38.48415235248334
23301,-6.212091132166611,38.187046412314466
23302,0.3782964688095236,36.74274549674603
23303,3.1617888442592403,51.43912539421458
23304,-77.40797507878715,36.21621632605088
23305,-17.66518608009945,40.586596098295196
23306,3.340852974959142,51.45069112292706
23307,174.1809201293325,-40.6073199960976
23308,19.549031626041597,37.77245487069355
23309,-1.5579766570059095,48.74584760409777
23310,-0.6432874503696698,50.414909789787565
23311,10.86069091787485,53.94371974789423
23312,23.360750193806858,59.40080848219713
23313,3.5405478615911887,52.331008638988024
23314,5.813558717692863,53.178738735065615
23315,1.2818978274931982,50.97233813041571
23316,-16.4334648466117,25.67908630542514
23317,-3.5472905843777296,46.11679968916296
23318,18.10171243259107,40.58552615892237
23319,126.59114050572134,36.61109041294313
23320,5.493462901539381,53.75812737024398
23321,14.793862316835543,39.04554354426584
23322,-54.03847312127355,35.965952220420874
23323,10.757929086380296,41.998982205900504
23324,-1.5696331318229404,50.45484714427857
23325,4.929145718829713,52.130538410216644
23326,-4.873221419632391,44.59737299459419
23327,31.548918412896846,35.81062913520854
23328,137.23231419679257,34.755171387135064
23329,2.712579742531984,50.16015413932954
23330,-3.9177123816621067,48.627095977449905
23331,10.993428828925444,54.03189507107861
23332,-4.0104279826662825,46.68972771215687
23333,0.2017134197732624,50.708412156683714
23334,2.42600476944222,52.19644282610849
23335,12.748465085443943,54.74602555379809
23336,0.9300741177183728,50.81306099155183
23337,12.565962674493091,55.11409303508946
23338,-10.120904565484862,40.88274008586912
23339,0.6304504947865778,39.62536525032209
23340,-0.010225135419570814,39.26979699016187
23341,31.949791116666656,35.584967233333316
23342,138.44340258248158,35.04961725037943
23343,-7.515788077576367,38.1565286392059
23344,2.376864586381981,52.50401820405513
23345,-9.2033897,51.08139259999997
23346,3.144683704766911,42.12586792356072
23347,-74.35944295668973,27.6717809038282
23348,-1.3764567089428352,49.39722998885828
23349,-11.449825596816773,32.803863404496035
23350,-110.04377870991513,24.627224667526225
23351,0.5909817526346225,50.628949525790624
23352,-4.369382363446488,48.68390990593196
23353,138.69367742694968,35.22193116620924
23354,10.54218630986391,41.517107807293705
23355,-7.355911704564465,35.45240172589761
23356,12.466525694633722,39.694237120739444
23357,2.9491588192866356,52.59269302512247
23358,3.5213353818108253,53.57987439509712
23359,4.168313287084696,51.418925816352086
23360,3.7303490943743816,52.031039528268295
23361,-121.2553132739729,35.11625361485712
23362,-15.361486023411334,28.295335102208284
23363,29.283772328840058,40.84544922758102
23364,151.95518015898872,-30.621017434469067
23365,22.044086472499995,39.870010430000036
23366,-5.913474542277201,44.452732715189974
23367,177.9240588000001,-37.9334073777778
23368,134.84672861660658,37.003774283792985
23369,10.46470547536998,56.25167054190194
23370,10.080731059154948,39.573557619568284
23371,7.849105553629148,54.064475298805725
23372,6.962565529395835,53.12640907231948
23373,13.439848841527454,39.40785142271042
23374,122.09597360196284,26.432961872044345
23375,4.630406633537211,52.98833382272882
23376,138.40537303785584,34.61384030267429
23377,4.929145591687338,52.13053837250501
23378,-102.50885175717526,17.395524049124074
23379,-79.83777767877909,26.00531330922638
23380,0.7049613991102661,39.5948946301593
23381,-6.140295605268377,38.1895818155152
23382,174.17848479896816,-40.63079359820331
23383,-122.44304987338447,47.34506786491647
23384,9.18627654661589,43.97815443442267
23385,-7.795325187671231,45.22857876210047
23386,18.105990344054185,56.72924280323352
23387,-7.479194730672021,43.91488429260116
23388,4.636046805149547,51.99354048516122
23389,2.7319952314861773,52.78353156906633
23390,-2.880126952899338,41.723397179280816
23391,-93.93669971561249,29.86278487156774
23392,21.71145379346963,59.09398021944101
23393,-9.775719951355429,41.32398838346099
23394,2.1575217910051565,52.66711525939108
23395,8.920552216889229,41.57852260023389
23396,16.520655106161367,54.20404915194942
23397,-5.660739246726086,37.69187643431562
23398,135.88974351105466,34.07134587690629
23399,4.515786852794541,52.16458478645985
23400,0.7855310792073193,48.22249044663875
23401,152.6478074285856,-29.251091141274454
23402,24.200027649377365,39.16629745649568
23403,-122.49349594234369,47.334867896068836
23404,-46.770712091161265,-24.319429219782233
23405,11.159318326514152,57.26877766226672
23406,-78.91878905515213,25.53809788611282
23407,101.41944375772955,10.340868175474597
23408,115.67430841862439,-32.04359726570445
23409,-73.94388069678652,40.084740831593706
23410,-122.78351168090708,38.694805536684896
23411,12.943380623058667,56.6074891532468
23412,24.410978508057656,38.30901118877137
23413,12.262392419904916,54.54553666073918
23414,2.712579742531984,50.16015413932954
23415,1.6462345830606286,51.22363591975426
23416,27.211976999999983,-28.36365435000002
23417,115.66525915542032,-31.938368516892556
23418,-62.394417716666666,-15.900412583333331
23419,10.097589105655516,57.33626200974598
23420,19.36698647992695,57.56948717261779
23421,17.102657849820698,56.97138734041813
23422,19.548534476294456,37.77216191841776
23423,-6.489114192932504,45.33605153124796
23424,13.781679507350919,39.29103808748599
23425,1.7698557432371416,50.04360663820922
23426,27.272308599999985,-28.30142200000002
23427,6.7891431077466216,54.19335898260765
23428,13.211723230299613,40.21216172846374
23429,-16.436273032445023,25.540975006258474
23430,14.45755370915609,37.64675315410661
23431,12.753962045713347,57.32313658343456
23432,31.686914184325428,35.83599970663712
23433,110.9478741567836,-18.373539747146054
23434,4.443667850204426,52.483690768832965
23435,0.8099025659347316,50.48397524937888
23436,6.3223544178414794,54.12202614283046
23437,137.24184895243613,34.75063161648399
23438,4.358703612505133,51.438533503050856
23439,-0.5740752196063602,50.420709005925985
23440,3.725067556754948,52.51146536296539
23441,10.86069091787485,53.94371974789423
23442,-77.40797507878715,36.21621632605088
23443,4.546848583173114,52.79030878683845
23444,3.6947164444489435,52.41265015746595
23445,-10.180534141304648,34.615869123625295
23446,3.340852974959142,51.45069112292706
23447,2.9031112268825505,51.2246956743451
23448,18.037698011757733,40.5483033797557
23449,4.747614690808308,39.36597674114703
23450,-8.080824209745094,44.0888318377126
23451,-54.11992099567831,35.820731890658976
23452,10.746410439330653,42.00292406916709
23453,-4.705698662205083,45.0220185872344
23454,14.838236194947626,39.02963663800379
23455,104.5642351351107,7.226906383058946
23456,1.255566961496425,50.95424134359485
23457,126.77229450572133,36.81711462127645
23458,5.989788395760717,53.11799294042885
23459,10.993636543302934,54.03170898558628
23460,31.941405521428575,35.607948271428555
23461,0.7361227197939156,51.17727673635994
23462,-3.4066678859037047,46.52333984907287
23463,6.72767821806809,53.25703838641143
23464,-7.788817258631423,38.134831150464215
23465,5.948829036037425,39.88449391905183
23466,104.7693946291481,9.310328374278436
23467,12.748465085443943,54.74602555379809
23468,-2.4262417940564487,52.3339913938501
23469,7.517229197126706,53.730159177721774
23470,0.20749134214285697,36.69588888007936
23471,-0.1166645179736833,39.29938780834368
23472,138.41723442491403,35.04462517715722
23473,2.4107842981514924,52.208626269285176
23474,0.7724176302183726,50.74479645405182
23475,2.5927821463034615,51.181939764228
23476,2.5927821463034615,51.181939764228
23477,9.817933736882678,42.081049512051976
23478,2.376864586381981,52.50401820405513
23479,17.36170947261091,56.58661617090952
23480,-94.15676781551764,28.008722330202275
23481,-1.5586766288007812,48.74670157589265
23482,-3.888127775009102,48.618764071035486
23483,-17.45341986793729,40.73367543613303
23484,2.2453735368267123,51.69246527115063
23485,-0.9575609518960893,39.83493414138805
23486,-9.203969499999998,51.068191299999995
23487,3.1959175578925967,51.4615659061934
23488,2.2132415281068245,51.75508785266613
23489,5.468406489691392,53.75657861219629
23490,4.841690064788292,52.92643494031824
23491,0.20572412006882895,50.703987962003914
23492,174.4102763294204,-41.31947221673914
23493,-0.3484042074200974,50.29831124011746
23494,-4.591452355271578,48.71804596797155
23495,5.796204858904847,52.442417741491184
23496,2.5437471648125936,38.53024439839842
23497,23.504989638150747,59.466496872921105
23498,12.897533475388597,55.30992210272199
23499,-1.5696331318229404,50.45484714427857
23500,1.1484587465008702,50.35003187017238
23501,23.358853460406706,37.74853688158518
23502,-3.8016568247173397,45.86491215604492
23503,12.565962674493091,55.11409303508946
23504,5.8225107525146464,53.18757112150365
23505,138.40537303785584,34.61384030267429
23506,110.9478740567836,-18.373539547146052
23507,29.46792745591155,40.712426040664816
23508,-46.771096991161265,-24.31915021978223
23509,13.439848841527454,39.40785142271042
23510,-15.36148598412562,28.295335239113047
23511,-9.803176598005553,41.43452188848582
23512,12.772043870713347,57.288032202184574
23513,0.49604663834890816,50.59838071775491
23514,3.4973444767010604,53.51789390259144
23515,-11.369053838483437,33.12382921282937
23516,-7.479194730672021,43.91488429260116
23517,7.819177286962482,54.0234135654724
23518,10.012967192488283,39.61674911956828
23519,6.962565529395835,53.12640907231948
23520,122.28265892696287,26.53089202204434
23521,4.630406633537211,52.98833382272882
23522,4.929145591687338,52.13053837250501
23523,-102.51322024574671,17.396416108171692
23524,-122.46360540290499,35.52920852189419
23525,-5.659412875297514,37.692983167648954
23526,-6.04466672215523,38.3298227604046
23527,174.1786625256349,-40.63065312486997
23528,138.69345259361634,35.222306149542575
23529,-122.44304987338447,47.34506786491647
23530,9.18627654661589,43.97815443442267
23531,-7.79235448767123,45.23318426210046
23532,18.105990344054185,56.72924280323352
23533,4.636046805149547,51.99354048516122
23534,2.7319952314861773,52.78353156906633
23535,-0.3388311591254002,50.29678054113777
23536,-93.93669971561249,29.86278487156774
23537,-2.4934850836400795,41.96956054854007
23538,29.283772328840058,40.84544922758102
23539,21.709859993469635,59.09166271944101
23540,2.1575217910051565,52.66711525939108
23541,22.04178911842592,39.87051921000004
23542,16.52065568616137,54.20404913194941
23543,8.921483831174944,41.579232628805315
23544,0.7855309792073193,48.222490546638745
23545,4.515786069461209,52.16458488645984
23546,152.61821394525225,-29.33561112460779
23547,24.20162044937737,39.166210356495675
23548,-122.49349594234369,47.334867896068836
23549,-78.89141411971471,25.480846561239122
23550,11.159318326514152,57.26877766226672
23551,-6.100804652515295,44.34345702280903
23552,0.7049613991102661,39.5948946301593
23553,101.42182975772954,10.3384838754746
23554,3.1455264547669106,42.13009245356072
23555,115.67433227604197,-32.04359179543583
23556,-122.80390209646262,38.70301795520342
23557,-73.94388069678652,40.084740831593706
23558,135.88974351105466,34.07134587690629
23559,12.944820523058668,56.60941795324681
23560,137.24184895243613,34.75063161648399
23561,4.178087415656124,51.41319495920923
23562,24.41129270805766,38.308234988771375
23563,12.297722519904914,54.557515827405844
23564,27.215197099999987,-28.36094915000002
23565,2.712579742531984,50.16015413932954
23566,-6.356630547603516,45.56271412190129
23567,1.6082904399563043,51.24037664651986
23568,13.781679507350919,39.29103808748599
23569,115.66525915542032,-31.938368516892556
23570,10.097589105655516,57.33626200974598
23571,19.36698647992695,57.56948717261779
23572,12.572904895436157,39.57069704910728
23573,17.0933365498207,56.96698854041815
23574,23.504989638150747,59.466496872921105
23575,9.817933736882678,42.081049512051976
23576,14.45755370915609,37.64675315410661
23577,6.789143083663687,54.19335913332536
23578,10.746410439330653,42.00292406916709
23579,1.7698557432371416,50.04360656128614
23580,-79.8464908787791,26.00758490922638
23581,134.8485344166066,37.00185038379298
23582,5.9853268438559555,53.11780567495267
23583,4.839170764788292,52.92553814031824
23584,138.42643463480417,35.04442829950154
23585,-62.392933641666666,-15.898924883333331
23586,4.443667850204426,52.483690768832965
23587,2.571870764812594,38.55657734839842
23588,-0.5888194564357073,50.41849720959437
23589,6.248583917841479,54.11597124283045
23590,4.546848583173114,52.79030878683845
23591,27.276415699999987,-28.298251200000024
23592,3.725067556754948,52.51146536296539
23593,4.738064690808309,39.36480167448036
23594,3.692612344448944,52.41209865746597
23595,31.941397161428572,35.60797167142856
23596,104.56416206844408,7.226577916392282
23597,14.847093417694877,39.05015862844335
23598,6.72961719806809,53.25710045641143
23599,-7.788817258631423,38.134831150464215
23600,104.7677314416481,9.319039115945104
23601,-2.419394894056449,52.339558193850095
23602,12.565962674493091,55.11409303508946
23603,10.299238530175906,56.10128471256073
23604,2.2169757281068248,51.755624652666135
23605,-94.06259111551762,28.052865430202278
23606,-3.6604349171298445,48.67594925730266
23607,-17.44334171793729,40.64904893613304
23608,23.358853460406706,37.74853688158518
23609,2.2457898168267127,51.690948051150635
23610,-10.172835441304647,34.6266911236253
23611,0.9804473234056321,50.25960193743428
23612,2.5927821463034615,51.181939764228
23613,2.5927821463034615,51.181939764228
23614,5.796204858904847,52.442417741491184
23615,-1.5772370291444746,50.45603092326168
23616,-0.958260331896089,39.83744692138804
23617,4.358703612505133,51.438533503050856
23618,-1.389442578318017,49.384206152613594
23619,-4.388248339845879,48.82478153138434
23620,0.8099025659347316,50.48397524937888
23621,2.376864586381981,52.50401820405513
23622,-4.6020245694215784,45.150378260945736
23623,5.468406489691392,53.75657861219629
23624,-77.40797507878715,36.21621632605088
23625,-3.2433148270624796,46.65699580777335
23626,12.748465085443943,54.74602555379809
23627,0.7724176302183726,50.74479645405182
23628,7.517229197126706,53.730159177721774
23629,0.09761803547619025,36.65966983007936
23630,174.4094300694204,-41.32042539673915
23631,-0.11681511797368332,39.30032670834368
23632,10.86069091787485,53.94371974789423
23633,12.900398591460025,55.311666822364856
23634,0.20877402006882892,50.70506426200391
23635,1.4132722835927518,51.07855761821406
23636,6.052021729431365,39.9493656357488
23637,2.9031112268825505,51.2246956743451
23638,-9.200260199999997,51.07740669999999
23639,3.1959175578925967,51.4615659061934
23640,10.542185509863911,41.517108507293706
23641,17.36170947261091,56.58661617090952
23642,19.548534543157203,37.77216205998639
23643,-1.5509229313462358,48.74295942907445
23644,-54.12046219567831,35.82133289065898
23645,3.340852974959142,51.45069112292706
23646,-16.432795903278357,25.663303852091808
23647,18.095043211757734,40.5887199797557
23648,126.76905640572133,36.81681462127645
23649,31.686908024325426,35.83601340663712
23650,10.993636543302934,54.03170898558628
23651,0.7361227197939156,51.17727673635994
23652,5.822510499657504,53.18757096007508
23653,-8.080796979745093,44.0894261677126
23654,2.4386218582705403,52.23130802642803
23655,-3.8016057874157525,45.864909167629506
23656,13.45707300200802,40.129625348611114
23657,2.73382385542147,39.62671562721946
23658,-5.554482611971594,37.708946571722336
23659,2.615885415296855,39.80712057404327
23660,10.299071530175905,56.10045481256073
23661,110.9469299567836,-18.374037547146052
23662,-46.77151919116127,-24.31923501978223
23663,19.550258946698868,37.77206876811138
23664,13.439848641527453,39.40785172271042
23665,27.274822399999984,-28.29893890000002
23666,3.146612344240595,42.13244629303439
23667,4.177938115656124,51.41314765920922
23668,12.572904895436157,39.57069704910728
23669,104.7684429416481,9.319747115945104
23670,-93.9085270421843,27.868814510202284
23671,29.283772328840058,40.84544922758102
23672,-4.380864596779821,48.677069139265285
23673,-6.232824132515294,44.31274016280902
23674,-77.77539862148782,33.639427742583095
23675,2.712579742531984,50.16015413932954
23676,13.781679507350919,39.29103808748599
23677,1.6730654029022196,51.31768214525152
23678,5.948811704838208,53.110990289106596
23679,10.124470646613672,57.36646094939678
23680,19.36698647992695,57.56948717261779
23681,-5.9896096101487055,45.90660217261209
23682,115.66525915542032,-31.938368516892556
23683,17.079398356487374,56.95824437375148
23684,14.45311874248942,37.64789255077328
23685,6.789141103481366,54.19335907629548
23686,1.5682666982706512,51.080222791660105
23687,4.443667881852777,52.48369066883297
23688,-0.6129453478333501,50.42180025211388
23689,6.239380914508145,54.10671685949712
23690,1.7631112932371418,50.04092236128615
23691,4.519640748403398,52.781047198259586
23692,3.725067556754948,52.51146536296539
23693,104.56542766844409,7.227059116392281
23694,6.7345064980680895,53.258012856411426
23695,2.484096208479633,51.174525969232654
23696,2.484096208479633,51.174525969232654
23697,0.40879099979799727,50.00050869370396
23698,5.796204858904847,52.442417741491184
23699,23.358853460406706,37.74853688158518
23700,10.019190486478184,39.61240978249757
23701,7.819177226659451,54.02341361107846
23702,6.962565529395835,53.12640907231948
23703,122.28204423839142,26.528685603187196
23704,4.670539235958621,53.029055055715226
23705,-15.361486684125618,28.29533533911305
23706,4.929145723397021,52.13053806133843
23707,-102.48058741241337,17.38088442983836
23708,0.18535159900589512,39.44854333785437
23709,14.858576297387948,39.054631908056685
23710,0.7049613991102661,39.5948946301593
23711,-6.080851828199335,38.41397734925336
23712,174.17864984851946,-40.630682400639195
23713,-7.488408430672021,43.92808829260115
23714,138.69469499361634,35.223886449542576
23715,-122.44304987338447,47.34506786491647
23716,9.18627654661589,43.97815443442267
23717,-7.789361887671231,45.239994462100455
23718,18.105990344054185,56.72924280323352
23719,4.591415278880453,51.969633681349706
23720,2.7319952314861773,52.78353156906633
23721,-2.2156648343395355,41.98605299042379
23722,-2.377401308342163,52.285984315278675
23723,-93.93669971561249,29.86278487156774
23724,21.708380993469635,59.087076569441
23725,2.1575217910051565,52.66711525939108
23726,16.29627048370129,54.18778051198037
23727,22.02213418092593,39.88129803500004
23728,3.467852791317999,53.467253826790355
23729,0.7855300342073194,48.22249021997208
23730,4.5157865152945424,52.164585152253494
23731,152.61214915121244,-29.35405200590033
23732,24.20162044937737,39.166210356495675
23733,-122.49349594234369,47.334867896068836
23734,8.916296706174943,41.578063545471984
23735,-17.101207058724334,24.17981293278124
23736,-78.86048114551247,25.416489219645456
23737,11.18467646301204,57.2557159654594
23738,101.42113215772956,10.340566875474599
23739,2.5805483654285326,38.5790218299812
23740,-9.52079057650729,38.94873060739612
23741,-122.82298865979597,38.71319417520343
23742,134.8544307166066,37.00405988379298
23743,115.67433781222145,-32.043593297525575
23744,-4.3277577068251425,45.582320618242875
23745,-9.1877425,51.07936439999999
23746,137.24184895243613,34.75063161648399
23747,-73.9438136967865,40.0844071315937
23748,13.470717087821747,40.108526026534285
23749,-80.1761375787791,26.35086400922638
23750,12.952717523058668,56.61718665324681
23751,12.565962674493091,55.11409303508946
23752,-0.5291356128571423,36.61157685507937
23753,4.358703612505133,51.438533503050856
23754,4.683549712064349,39.38045431512047
23755,6.052021729431365,39.9493656357488
23756,2.9031112268825505,51.2246956743451
23757,7.545157835298944,53.75054390566509
23758,2.2534761804877768,51.76361362885662
23759,-62.397606825000004,-15.898306200000002
23760,10.86069091787485,53.94371974789423
23761,-3.8016048360268644,45.864908824627165
23762,2.376864586381981,52.50401820405513
23763,-77.40797507878715,36.21621632605088
23764,135.88912121105466,34.071298976906284
23765,3.340852974959142,51.45069112292706
23766,0.8099025659347316,50.48397524937888
23767,24.417328708057656,38.30451178877137
23768,-16.431241513278366,25.66926442209181
23769,18.090759911757736,40.5874259797557
23770,5.484401094164474,53.7725102040615
23771,-2.825938124202006,46.58683695959612
23772,-54.12023263377355,35.824358562087546
23773,12.748465085443943,54.74602555379809
23774,0.7724176302183726,50.74479645405182
23775,10.542187226530578,41.51710929062704
23776,174.40970566942045,-41.32060402173914
23777,12.89705131715447,55.30702951958708
23778,-7.787174080954785,38.12904106325898
23779,17.36170947261091,56.58661617090952
23780,126.75709847238801,36.818292004609795
23781,31.68519812432542,35.83579820663711
23782,10.995800053363219,54.03337886282329
23783,31.941317461428568,35.607976071428546
23784,2.42600456944222,52.19644302610849
23785,12.297094232725428,54.553829367149426
23786,3.1957514821783106,51.461524549050544
23787,-1.5379139774782289,48.73594981454211
23788,-10.093857441304646,34.864615923625294
23789,0.7385100197939157,51.17724578635995
23790,-17.507907267937288,40.51702293613303
23791,9.817933736882678,42.081049512051976
23792,-0.3521117878121689,50.25702391148755
23793,5.889754149564054,53.24948366728963
23794,-3.754179945923933,49.18383892124952
23795,-3.6028707727032754,48.734316198579
23796,4.840352964788291,52.92592154031824
23797,23.50499025315075,59.46649117740028
23798,3.692612344448944,52.41209865746597
23799,27.21327609999998,-28.35876315000002
23800,-8.080434043810593,44.08627810321608
23801,138.42643463480417,35.04442829950154
23802,10.746410439330653,42.00292406916709
23803,-1.5772370291444746,50.45603092326168
23804,-0.9550768318960888,39.83664392138804
23805,-1.320245786912261,49.44769907279387
23806,0.21306717310659576,50.70555213335038
23807,2.246113583493379,51.6886734178173
23808,-17.101207058724334,24.17981293278124
23809,-9.751425311918101,41.87279914492637
23810,14.814742634541386,39.077904201199544
23811,29.283772328840058,40.84544922758102
23812,3.467852791317999,53.467253826790355
23813,0.23498612870286487,39.43839410842253
23814,3.054320269286634,52.72483472512246
23815,-5.920336913061155,38.350491611040255
23816,17.119910049820696,56.97755414041812
23817,29.46792745591155,40.712426040664816
23818,138.681834760283,35.205261732875904
23819,3.147630994240595,42.13361021303441
23820,-73.94563132011984,40.07881479492704
23821,104.67931835171132,7.448081506006958
23822,1.7763518730035353,50.04337251687713
23823,13.439848841527454,39.40785142271042
23824,0.7044134325228703,39.59408504193101
23825,137.24015199688057,34.749023116484
23826,0.4959059383489081,50.59872741775491
23827,21.712702604580745,59.09428755277434
23828,22.052669722499996,39.776562680000026
23829,24.200027649377365,39.16629745649568
23830,11.161459898726326,57.259710348316545
23831,-46.77071224116127,-24.319429436448896
23832,-78.8837438788458,25.43076635297879
23833,-75.70799259629119,38.28973357547229
23834,101.4215276898724,10.342030032617457
23835,9.450814628276866,41.599634056385575
23836,-122.83411791491388,38.71416972449119
23837,115.67433512055479,-32.043592035025576
23838,12.951765816648411,56.628479651430574
23839,12.312126667340813,54.557825030610964
23840,4.190611410674439,51.41150067865978
23841,2.712579742531984,50.16015413932954
23842,13.781679507350919,39.29103808748599
23843,10.124470646613672,57.36646094939678
23844,2.5348453383737786,39.87023091250481
23845,1.635314266235553,51.306260655251535
23846,115.66526345780129,-31.938369095463987
23847,-7.479667034057439,43.910257164934485
23848,-3.1525433260442486,39.09717308519608
23849,19.36698647992695,57.56948717261779
23850,-4.962161570019451,48.38012070761527
23851,12.572904895436157,39.57069704910728
23852,24.403954408057658,38.307483988771374
23853,14.45755370915609,37.64675315410661
23854,1.6828546043086225,51.19153047079176
23855,6.732800742482453,54.18962955394154
23856,4.402516419959048,52.4380239258031
23857,6.168176945325265,54.02858947771606
23858,-0.49026178936486375,50.402034958480954
23859,4.490124591260541,52.78870864111673
23860,3.7321918273003627,52.51281581981024
23861,6.782307884510667,53.26383699921255
23862,104.76385350581475,9.311023554278437
23863,5.796204858904847,52.442417741491184
23864,2.4365818808378354,51.17701551561016
23865,2.4365818808378354,51.17701551561016
23866,-0.51229287683025,49.3319116710884
23867,23.358853460406706,37.74853688158518
23868,7.758308957643879,53.98165410732459
23869,10.012172856932724,39.6092242506794
23870,6.962565346549832,53.12640930643254
23871,122.09661332696287,26.43491812204434
23872,4.670539235958621,53.029055055715226
23873,-15.361486023411334,28.295335102208284
23874,9.88880500062925,55.7854986624837
23875,-7.467258230814021,43.16531946047492
23876,-102.45681072071206,17.367570558740663
23877,174.3392070294204,-41.39755956673915
23878,23.545801427157492,59.48170115110404
23879,4.841690064788292,52.92643494031824
23880,174.17888546563483,-40.63035028153665
23881,-122.44304987338447,47.34506786491647
23882,9.18627654661589,43.97815443442267
23883,-7.795841387671229,45.215236462100464
23884,2.392431126460117,39.55878544818564
23885,17.902371425858952,56.62078659387105
23886,4.591415278880453,51.969633681349706
23887,2.7319952314861773,52.78353156906633
23888,-0.04826315006280378,44.7365118663458
23889,-79.95565696449334,26.028793837797817
23890,27.213035499999982,-28.36525345000002
23891,-93.93669971561249,29.86278487156774
23892,-1.3230974780486247,49.44160295847568
23893,2.1575217910051565,52.66711525939108
23894,138.4339445054622,34.61379239669721
23895,2.9031112268825505,51.2246956743451
23896,134.84586881660658,37.00242918379299
23897,-4.369382363446488,48.68390990593196
23898,-2.5186318141930695,52.46392398608222
23899,126.79759306405465,36.849393737943124
23900,-7.3555138565058575,35.45144890542142
23901,0.32261091511062284,50.33222809199865
23902,3.340852974959142,51.45069112292706
23903,4.6844520189874235,39.36213541806917
23904,16.520655270741067,54.20404857797367
23905,0.7866968814800466,48.223888905729666
23906,-1.073485461190476,36.527793272579366
23907,135.88974351105466,34.07134587690629
23908,27.273367099999987,-28.30302110000002
23909,-16.480893665778357,25.482461339591815
23910,152.62355560643135,-29.42401354278171
23911,19.548534476294456,37.77216191841776
23912,4.515787169461208,52.164584836459845
23913,12.756850131359037,54.75167782894871
23914,31.695421684325424,35.827508806637105
23915,31.94963049642857,35.59983804642855
23916,0.7361227197939156,51.17727673635994
23917,4.9291456504213125,52.13053839029347
23918,-3.5856988832562866,48.3443195701829
23919,10.262609746051751,55.24082979873496
23920,-10.02762371232815,34.85507257978436
23921,-7.780547646279442,38.10775190623476
23922,-0.6181022246578001,47.078608200399785
23923,2.2453735368267123,51.69246527115063
23924,10.54218590986391,41.517107807293705
23925,-0.36614578424074024,50.250296250773275
23926,12.889476828299935,55.30284964479489
23927,138.41864213480414,35.04292489950154
23928,2.4112172981514925,52.20794826928518
23929,0.8330912767111579,50.73803503512902
23930,-0.9693346555324528,39.83594055138804
23931,-9.200902799999996,51.0648128
23932,3.1957514821783106,51.461524549050544
23933,17.24230876827127,56.51972761446964
23934,-62.671443691666674,-16.07919443333333
23935,11.825449557556526,54.69350363932874
23936,-17.44334171793729,40.64904893613304
23937,6.133797098303915,39.93801168315777
23938,9.817933736882678,42.081049512051976
23939,12.529638291431546,55.08228964904608
23940,4.358703612505133,51.438533503050856
23941,2.2615852726446395,51.76847769258211
23942,-1.5095448126064337,48.657601433003634
23943,-122.49349594234369,47.334867896068836
23944,-3.797133249332725,45.86884719014748
23945,2.376864586381981,52.50401820405513
23946,5.863330657571567,53.2325703922712
23947,-77.40797507878715,36.21621632605088
23948,-3.402045831715884,49.39061246974283
23949,2.4389137938213894,38.591318749624065
23950,10.86069091787485,53.94371974789423
23951,3.6947164444489435,52.41265015746595
23952,10.746410439330653,42.00292406916709
23953,7.545157835298944,53.75054390566509
23954,18.044347865091073,40.55631390808903
23955,13.590064011221015,40.02155293994427
23956,-3.4483910327668275,47.215885771174705
23957,5.491507364208458,53.78234893168785
23958,5.775719353731659,53.09287741376962
23959,-8.08008434047726,44.08166160654942
23960,0.13159827186677645,50.64422109685931
23961,-54.1165564956783,35.822634890658975
23962,-1.5772370291444746,50.45603092326168
23963,2.5353549166632665,51.427348429913934
23964,0.4959059383489081,50.59872741775491
23965,3.147297894240595,42.133468813034405
23966,0.21963648214962325,39.428431750521874
23967,138.4339445054622,34.61379239669721
23968,110.9478731074568,-18.373538989496115
23969,29.283772328840058,40.84544922758102
23970,-9.644645579325784,39.139638820509475
23971,-11.217087175857177,33.31232431333443
23972,174.4102763294204,-41.31947221673914
23973,-75.70799259629119,38.28973357547229
23974,23.545801427157492,59.48170115110404
23975,24.32949900805766,38.31892728877138
23976,-7.573900680814022,43.07357048547492
23977,138.68160992694965,35.20563671620924
23978,-46.77109713878031,-24.319149767401278
23979,11.161459898726326,57.259710348316545
23980,1.7763518730035353,50.04337251687713
23981,-15.36148598412562,28.295335239113047
23982,3.103009642363557,52.77783764819938
23983,22.049996918425915,39.77602596000004
23984,-2.3789127083421637,52.27187051527867
23985,-73.94539382678651,40.0781085815937
23986,19.335358549831366,57.554358143413445
23987,12.572904895436157,39.57069704910728
23988,10.124470646613672,57.36646094939678
23989,-102.44620713101837,17.362933145013752
23990,29.46792745591155,40.712426040664816
23991,21.709859993469635,59.09166271944101
23992,16.520655770741065,54.20404827797367
23993,4.515786286127875,52.164584969793175
23994,0.7866967814800466,48.22388900572966
23995,152.62306800050547,-29.416098069236746
23996,-3.1962389485392335,39.081238982547376
23997,24.20162044937737,39.166210356495675
23998,-122.5007152776166,47.339558954922396
23999,101.42182975772954,10.3384838754746
24000,-78.85996991205596,25.388901469946955
24001,4.679277018987424,39.36315923806917
24002,9.455930757884708,41.60117157020911
24003,-122.84173910824724,38.71747777115787
24004,115.67434663761829,-32.043591674311294
24005,12.959520173241817,56.646408544837165
24006,4.200385539245868,51.40576982151693
24007,12.428454965674147,54.6011898539443
24008,2.712579742531984,50.16015413932954
24009,13.781679507350919,39.29103808748599
24010,10.86069091787485,53.94371974789423
24011,1.6608190205039353,51.34076335036106
24012,115.66525915542032,-31.938368516892556
24013,-4.59744728322521,48.99621527223154
24014,17.093863649820705,56.971330240418155
24015,-7.479667034057439,43.910257164934485
24016,6.7891450259215755,54.19335878543832
24017,14.45755370915609,37.64675315410661
24018,1.5606919308983884,51.1902528873549
24019,6.181565399004178,54.03213332322999
24020,4.402516419959048,52.4380239258031
24021,2.2491372434171515,51.18543228599014
24022,2.2491372434171515,51.18543228599014
24023,-0.1935793177344496,50.35222895897532
24024,4.490124591260541,52.78870864111673
24025,3.7321918273003627,52.51281581981024
24026,104.56180546678925,7.2266234785375225
24027,6.784246864510667,53.263899069212556
24028,104.76703755831475,9.320286515945105
24029,-0.5299569473602209,49.318102951111456
24030,23.358853460406706,37.74853688158518
24031,5.796204858904847,52.442417741491184
24032,9.99827274026606,39.59925566734605
24033,7.758478617447801,53.97967277693243
24034,13.439848841527454,39.40785142271042
24035,6.962565346549832,53.12640930643254
24036,122.28230532696286,26.52927662204434
24037,4.711116434965491,53.055753835752746
24038,4.358703612505133,51.438533503050856
24039,-4.351132130135362,48.69275836409319
24040,2.6226951234614977,39.91840654408376
24041,-5.6016504228899775,38.427988626794665
24042,27.27657169999999,-28.296917800000024
24043,174.1745327256349,-40.65428752486997
24044,0.7049613991102661,39.5948946301593
24045,-122.44304987338447,47.34506786491647
24046,9.18627654661589,43.97815443442267
24047,-7.79211388767123,45.21542586210047
24048,135.90570245672254,34.02179210337795
24049,4.591415278880453,51.969633681349706
24050,3.692612344448944,52.41209865746597
24051,-7.3543720817593785,35.451491076267814
24052,-79.95614576449334,26.029277137797813
24053,10.263428046051752,55.24194419873496
24054,2.7319952314861773,52.78353156906633
24055,2.9031112268825505,51.2246956743451
24056,-54.117097695678304,35.82323589065898
24057,0.7329824998552528,45.462354753054925
24058,10.542185509863911,41.517108507293706
24059,0.6937130745904274,51.17602831586576
24060,31.956452496428568,35.59148664642855
24061,-7.777744146279442,38.106861406234756
24062,4.929145741473944,52.13053819081978
24063,12.532349244996762,55.08703153635043
24064,31.700396484325417,35.821148206637105
24065,4.839170764788292,52.92553814031824
24066,3.340852974959142,51.45069112292706
24067,-0.48321033673129177,50.1050310756986
24068,-3.494581941084063,48.423810058091206
24069,-9.952256212328152,34.898637679784365
24070,138.42643463480417,35.04442829950154
24071,9.84468990342952,55.74580349316618
24072,2.4525432739848263,52.24264891595185
24073,0.026772572251719636,50.336529145792426
24074,-93.936985327651,29.86296052394666
24075,6.124787026875342,39.9388058517292
24076,2.246085983493379,51.688918717817295
24077,27.215353099999987,-28.35961575000002
24078,12.756850131359037,54.75167782894871
24079,0.8376830110365547,50.74149082362109
24080,-0.9700340355324525,39.83845333138804
24081,-1.575045201190476,36.43026858091271
24082,126.79203360572131,36.85295782127645
24083,12.893730501699844,55.30734450549805
24084,-109.92533150976506,24.751576631413567
24085,7.572969127664486,53.763795778365704
24086,-9.193871799999998,51.08104129999999
24087,3.1957514821783106,51.461524549050544
24088,17.221027494867013,56.511502561171774
24089,-1.3204663784454502,49.44319944569791
24090,-3.1374183856739783,47.68453138538162
24091,2.3650070674065446,51.826112640201146
24092,19.548534543157203,37.77216205998639
24093,-1.5496499126064338,48.73505743300364
24094,-63.00137349166667,-16.335577933333326
24095,17.964505915442285,56.65515472337975
24096,2.1575217910051565,52.66711525939108
24097,9.817933736882678,42.081049512051976
24098,2.376864586381981,52.50401820405513
24099,-77.40797507878715,36.21621632605088
24100,11.787785574420997,54.66366407792382
24101,2.4652465625713895,38.616653187124065
24102,-17.44334171793729,40.64904893613304
24103,0.034761771497400354,50.59551412581343
24104,18.095043006757734,40.5887199747557
24105,13.590064011221015,40.02155278994427
24106,5.8996995178036515,53.27492833611801
24107,-3.2999612047836457,49.498839932078575
24108,134.84687211660662,36.99984318379298
24109,-16.469031036611693,25.620870385425146
24110,-3.958766318782212,45.74526371131481
24111,5.491507364208458,53.78234893168785
24112,5.738424035571568,53.09151694154259
24113,2.3887288800437796,39.558866626169824
24114,-8.08005711047726,44.082255936549416
24115,0.24876596167142673,47.15517926352693
24116,10.746410439330653,42.00292406916709
24117,-1.5620390049440482,50.45735744639601
24118,151.95323229911472,-30.624782503239953
24119,137.24015199688057,34.749023116484
24120,13.439848641527453,39.40785172271042
24121,2.5386364166632664,51.42701502991394
24122,2.997302802802774,37.945605162469946
24123,19.550259343157204,37.772069259986395
24124,12.756850131359037,54.75167782894871
24125,-0.04068487515282167,50.423209884420324
24126,-109.92533150976506,24.751576631413567
24127,138.42643463480417,35.04442829950154
24128,5.490043295956429,53.03113395659862
24129,3.147769944240595,42.1351133930344
24130,-1.5620390049440482,50.45735744639601
24131,5.291289598194844,40.771940192976665
24132,4.584694204080591,39.423158223817964
24133,-79.84381642645639,27.913196833575793
24134,29.283772328840058,40.84544922758102
24135,-75.69458613270923,38.31826277017763
24136,7.75847855714477,53.97967282253849
24137,4.210149399245868,51.40001534151692
24138,0.7049613991102661,39.5948946301593
24139,-7.789469087671231,45.222662662100454
24140,2.7319952314861773,52.78353156906633
24141,0.9518204952015736,45.57609582340127
24142,-93.936985327651,29.86296052394666
24143,-3.1849771154421482,39.177628835257345
24144,21.708380993469635,59.087076569441
24145,2.1575217910051565,52.66711525939108
24146,16.296270702895562,54.18778017673663
24147,0.7866958364800467,48.223888679062995
24148,4.515786715294542,52.1645854522535
24149,24.20162044937737,39.166210356495675
24150,152.61942597559636,-29.418319074549878
24151,2.621882923461498,39.91778479408376
24152,-122.5007152776166,47.339558954922396
24153,-46.77151948544698,-24.319234247401276
24154,11.22936659796875,57.25122335892261
24155,101.42113215772956,10.340566875474599
24156,24.331446308057657,38.31440418877137
24157,-122.88161788367941,38.81747189478159
24158,115.67434932928496,-32.043592936811294
24159,-73.9453268267865,40.077774881593704
24160,9.438447932884708,41.61512438687578
24161,12.96741717324182,56.65417724483716
24162,12.474178167805931,54.63275584561094
24163,2.712579742531984,50.16015413932954
24164,10.130450646177467,57.378088702138065
24165,10.86069091787485,53.94371974789423
24166,1.6557564262882494,51.33407434237087
24167,12.572904895436157,39.57069704910728
24168,-4.39716124871785,49.273509247648796
24169,115.66525915542032,-31.938368516892556
24170,19.180121552674954,57.4872377690362
24171,13.781679507350919,39.29103808748599
24172,-17.507907267937288,40.51702293613303
24173,14.45311874248942,37.64789255077328
24174,6.789144252147012,54.193359065975756
24175,4.358703612505133,51.438533503050856
24176,5.4655465574124795,53.77942904926037
24177,1.5904162349726372,51.19268722898486
24178,-0.14185036595170833,50.36122418013931
24179,4.4025164516074,52.4380238258031
24180,3.7403595002490806,52.52053456376629
24181,4.486999961173093,52.79901759028359
24182,104.76774905831476,9.320994515945104
24183,104.52956897678922,7.336366559819577
24184,6.167144779004178,54.02037954823
24185,2.0356661097071935,51.1882555310268
24186,2.0356661097071935,51.1882555310268
24187,6.7891361645106665,53.26481146921255
24188,-0.9066362734735179,49.273214855577905
24189,5.796204858904847,52.442417741491184
24190,23.358853460406706,37.74853688158518
24191,10.000277186478181,39.59674728249757
24192,6.962565346549832,53.12640930643254
24193,122.27967931839144,26.5278067631872
24194,12.54598201166343,55.09244806968376
24195,5.037938222813213,53.26847936452301
24196,-80.28320336449335,26.372437637797816
24197,-7.488880734057439,43.92346116493449
24198,27.21327609999998,-28.35876315000002
24199,-15.36148705555419,28.295335739113046
24200,1.7696074319317532,50.04069053319949
24201,12.89916621382286,55.30317626756154
24202,3.0860580756968905,52.763889131532714
24203,-102.41031082289688,17.34741035185374
24204,27.273621699999985,-28.29690870000002
24205,126.780075672388,36.854435204609786
24206,-78.87564749117875,25.38580279766625
24207,-4.3667372087155725,48.69940187235048
24208,-0.318163798515317,50.25847523515249
24209,178.00431991000008,-37.97412524777779
24210,29.46792745591155,40.712426040664816
24211,17.072778356487373,56.96096647375148
24212,135.90881985128775,34.01167870120403
24213,-9.89270201232815,35.01556697978436
24214,10.746410439330653,42.00292406916709
24215,-5.645497040478099,38.47579436117454
24216,174.17458469793465,-40.65324149099008
24217,3.340852974959142,51.45069112292706
24218,-7.354365638368604,35.45149050109465
24219,-54.11354563377355,35.834864462087545
24220,138.68285232694967,35.20721701620924
24221,31.69880198432543,35.82125730663711
24222,10.542187026530577,41.51710969062704
24223,138.44740680157963,34.6183246584491
24224,-0.4848305200646251,50.10474760903193
24225,-3.692578445361416,48.25737086523523
24226,4.840352964788291,52.92592154031824
24227,4.929145652563688,52.13053819883843
24228,-1.5489499408115623,48.73420346120877
24229,-122.44304987338447,47.34506786491647
24230,11.786111807474175,54.65769958408898
24231,9.18627654661589,43.97815443442267
24232,2.246113583493379,51.6886734178173
24233,-0.9668505355324527,39.83765033138804
24234,-1.7427167628571425,36.4329245259127
24235,10.28230464605175,55.300419798734964
24236,6.135869381795978,39.91821792839586
24237,9.817933736882678,42.081049512051976
24238,5.568495471541113,53.11062788769332
24239,-3.2314628947468322,49.54123303147431
24240,1.7222232939677733,39.42791898897507
24241,2.496959508727934,52.170623126108474
24242,7.572969127664486,53.763795778365704
24243,2.376864586381981,52.50401820405513
24244,-2.9977396690554716,47.96108428793751
24245,-77.40797507878715,36.21621632605088
24246,17.964505915442285,56.65515472337975
24247,0.7552596041149293,46.975988668470436
24248,0.8878682981305718,50.737966071868954
24249,-63.610975625,-16.222709300000005
24250,2.50197833294176,38.61270307230925
24251,0.04125664834469101,50.59136791525515
24252,2.9031112268825505,51.2246956743451
24253,18.10077886509107,40.58646894142237
24254,-9.181413600000003,51.08358689999998
24255,17.367138784485608,56.5806865082913
24256,-1.2646702491819033,49.46044572955011
24257,-8.080434043810593,44.08627810321608
24258,-16.4674831466117,25.626648255425152
24259,-2.344281908342163,52.28224701527867
24260,3.1570163355998386,51.442931833715676
24261,2.3672580674065444,51.82567044020115
24262,9.837288779540632,55.70949779427728
24263,-11.252310625857174,33.353204263334426
24264,-3.9638341269323307,45.74151829254246
24265,13.60334680038954,40.003504783003365
24266,134.8535709166066,37.00271478379298
24267,4.565425854169115,51.95607293368211
24268,3.692612344448944,52.41209865746597
24269,31.958462196428574,35.58912094642855
24270,0.6961003745904273,51.17599736586576
24271,-7.77829516551021,38.10766989277322
24272,2.373266500739878,51.8277953568678
24273,1.7064872686584414,49.964480431512186
24274,-1.509545440811562,48.65760116120877
24275,13.436317207533703,39.37954747290873
24276,-121.4384416773477,35.26046299710316
24277,-46.77071256600254,-24.319429336753128
24278,-9.628063498328585,39.307235844696876
24279,19.66153655905308,37.723541980800206
24280,3.5131928211464922,53.48635135705817
24281,-2.3837075371253995,52.51947464284913
24282,138.49590446556192,34.629640062098176
24283,-15.361486023411334,28.295335102208284
24284,4.58859304796948,39.37767916937352
24285,2.5364644666632663,51.42732428991394
24286,-7.355482726154792,35.451420640873486
24287,152.60650976226304,-29.412135794549872
24288,12.527106570798145,55.08039352062994
24289,-122.5007152776166,47.339558954922396
24290,-109.74627577171367,24.942611894663788
24291,-75.69458613270923,38.31826277017763
24292,-78.89683662451209,25.398635730999587
24293,13.781679507350919,39.29103808748599
24294,12.566879135919109,39.58326636373797
24295,-54.10996960520211,35.83519186208755
24296,4.2005307897920865,51.405795110424485
24297,5.437392552480557,40.747187032976655
24298,13.019016898370493,55.200505974689904
24299,29.46792745591155,40.712426040664816
24300,4.565425854169115,51.95607293368211
24301,2.7319952314861773,52.78353156906633
24302,1.2932373150710068,45.591224794986516
24303,-93.93772639016548,29.863648601696227
24304,138.41864213480414,35.04292489950154
24305,21.700049404580746,59.09110825277435
24306,29.283772328840058,40.84544922758102
24307,2.1575217910051565,52.66711525939108
24308,-0.1288425877554489,50.39211275857879
24309,16.520655101344513,54.20404857673804
24310,2.383470456812984,37.87753400860639
24311,0.7866968814800466,48.223888905729666
24312,4.515827069461208,52.16469283645984
24313,-3.285581683885398,39.04961685952797
24314,24.200027649377365,39.16629745649568
24315,11.238405085661057,57.27111451943542
24316,101.42262870772954,10.331502175474597
24317,-122.9413800272508,38.85057068446413
24318,10.24924987534468,55.24276384721981
24319,-73.94716952781215,40.07606443338858
24320,115.67434663761829,-32.043591674311294
24321,12.969069671294003,56.70360759749364
24322,12.570909386090053,54.63968888984878
24323,9.458601282884707,41.600827470209104
24324,2.712579742531984,50.16015413932954
24325,10.86069091787485,53.94371974789423
24326,115.66525542023514,-31.93836942846663
24327,18.58430549985852,57.21390199533
24328,1.5493146161001798,51.345396449000916
24329,-4.329715583296839,49.49643942737717
24330,1.6024680783059708,51.19832210065153
24331,6.732800004230931,54.18962948040605
24332,14.44477119208292,37.65163374191149
24333,4.358703612505133,51.438533503050856
24334,6.166843266363487,54.008741598576314
24335,-0.010238193946889794,50.433565849228835
24336,4.486999961173093,52.79901759028359
24337,4.305873898326052,52.40466278757078
24338,104.70926514581474,9.41952857427844
24339,104.54732425623756,7.337100070191826
24340,1.9830615152284532,51.1811797391552
24341,1.9830615152284532,51.1811797391552
24342,3.7675738047483884,52.53576329234686
24343,5.796204858904847,52.442417741491184
24344,6.782307884510667,53.26383699921255
24345,-0.8906233283306608,49.28069093857791
24346,23.516754540514672,37.715157559344966
24347,23.433127648684057,59.42604148696102
24348,10.083597645821612,39.60492821734606
24349,7.7232319841144665,53.91086401026577
24350,6.962565346549832,53.12640930643254
24351,-0.586546069922042,50.24629765719016
24352,121.89279806693112,26.347595203988785
24353,-79.95811326449333,26.029201137797816
24354,5.204172725309005,53.37795458988958
24355,178.0677126100001,-38.0135651477778
24356,3.303975442363557,52.936829548199384
24357,-102.36622427551461,17.323171565606835
24358,2.376864586381981,52.50401820405513
24359,13.276218184899871,56.39150256410532
24360,135.91575204683443,33.982778134682064
24361,10.542186015578196,41.51710803015085
24362,1.5018901753084577,39.38598668948341
24363,-7.479667034057439,43.910257164934485
24364,-5.64918165204823,38.507331450187486
24365,126.80032581405467,36.85632565460979
24366,27.212297699999986,-28.36266025000002
24367,17.1057688498207,56.97540284041812
24368,24.33030684139099,38.319915322104706
24369,-2.967377176631229,48.10281471483145
24370,27.272629299999984,-28.300427900000017
24371,2.9031112268825505,51.2246956743451
24372,174.1743658701803,-40.6544018360821
24373,18.05219258509107,40.55276001725569
24374,3.340852974959142,51.45069112292706
24375,13.62438597717433,39.99816048122249
24376,10.746410439330653,42.00292406916709
24377,-16.424341405778357,25.54609841102038
24378,0.6274987429298955,39.57647049152722
24379,5.4655465574124795,53.77942904926037
24380,10.130450646177467,57.378088702138065
24381,4.9291456504213125,52.13053839029347
24382,32.017359591666676,35.5172806083333
24383,-7.777744146279442,38.106861406234756
24384,0.8848206909877147,50.738525643297514
24385,-0.5964773531888569,50.062742769100765
24386,-3.758798232663003,48.04277023944158
24387,17.35424715238814,56.574331303559035
24388,138.70545527481855,35.201811358855906
24389,31.748924812896863,35.76239613520853
24390,-122.44304987338447,47.34506786491647
24391,9.18627654661589,43.97815443442267
24392,4.871140651113078,52.88771524309601
24393,17.88595974401576,56.61387880352343
24394,-17.44334171793729,40.64904893613304
24395,2.298454061826712,51.661772210039516
24396,-9.172290199999999,51.07085950000001
24397,3.1570163355998386,51.442931833715676
24398,12.50300629842082,55.06755147562769
24399,9.791865312873965,55.6886990942773
24400,0.7250792338749599,51.17979215495799
24401,0.05446394723274893,50.58771359855095
24402,-11.177943275857176,33.4026726800011
24403,-4.330931180349283,48.714759676532964
24404,-2.5934646676007334,36.292551360036626
24405,-7.84380108767123,45.19148676210047
24406,5.486091849765952,53.026570301360515
24407,6.162739208462645,39.91484191284031
24408,-3.9740200844293425,45.733643863951826
24409,9.817933736882678,42.081049512051976
24410,2.6330144234614976,39.89536739408376
24411,5.568495500257179,53.11062775804905
24412,-77.40797507878715,36.21621632605088
24413,-3.2111360153817525,49.54559737115685
24414,134.8391530166066,36.93138868379299
24415,3.6947164444489435,52.41265015746595
24416,-8.08008434047726,44.08166160654942
24417,3.35196114787224,51.751440846143566
24418,110.9478719949568,-18.373539476996115
24419,-1.5620390049440482,50.45735744639601
24420,7.572969127664486,53.763795778365704
24421,-1.2974626021185358,49.45058600290808
24422,-63.988631891666664,-15.924257133333331
24423,2.5772546605685718,38.573609232635334
24424,-9.823916112328156,35.01468227978436
24425,0.908862675810784,47.06891191361902
24426,-1.0135005394718464,39.7537818480547
24427,138.41864213480414,35.04292489950154
24428,-7.354332300325,35.45146524039594
24429,-79.8452412305675,27.963326792205425
24430,24.33030684139099,38.319915322104706
24431,1.7064872686584414,49.964480431512186
24432,29.283772328840058,40.84544922758102
24433,2.5364644666632663,51.42732428991394
24434,10.72226161240534,42.02732648163355
24435,-0.12870188775544888,50.39176605857879
24436,-9.617872230615742,39.37697458354969
24437,13.057342636426055,55.19134252519357
24438,5.211811952480559,40.744596632976666
24439,29.46792745591155,40.712426040664816
24440,138.7052304414852,35.202186342189236
24441,178.0652959100001,-38.02292874777779
24442,124.50613024446835,-33.09579075673138
24443,138.3147484078696,34.53225875191718
24444,23.433127648684057,59.42604148696102
24445,12.566879135919109,39.58326636373797
24446,4.358703612505133,51.438533503050856
24447,13.436317207533703,39.37954747290873
24448,3.3598889423635576,52.97984949819939
24449,-102.37059276408606,17.324063624654453
24450,-5.649181302048231,38.50733127240971
24451,-3.2854213624568263,39.04895935952798
24452,0.6274987429298955,39.57647049152722
24453,174.174530196847,-40.65428896274876
24454,-122.44304987338447,47.34506786491647
24455,9.18627654661589,43.97815443442267
24456,-7.840482587671231,45.19566566210047
24457,0.20806609881629,39.426667433855215
24458,4.565425854169115,51.95607293368211
24459,2.7319952314861773,52.78353156906633
24460,1.2932372251706026,45.59122300459747
24461,2.6416363234614977,39.90205964408376
24462,-93.93842051242052,29.864148839821688
24463,21.69692239346963,59.08852596944101
24464,2.1575217910051565,52.66711525939108
24465,23.903450118425926,40.182458760000024
24466,10.542185615578196,41.51710873015085
24467,16.52074160134451,54.20397637673805
24468,0.7866965064800467,48.22388920572966
24469,152.60855536226302,-29.41755959454988
24470,4.515826536127875,52.16469302534873
24471,24.20162044937737,39.166210356495675
24472,-46.771097985446985,-24.319110047401278
24473,-122.5007152776166,47.339558954922396
24474,11.238405085661057,57.27111451943542
24475,101.42163525772953,10.330265475474597
24476,12.969179024031932,56.68801732751258
24477,115.67434932928496,-32.043592936811294
24478,-78.84063549117876,25.382155397666253
24479,-122.95544700828958,38.867255837057975
24480,-73.94680903447882,40.076116020055245
24481,12.588154886090054,54.656173664848765
24482,2.712579742531984,50.16015413932954
24483,10.86069091787485,53.94371974789423
24484,13.781679507350919,39.29103808748599
24485,1.5883726005084444,51.435022927994794
24486,9.459621982884707,41.60095858687577
24487,126.79429960572132,36.860914087943115
24488,27.21580919999999,-28.358478150000018
24489,18.264839800816468,57.07512552090176
24490,115.6652496869018,-31.938367832633297
24491,-4.263653581004035,49.49354115924121
24492,3.692612344448944,52.41209865746597
24493,10.251548075344681,55.24397864721981
24494,10.014763292441486,41.98061527287823
24495,9.817933736882678,42.081049512051976
24496,5.480425521194523,53.02580784421767
24497,14.442327225416252,37.65192632524482
24498,-79.95860206449335,26.029684437797815
24499,1.6261565200916848,51.20848062779439
24500,6.083314298324271,53.99145013926257
24501,1.9679846455757843,51.187189580704526
24502,1.9679846455757843,51.187189580704526
24503,-0.010238193946889794,50.433565849228835
24504,4.486999961173093,52.79901759028359
24505,6.78914404633672,54.19335899190283
24506,3.7675738047483884,52.53576329234686
24507,135.91575204683443,33.982778134682064
24508,4.305873929974403,52.40466268757078
24509,-54.11051080520211,35.835792862087544
24510,104.53566446638654,7.338402222032056
24511,4.929145741473944,52.13053819081978
24512,104.70727865831475,9.427567915945103
24513,6.785488864510667,53.26427996921256
24514,18.105200510091073,40.587355483922366
24515,-0.8869619783306608,49.281489563577914
24516,23.516754540514672,37.715157559344966
24517,5.796204858904847,52.442417741491184
24518,7.6012635841144665,53.79291733526578
24519,10.08573302915495,39.58914293401272
24520,27.277027799999992,-28.29578020000002
24521,-3.882656547076257,36.11993921128372
24522,2.3870728234796506,37.87363957527305
24523,-9.775787612328156,35.05508997978436
24524,6.962565346549832,53.12640930643254
24525,-0.9343238770301396,50.247680564789526
24526,-2.967377176631229,48.10281471483145
24527,4.210304918363515,51.400064253281634
24528,121.7260500039441,26.30443047463814
24529,3.340852974959142,51.45069112292706
24530,5.333858001645248,53.47971053160088
24531,31.759350612896863,35.74752763520853
24532,32.026243391666675,35.5047235083333
24533,-8.08005711047726,44.082255936549416
24534,-7.777744146279442,38.106861406234756
24535,-4.1959627225123715,45.59586025810052
24536,-0.6581815518935621,49.89732122134242
24537,-15.36148598412562,28.295335239113047
24538,-3.755854840996337,48.04455761444158
24539,4.868621351113078,52.88681844309601
24540,-11.176354275857175,33.411612080001106
24541,110.94692779495682,-18.374037576996116
24542,2.310251350534196,51.6504437748241
24543,-1.0141999194718465,39.7562946280547
24544,13.24900338489987,56.38495106410532
24545,3.4557159298960496,51.78426652540181
24546,6.190908595735371,39.91018898859788
24547,17.080237589820705,56.96519646041815
24548,-63.98889277666669,-15.921047633333336
24549,0.8848206909877147,50.738525643297514
24550,3.1570163355998386,51.442931833715676
24551,17.61226274056241,56.697571536371406
24552,-1.2323918904518691,49.47087619040808
24553,17.91211007241912,56.629070240423516
24554,7.572969127664486,53.763795778365704
24555,2.376864586381981,52.50401820405513
24556,-9.161805100000002,51.0785988
24557,-1.5496499126064338,48.73505743300364
24558,5.4655465574124795,53.77942904926037
24559,-77.40797507878715,36.21621632605088
24560,12.396347362593495,54.975130029869085
24561,9.785482081623966,55.679509356777295
24562,2.5893888605685715,38.58137988263534
24563,-17.44334171793729,40.64904893613304
24564,0.0635577618059016,50.58893439170869
24565,-4.341392702041662,48.7286290499785
24566,2.8782466071840234,51.22187109493434
24567,-2.233776006394111,52.30388235326569
24568,13.62438597717433,39.99816033122249
24569,5.568495286925728,53.11062804769332
24570,134.84024021660665,36.92891368379299
24571,0.7250792338749599,51.17979215495799
24572,-1.5620390049440482,50.45735744639601
24573,-16.434392576611693,25.648219956853712
24574,-7.488880734057439,43.92346116493449
24575,-3.211135943953181,49.545598514014
24576,10.130450646177467,57.378088702138065
24577,0.9775825965460965,39.163794886323046
24578,1.1202732654541165,47.14677702688475
24579,-74.36827603118905,27.66816849062203
24580,-0.12870188775544888,50.39176605857879
24581,-79.95773026449335,26.029842637797813
24582,2.5397459666632662,51.42699088991394
24583,-7.35433072777838,35.45146801824226
24584,10.014763292441486,41.98061527287823
24585,2.6416363234614977,39.90205964408376
24586,31.446629709638838,36.49942786538655
24587,5.211952452480559,40.74502473297666
24588,23.88900551842593,40.18637116000003
24589,3.5131928211464922,53.48635135705817
24590,12.566879135919109,39.58326636373797
24591,4.576804947969481,39.37937968937353
24592,110.94445895067112,-18.374263512710403
24593,3.147769944240595,42.1351133930344
24594,10.542187332244865,41.517109513484186
24595,3.3690456756968903,52.994337781532714
24596,-7.837837787671231,45.202902462100454
24597,4.486999961173093,52.79901759028359
24598,-15.36148705555419,28.295335739113046
24599,-102.37163696408605,17.324299524654453
24600,2.3218954869624273,51.641020156016815
24601,29.46792745591155,40.712426040664816
24602,1.7103990674459881,49.96127991989952
24603,-5.6491811687148985,38.50733141907638
24604,174.17458011248016,-40.653243892202205
24605,138.7064728414852,35.20376664218924
24606,-122.44304987338447,47.34506786491647
24607,9.220219319645526,43.97460874189766
24608,126.78234167238799,36.86239147127645
24609,6.198145229068705,39.90869924415344
24610,4.565425854169115,51.95607293368211
24611,2.7319952314861773,52.78353156906633
24612,-77.40797507878715,36.21621632605088
24613,-93.9386159302994,29.864408092693928
24614,1.2931726287420306,45.59201642174034
24615,21.696898693469635,59.08435666944101
24616,2.1575217910051565,52.66711525939108
24617,2.440208690739878,51.85624859353448
24618,29.283772328840058,40.84544922758102
24619,16.29632413349901,54.18769846883434
24620,-3.2189269624568273,39.13608205952798
24621,0.7866960364800467,48.22388852906299
24622,152.61069019559636,-29.415422161216544
24623,4.582780457524435,52.12116998128702
24624,24.200967367559187,39.167678935283554
24625,-122.5007152776166,47.339558954922396
24626,4.203318018363515,51.40144762828163
24627,-78.84259879117876,25.382458997666255
24628,-46.77151948544698,-24.319234247401276
24629,5.401792548017803,53.02762695324652
24630,0.6274901660068186,39.5764737761426
24631,11.238405085661057,57.27111451943542
24632,101.42257295772956,10.3303244754746
24633,-122.96946172376576,38.87338864658178
24634,17.070088156487373,56.95949927375148
24635,115.67435098837586,-32.04359606408402
24636,-73.94686503447882,40.075024520055244
24637,12.93414230974622,56.71881298669625
24638,12.620911327756719,54.67929644401543
24639,0.2096468188162899,39.42792873385522
24640,2.712579742531984,50.16015413932954
24641,10.86069091787485,53.94371974789423
24642,1.5349310147226687,51.43619158877326
24643,18.05631692999906,56.97844548179988
24644,13.781679507350919,39.29103808748599
24645,-4.259996781004035,49.4942566592412
24646,115.66524263690181,-31.9383660076333
24647,9.347986121240359,41.63122430593602
24648,6.7891438008954905,54.19335922244026
24649,-1.0103083194718463,39.752985028054695
24650,14.441774167433055,37.65238954109916
24651,-1.2319865688777214,50.09099116065182
24652,1.6400865684250183,51.21197076779439
24653,4.358703612505133,51.438533503050856
24654,-0.010238193946889794,50.433565849228835
24655,6.076127998324271,53.984422764262575
24656,4.305873929974403,52.40466268757078
24657,3.692612344448944,52.41209865746597
24658,-3.211135943953181,49.545598514014
24659,104.23747027053616,7.5172847390970094
24660,6.791807614510667,53.26540431921255
24661,5.796204858904847,52.442417741491184
24662,1.831413793669858,51.144024757976425
24663,1.831413793669858,51.144024757976425
24664,18.100867472591073,40.586464496422366
24665,-0.8871932783306608,49.28210446357791
24666,104.70504938331476,9.427897790945103
24667,3.7960937112197604,52.55017852836762
24668,2.8782466071840234,51.22187109493434
24669,23.516754540514672,37.715157559344966
24670,27.24552819999998,-28.325591050000018
24671,178.0485778100001,-37.9826948477778
24672,13.62438597717433,39.99816033122249
24673,138.3147484078696,34.53225875191718
24674,2.376859037765365,37.874457018130194
24675,10.087981753144849,39.58589178249756
24676,7.6481473572521175,53.76300244798958
24677,13.436317007533702,39.37954777290873
24678,-8.120879153810593,43.96914605321608
24679,6.962565346549832,53.12640930643254
24680,135.93368944756227,33.967962228804524
24681,121.724978078706,26.304035615780993
24682,17.61226274056241,56.697571536371406
24683,-1.5489499408115623,48.73420346120877
24684,31.781844912896855,35.709334835208544
24685,23.432251010222522,59.422998963884105
24686,5.495583061945353,53.58896113364692
24687,24.332786492057657,38.31456385877137
24688,-0.6569891919854927,49.84339625535673
24689,4.869803551113077,52.88720184309601
24690,12.550157962739371,56.63717338830657
24691,2.376864586381981,52.50401820405513
24692,-3.7509028409963374,48.04656628110824
24693,10.27892227534468,55.28478894721982
24694,-4.5926340326823185,36.06442259340495
24695,13.234968984899872,56.382165264105325
24696,1.0193489732803171,47.17296846254762
24697,0.03940530466304444,50.585961153613454
24698,0.8848206909877147,50.738525643297514
24699,-64.03004091000001,-15.909496100000004
24700,10.130450646177467,57.378088702138065
24701,-9.783309412328157,35.118175679784365
24702,3.4557158390439184,51.784266433772736
24703,-9.128141800000003,51.080873299999986
24704,124.50440178613496,-33.09611664839805
24705,12.402979284474627,54.96869309081216
24706,17.982538223206713,56.6625735851835
24707,32.04519679166667,35.4753596083333
24708,27.274077799999986,-28.29577110000002
24709,3.340852974959142,51.45069112292706
24710,4.929145848397021,52.1305382905051
24711,7.572969127664486,53.763795778365704
24712,3.1570163355998386,51.442931833715676
24713,-1.160236052951869,49.48941192040808
24714,-2.967377484964562,48.10281594816479
24715,134.84537801660662,36.93171528379299
24716,9.790609681623966,55.67772669011063
24717,2.5624463213622226,38.578110857238514
24718,-17.507907267937288,40.51702293613303
24719,-11.17953742585717,33.43364273000111
24720,-4.3323458556245855,48.74857207513994
24721,-7.488880734057439,43.92346116493449
24722,-4.308707123468341,45.650968848252575
24723,9.817933736882678,42.081049512051976
24724,5.4655465574124795,53.77942904926037
24725,5.516961877421977,53.09666516339492
24726,0.7379717839858247,51.22824953600011
24727,-1.5620390049440482,50.45735744639601
24728,-16.447991786611695,25.62923582685371
24729,0.8473988996592116,39.094608270120546
24730,138.42643463480417,35.04442829950154
24731,-54.03107743377353,35.984672562087546
24732,10.696923238810015,42.05417857325599
24733,-74.36827463118908,27.66816669062203
24734,-2.2199097063941107,52.30506495326569
24735,-7.58701276551021,38.05121679277322
24736,-3.2751770308550956,39.05185063831586
24737,135.9651968680326,33.9695796058706
24738,4.200251222004971,51.40578731259536
24739,13.436317207533703,39.37954747290873
24740,11.84501840880738,41.24765791956126
24741,136.51222038298593,34.77918222327655
24742,-15.361486023411334,28.295335102208284
24743,4.305342308557716,39.40057461741274
24744,3.5131953640036353,53.4863580856296
24745,2.742196497470822,39.93187631541243
24746,17.093763708296887,56.976633305624475
24747,-102.4513974085647,17.361989640861285
24748,29.46792745591155,40.712426040664816
24749,29.283772328840058,40.84544922758102
24750,152.60615536226302,-29.414972894549873
24751,13.257379984899869,56.391620564105324
24752,104.2525708796282,7.517139674270981
24753,23.516754540514672,37.715157559344966
24754,7.595511050781134,53.72390524359911
24755,6.962565346549832,53.12640930643254
24756,121.54228683172799,26.21238439535242
24757,5.651185347430836,53.68875904747307
24758,3.409878242363557,53.04205834819937
24759,2.32049864029576,51.644824509350144
24760,0.23060231451254737,39.53123849919181
24761,5.463619898194844,40.76957853154809
24762,-5.649181302048231,38.50733127240971
24763,174.1716350483621,-40.65243248153665
24764,1.7171435585177701,49.96396210357715
24765,138.72882753821602,35.19819097787866
24766,126.80237201405467,36.86126955460979
24767,-122.44304987338447,47.34506786491647
24768,9.241669744645527,43.978107391897666
24769,-7.855762287671229,45.08695436210047
24770,5.4655465574124795,53.77942904926037
24771,4.565425854169115,51.95607293368211
24772,6.238706146757639,39.910817116597684
24773,2.7319952314861773,52.78353156906633
24774,-0.19237613514679328,50.34019121963541
24775,1.2932375825780096,45.59122375941229
24776,3.717234534905344,52.421361567318336
24777,-93.940280336169,29.865137878747888
24778,-1.1511775613791873,49.49025647536815
24779,21.699337893469632,59.09101121944101
24780,2.1575217910051565,52.66711525939108
24781,24.176160743916117,40.24161395901963
24782,16.52632831126759,54.20767662212266
24783,-77.39137799696897,36.232290330596335
24784,4.582780895024435,52.12116943216004
24785,-9.683000012328154,35.142213279784364
24786,0.7866968814800466,48.223888905729666
24787,4.9291456504213125,52.13053839029347
24788,24.200027649377365,39.16629745649568
24789,-122.5007152776166,47.339558954922396
24790,-78.86235682451209,25.396480430999585
24791,11.24694859369677,57.284407058721136
24792,-46.768496885446986,-24.321419347401278
24793,101.42595225003724,10.316931844705369
24794,3.148368499340373,42.13677833210314
24795,2.376864586381981,52.50401820405513
24796,-3.1861420357748726,49.554342261820246
24797,-123.05042320794777,38.908966399540425
24798,-73.94693203447882,40.07535822005524
24799,115.67434432148926,-32.04359216140807
24800,12.944736612279591,56.69582708078068
24801,12.745605375558917,54.67347487135824
24802,2.354869713955841,37.87782026527305
24803,10.86069091787485,53.94371974789423
24804,0.027521465482956527,39.283130383855216
24805,2.712579742531984,50.16015413932954
24806,4.875703081113077,52.89089697309601
24807,23.433127648684057,59.42604148696102
24808,1.3883753696894532,51.37424733192452
24809,13.781679507350919,39.29103808748599
24810,0.8439705826895144,39.102872252544785
24811,18.05631692999906,56.97844548179988
24812,12.566879135919109,39.58326636373797
24813,-16.469862377657147,25.348340692414318
24814,-1.0023031394718465,39.725331648054706
24815,-4.189414040500488,49.531226746168805
24816,17.264444867825294,56.568255002597645
24817,-54.109846575678304,35.84067433065898
24818,2.509101397882735,51.89184024353447
24819,115.66522235023514,-31.938367199299964
24820,-1.2319871188777214,50.09099141065181
24821,27.271583019999984,-28.301266706666688
24822,9.817933736882678,42.081049512051976
24823,5.329041550375181,52.9945619990268
24824,14.447833290519528,37.65269535338014
24825,1.710168398258861,51.25062157603602
24826,134.83309511660661,36.92870248379299
24827,2.597147924159425,38.57063945053688
24828,4.358703612505133,51.438533503050856
24829,-3.7565706469487172,48.04433559658443
24830,6.068895739687909,53.97258564365652
24831,31.83011001289685,35.63746953520856
24832,9.53781120626066,41.59665841800347
24833,6.7891439113078444,54.19335888556614
24834,138.4447345361375,35.047038061501546
24835,10.677595643873426,42.07362010741275
24836,-0.010238193946889794,50.433565849228835
24837,-1.5496499126064338,48.73505743300364
24838,10.077193015456896,39.579055967770145
24839,7.572969127664486,53.763795778365704
24840,24.33030684139099,38.319915322104706
24841,3.812722398568533,52.56666890878322
24842,4.486999961173093,52.79901759028359
24843,-2.0657673800011493,52.3432100787349
24844,1.559336259984015,50.99573780965972
24845,1.559336259984015,50.99573780965972
24846,-2.9673771363714887,48.102814964961325
24847,-7.386218217390772,43.942552498267816
24848,4.252465550412946,52.389692378958465
24849,-1.5620390049440482,50.45735744639601
24850,-7.777028638492839,38.118188405400744
24851,-74.36333679710786,27.67132875539614
24852,32.085084091666666,35.4120297083333
24853,12.523090783139049,56.59178660422069
24854,1.106895717897737,47.14743115154843
24855,6.782307884510667,53.26383699921255
24856,0.8848206909877147,50.738525643297514
24857,138.33545492796645,34.536130100123536
24858,-0.6714802419854926,49.84718395535673
24859,5.796204858904847,52.442417741491184
24860,3.484896290650018,51.72440523464785
24861,178.1035348000001,-38.039910706349225
24862,-9.066617900000004,51.071129100000014
24863,18.13842150980312,56.98250401874367
24864,124.50675741946836,-33.09552138173138
24865,-64.02143397666667,-15.916776933333326
24866,12.41485362771154,54.706314739805514
24867,10.21903039534468,55.28707441721981
24868,10.130450646177467,57.378088702138065
24869,3.340852974959142,51.45069112292706
24870,-0.8870491983306609,49.28174236524458
24871,18.053569675091072,40.54463152392237
24872,3.1570163355998386,51.442931833715676
24873,9.794203913117848,55.6604424965008
24874,-8.08012294047726,44.07984660654942
24875,0.7250792338749599,51.17979215495799
24876,-17.44334171793729,40.64904893613304
24877,-11.080525515108382,33.48745810161945
24878,104.70764797081472,9.41571264927844
24879,2.8782466071840234,51.22187109493434
24880,5.543600961560087,53.107874581481134
24881,27.24388159999998,-28.330674950000017
24882,0.024363458768134737,50.57649472036221
24883,-4.31095471438914,48.760696079837196
24884,-5.182290595717949,45.02433206417867
24885,-4.746104160160673,35.94498380016539
24886,13.624386127174327,39.998160681222494
24887,13.436317207533703,39.37954747290873
24888,138.72860270488266,35.19856596121199
24889,-3.1861420357748726,49.554342261820246
24890,4.305679008557715,39.40279363741274
24891,24.17075077724945,40.241434359019635
24892,-80.05165566449335,25.923544537797817
24893,-15.361522320070826,28.295407301359617
24894,2.7676379562620315,39.96363516925858
24895,3.5131953640036353,53.4863580856296
24896,12.566879135919109,39.58326636373797
24897,2.518110062161672,51.89584218855291
24898,5.238039298194844,40.766988131548096
24899,11.853172098379513,41.28006298198039
24900,23.43312784868406,59.42604149605193
24901,7.598078084114467,53.72415211026578
24902,19.54466470297911,37.75194510517559
24903,6.962565346549832,53.12640930643254
24904,121.72797114839466,26.307147995352416
24905,4.2002516505764,51.4057871554525
24906,5.691830609001881,53.71562109388103
24907,-122.60800640669233,35.54685316005145
24908,3.584536342363558,53.18237129819937
24909,-102.46011259713612,17.366891333242236
24910,2.32091492029576,51.64330728935015
24911,29.46792745591155,40.712426040664816
24912,-9.622337912328152,35.168703879784374
24913,-5.649181302048231,38.50733127240971
24914,174.1596935017456,-40.64124380641133
24915,-122.44304987338447,47.34506786491647
24916,9.241669744645527,43.978107391897666
24917,-7.852791587671231,45.09155986210047
24918,1.7171435585177701,49.96396210357715
24919,4.565425854169115,51.95607293368211
24920,6.244222022948113,39.90962549993102
24921,2.7319952314861773,52.78353156906633
24922,-93.94029405748266,29.865175339012097
24923,1.293237368133565,45.59122290496784
24924,29.283772328840058,40.84544922758102
24925,2.1575217910051565,52.66711525939108
24926,21.697744093469634,59.08869371944101
24927,-0.1575139033388085,50.31755290539488
24928,17.257548354714892,56.56624503065638
24929,16.5263287728459,54.20767623248411
24930,3.724139099184281,52.42481201233678
24931,0.7866967814800466,48.22388900572966
24932,4.582780028357767,52.12116949882671
24933,152.60855536226302,-29.41755959454988
24934,24.20162044937737,39.166210356495675
24935,-46.76888138544698,-24.321140047401276
24936,-122.5007152776166,47.339558954922396
24937,101.42811425003724,10.31440434470537
24938,11.24694859369677,57.284407058721136
24939,0.23060231451254737,39.53123849919181
24940,-78.84115509117876,25.38265229766625
24941,3.148655149340373,42.138587062103134
24942,-54.11264354234497,35.825949763992305
24943,-123.10760680842394,38.93702951257614
24944,115.67434432148926,-32.04359216140807
24945,27.275652619999992,-28.30061740666669
24946,13.083475534021968,56.7342881560996
24947,-73.94693203447882,40.07535822005524
24948,12.749455975558917,54.674583946358226
24949,2.712579742531984,50.16015413932954
24950,13.781679507350919,39.29103808748599
24951,10.86069091787485,53.94371974789423
24952,-16.457903748490477,25.48667603824765
24953,138.33608732796645,34.53677820012354
24954,1.4130106668323104,51.38366214549595
24955,-4.141687323833821,49.54907386561325
24956,0.7138806002743081,39.08061645242226
24957,115.66521661690182,-31.938365603466632
24958,18.05631692999906,56.97844548179988
24959,13.624386127174327,39.998160681222494
24960,14.449815811948099,37.673507155761094
24961,6.789143887224909,54.19335903628384
24962,13.244879284899872,56.38874396410533
24963,4.358703612505133,51.438533503050856
24964,178.0977175000001,-38.050887806349216
24965,1.740271491714489,51.26994373316376
24966,12.417094694378207,54.70699253980551
24967,-3.7567946826630036,48.045775539441586
24968,-1.0030025194718464,39.7278444280547
24969,-77.39137799696897,36.232290330596335
24970,2.8782466071840234,51.22187109493434
24971,6.041933839687907,53.9825160436565
24972,-0.010238193946889794,50.433565849228835
24973,9.540949900953756,41.59756795103842
24974,4.486999961173093,52.79901759028359
24975,0.027786265482956592,39.283271033855215
24976,104.60658369734776,7.911676998737827
24977,4.252465550412946,52.389692378958465
24978,2.357372180622508,37.87533883193972
24979,31.844013512896844,35.61537713520856
24980,3.812722398568533,52.56666890878322
24981,5.19127710601314,52.95054692552189
24982,6.784246864510667,53.263899069212556
24983,104.70566148331474,9.423751990945105
24984,5.796204858904847,52.442417741491184
24985,10.210071229212202,55.28749488954887
24986,32.105711791666664,35.37834640833332
24987,18.292968785805357,40.56111356677951
24988,4.873183781113077,52.89000017309601
24989,-4.31095471438914,48.760696079837196
24990,1.559336259984015,50.99573750965972
24991,1.559336259984015,50.99573750965972
24992,-0.7000567912062717,49.86431130691517
24993,134.8394817166066,36.92950578379298
24994,-8.08009571047726,44.080440936549415
24995,0.72256293387496,51.17892535495798
24996,-0.8870493983306608,49.281742565244585
24997,-7.386218217390772,43.942552498267816
24998,9.817933736882678,42.081049512051976
24999,5.4655465574124795,53.77942904926037
25000,5.523176464685086,53.11221718554364
25001,27.247101699999984,-28.32796975000002
25002,4.9291456504213125,52.13053839029347
25003,-5.834702463833026,44.62279545341207
25004,-4.748846510160672,35.9433178001654
25005,-64.12817287666668,-15.977012833333328
25006,10.077859348790232,39.580833767770145
25007,3.573584025561021,51.74702594413121
25008,10.677595643873426,42.07362010741275
25009,-1.5620390049440482,50.45735744639601
25010,-1.7193985264781673,50.020036118646
25011,23.516754540514672,37.715157559344966
25012,7.572969127664486,53.763795778365704
25013,-1.1481220185220442,49.49459151822528
25014,12.771004523487063,54.76209445047283
25015,1.107856204008848,47.147346887659545
25016,138.4525270361375,35.04854146150154
25017,-74.36557903118906,27.67033089062203
25018,0.8883898909877146,50.73876364329752
25019,-2.965136436371489,48.101924864961326
25020,2.6801664539030146,38.6143390410497
25021,10.130450646177467,57.378088702138065
25022,0.029008858768134766,50.57722117036221
25023,3.340852974959142,51.45069112292706
25024,-9.056737500000004,51.07747150000002
25025,3.1570163355998386,51.442931833715676
25026,18.13842150980312,56.98250401874367
25027,124.50613024446835,-33.09579075673138
25028,-1.5496499126064338,48.73505743300364
25029,24.33062104139099,38.31913912210471
25030,12.534255589805717,56.58461786295084
25031,-17.44334171793729,40.64904893613304
25032,-1.9925744167435733,52.327661226840966
25033,9.793864936451179,55.65708706983413
25034,-11.068211015108382,33.51191297939724
25035,-7.777028638492839,38.118188405400744
25036,2.376864586381981,52.50401820405513
25037,23.43312784868406,59.42604149605193
25038,-122.60459640669232,35.54530416005146
25039,18.13842150980312,56.98250401874367
25040,4.269340208557716,39.42998538741274
25041,138.72860270488266,35.19856596121199
25042,3.724139099184281,52.42481201233678
25043,29.46792745591155,40.712426040664816
25044,29.283772328840058,40.84544922758102
25045,4.929145571473944,52.13053819627433
25046,-3.186141964346301,49.55434340467739
25047,-1.1055370896262464,49.51510606858518
25048,9.241235519645526,43.977881541897666
25049,-9.553672300366824,39.4436551228282
25050,-9.628723912328153,35.231822779784366
25051,3.7629708211514377,53.331258986078154
25052,5.238613898194843,40.7663069015481
25053,12.771004523487063,54.76209445047283
25054,-54.112584833773546,35.82799319542088
25055,-109.52641600698747,25.169766693112447
25056,14.445380845281434,37.67464655242776
25057,4.358703612505133,51.438533503050856
25058,1.740271491714489,51.26994373316376
25059,6.789143308450346,54.19335946682128
25060,6.0426966863545735,53.98301351032317
25061,-0.01223155394688979,50.43698657922883
25062,3.813763598568533,52.56731070878322
25063,4.486999961173093,52.79901759028359
25064,104.60621250189322,7.911482389646918
25065,104.70637298331476,9.424459990945104
25066,4.252465582061298,52.389692278958464
25067,5.796204858904847,52.442417741491184
25068,6.7891361645106665,53.26481146921255
25069,18.288685485805352,40.55981956677952
25070,1.526692264849362,50.97928083803815
25071,1.526692264849362,50.97928083803815
25072,-0.8806317983306609,49.28334594024458
25073,9.540218100953755,41.59774475103843
25074,23.516754540514672,37.715157559344966
25075,178.0974934000001,-38.05169810634922
25076,13.436317007533702,39.37954777290873
25077,6.962565346549832,53.12640930643254
25078,7.593924323811437,53.71900425587183
25079,121.73289696379145,26.302074501892097
25080,5.691830609001881,53.71562109388103
25081,-15.361523020070825,28.295407401359622
25082,136.38126191118673,34.76329655298848
25083,-102.46115679713611,17.367127233242233
25084,2.3212386869624266,51.64103265601681
25085,-5.6491811687148985,38.50733141907638
25086,0.23060231451254737,39.53123849919181
25087,174.1142000736218,-40.6811510352898
25088,126.78331017238801,36.86687257127645
25089,-122.44304987338447,47.34506786491647
25090,-7.849798987671232,45.09837006210046
25091,6.269383133819433,39.90427610688714
25092,4.565425854169115,51.95607293368211
25093,2.7319952314861773,52.78353156906633
25094,1.293172884297586,45.59201601729589
25095,1.71039905851777,49.96127762665407
25096,-0.1575139033388085,50.31755290539488
25097,-93.94049198303259,29.865420971038713
25098,21.696265093469634,59.084107569441
25099,2.1575217910051565,52.66711525939108
25100,24.158312739749455,40.24404308401964
25101,0.027984965482956564,39.28343223385522
25102,16.300547239454346,54.19048309389638
25103,0.7866958364800467,48.223888679062995
25104,24.20162044937737,39.166210356495675
25105,152.61683343495062,-29.430700783980694
25106,11.24694859369677,57.284407058721136
25107,-46.76930398544699,-24.32122514740128
25108,-78.84388599117875,25.38319989766625
25109,-122.5007152776166,47.339558954922396
25110,101.42741665003724,10.31648734470537
25111,2.8782466071840234,51.22187109493434
25112,0.8167156772440052,39.15253414999801
25113,-123.13309255509064,38.9418934692428
25114,-73.94686503447882,40.075024520055244
25115,31.84177741289685,35.615980935208576
25116,115.67434701315592,-32.04359342390807
25117,11.841948096194228,41.237401766077056
25118,5.416310851345065,53.764079015552504
25119,4.220615593555999,51.39871282779949
25120,12.764673025558919,54.69592619635822
25121,27.27317221999999,-28.296697406666684
25122,138.33608732796645,34.53677820012354
25123,138.4525270361375,35.04854146150154
25124,-4.737368818494006,35.95914509183207
25125,2.712579742531984,50.16015413932954
25126,3.047707557296908,38.92861746381335
25127,10.86069091787485,53.94371974789423
25128,2.373557426515365,37.87325798568972
25129,-77.39137799696897,36.232290330596335
25130,32.11248749166667,35.36711260833333
25131,-7.776643557723608,38.11862019193921
25132,-0.7136125023173829,49.856934533581835
25133,115.66521661690182,-31.938365603466632
25134,4.5829699819925205,52.12084395469128
25135,9.741397093456012,55.639684463215765
25136,4.874365981113078,52.89038357309602
25137,18.05631692999906,56.97844548179988
25138,1.3713501349567028,51.32347428394103
25139,27.24552819999998,-28.325591050000018
25140,10.212454429212203,55.28565218954887
25141,-8.080472643810593,44.08446310321609
25142,-0.9998190194718465,39.7270414280547
25143,-5.84094690887271,44.61777578124307
25144,9.817933736882678,42.081049512051976
25145,13.624386177174328,39.99816058122249
25146,-3.750902765996337,48.04656600610824
25147,134.84537801660662,36.93171528379299
25148,12.640341854849515,56.56196987240534
25149,0.007819461805901554,50.567450808375355
25150,-11.012727415108381,33.61716617939723
25151,-74.3653499263645,27.67028226167466
25152,-7.386218217390772,43.942552498267816
25153,5.4613484367193985,53.08970572226692
25154,5.146775486767671,52.93281210101003
25155,9.961504813747876,39.6470394294808
25156,1.1287194040088482,47.16009318765955
25157,13.12051035709889,56.730094187418274
25158,10.616136563023156,42.13536802041101
25159,-1.5620390049440482,50.45735744639601
25160,-2.1979189855435974,49.97493462257773
25161,12.566879135919109,39.58326636373797
25162,7.572969127664486,53.763795778365704
25163,13.215905884899872,56.366682064105326
25164,-64.53398121000001,-15.714575200000002
25165,3.5735839367327005,51.747025843811656
25166,0.8883898909877146,50.73876364329752
25167,-2.953981212204822,48.10131036579465
25168,24.33612310805766,38.31518428877137
25169,13.781679507350919,39.29103808748599
25170,3.340852974959142,51.45069112292706
25171,-16.456384470990482,25.492423595747656
25172,-9.045005300000007,51.0786732
25173,3.1570163355998386,51.442931833715676
25174,-1.5075809629168833,48.762941561616955
25175,-4.035403438584224,49.5758774047713
25176,10.130450646177467,57.378088702138065
25177,-1.8210165423607132,52.296307347101795
25178,2.376864586381981,52.50401820405513
25179,124.5043992750239,-33.09611817062027
25180,12.41617569437821,54.70806673980552
25181,0.72495023387496,51.17889440495798
25182,-17.507907267937288,40.51702293613303
25183,-4.298700162179656,48.75473983422989
25184,12.825363631242508,54.94313374905222
25185,126.82234746405466,36.83828690460979
25186,-109.3764374947852,25.16557408142112
25187,12.771004523487063,54.76209445047283
25188,13.781679507350919,39.29103808748599
25189,12.566879135919109,39.58326636373797
25190,5.345357573570576,53.01262050043361
25191,7.5955115081567,53.72390471911947
25192,13.436317207533703,39.37954747290873
25193,5.46229584390913,40.770371079479126
25194,-0.17963876745560628,50.24303132827581
25195,24.20795558132353,40.150353179019625
25196,136.38126191118673,34.76329655298848
25197,-46.768497035446984,-24.321419564067945
25198,-78.8688751245121,25.398122130999585
25199,101.42554179232502,10.317375254022139
25200,-0.9656104396177189,49.594083344012134
25201,-123.19803522485253,38.96824273567136
25202,115.6743352744474,-32.0435933879593
25203,-73.94616392011986,40.08102579492704
25204,3.7530218359714294,52.43176285070288
25205,12.811071283892252,54.66673556302489
25206,2.712579742531984,50.16015413932954
25207,10.86069091787485,53.94371974789423
25208,115.66481420438402,-31.938520523680886
25209,1.2994076033985396,51.29695925512662
25210,-3.9339914170987345,49.623474999115864
25211,1.794001999600583,51.32109483807373
25212,6.732800288650069,54.18963005597766
25213,4.358703612505133,51.438533503050856
25214,14.449815811948099,37.673507155761094
25215,6.006665525157774,54.017559678459946
25216,-0.015002053946889781,50.436541979228835
25217,178.10088566666676,-38.04654363333336
25218,3.838609699289483,52.576345846696704
25219,4.486999961173093,52.79901759028359
25220,1.2289878742658598,50.744245008276486
25221,1.2289878742658598,50.744245008276486
25222,-54.16173829651163,35.71306412899231
25223,104.31988416252634,7.88592212332116
25224,6.782307884510667,53.26383699921255
25225,4.21670109421806,52.35621745218218
25226,18.242273644138685,40.528707500112844
25227,104.70271392248142,9.41100552761177
25228,-0.9616916637871487,49.23984818372231
25229,-2.9490579102817454,48.10805825041004
25230,5.8808539005715135,52.50952611315785
25231,23.516754540514672,37.715157559344966
25232,-1.5620390049440482,50.45735744639601
25233,9.61104704358912,41.55477521875045
25234,6.962565346549832,53.12640930643254
25235,5.691830609001881,53.71562109388103
25236,0.03988986548295646,39.28684218385522
25237,27.27578399999998,-28.30124385000002
25238,3.9966139735323893,53.52918262417339
25239,2.3580584986290933,51.621457742683475
25240,-102.4364660085647,17.36406088586128
25241,29.46792745591155,40.712426040664816
25242,4.066267739775325,39.38910961414385
25243,134.5870705566066,36.790482403792986
25244,-5.6491815809956,38.50733208966117
25245,174.11637317132536,-40.709874239548576
25246,-77.39137799696897,36.232290330596335
25247,-122.44304987338447,47.34506786491647
25248,9.25111441864378,43.977373832635365
25249,138.72636710488268,35.19302191121199
25250,4.58297089449252,52.120843472230966
25251,6.30163826853724,39.893419030474426
25252,4.565425854169115,51.95607293368211
25253,7.572969127664486,53.763795778365704
25254,2.7319952314861773,52.78353156906633
25255,4.21097781498457,51.40446588494235
25256,1.2932374706265621,45.59122445054208
25257,-93.94049363480367,29.865418086475447
25258,29.283772328840058,40.84544922758102
25259,1.7171435585177701,49.96396210357715
25260,2.1575217910051565,52.66711525939108
25261,21.58337220458074,59.04121905277434
25262,2.364356959848698,37.87606661902306
25263,31.89001641289688,35.54244513520856
25264,16.52632831126759,54.20767662212266
25265,-3.181130614346301,49.56162378027263
25266,0.5117200559741503,39.01308080670694
25267,-2.1937011445324264,50.02768788227838
25268,0.7866968814800466,48.223888905729666
25269,2.88915092400768,51.221359979214164
25270,24.33030684139099,38.319915322104706
25271,-17.44334171793729,40.64904893613304
25272,24.200027649377365,39.16629745649568
25273,138.33545492796645,34.536130100123536
25274,152.63410232003832,-29.406910922577183
25275,9.817933736882678,42.081049512051976
25276,-0.848333989012972,49.835724743378016
25277,-15.36152235935654,28.295407164454858
25278,-0.9963912064559735,39.728337618276925
25279,-4.739416014464703,35.86234163739067
25280,-3.7717405858376067,48.03789573547333
25281,3.5177261991825755,51.71368164488309
25282,11.768397467903325,41.33483418547245
25283,-64.62547011,-15.787446799999998
25284,13.624386127174327,39.998160681222494
25285,9.910287577377018,39.70573781956738
25286,12.518680106158099,56.454901116675735
25287,13.162598192373455,56.75214620747712
25288,-122.5007152776166,47.339558954922396
25289,-5.903267485928572,44.562220774471704
25290,10.523450226786045,42.23844883121131
25291,-74.36726383348868,27.672762768130315
25292,13.237314584899869,56.375371564105315
25293,3.2350000518129103,39.093320384418355
25294,4.875703081113077,52.89089697309601
25295,1.1991399956755147,47.058956529326224
25296,10.130450646177467,57.378088702138065
25297,3.348196078292475,51.4638456862604
25298,-16.465717860990477,25.350914954319084
25299,0.9644689415107729,50.77619598441638
25300,-1.9609797573025276,52.463634715632615
25301,-9.039702900000002,51.06082170000001
25302,3.1570163355998386,51.442931833715676
25303,124.50674081946836,-33.09552023798138
25304,-1.4680535204260408,48.68628851198325
25305,-0.0357634598505844,50.560117291745385
25306,138.4725080647089,35.05053090435869
25307,27.27264151999999,-28.302865806666688
25308,-7.848688928786584,38.20949415518832
25309,11.24694859369677,57.284407058721136
25310,0.23060231451254737,39.53123849919181
25311,9.774614834535702,55.58318213964783
25312,32.165622791666685,35.28240800833332
25313,-8.080038340477259,44.070935306549416
25314,-10.952960181775047,33.782418846063905
25315,-4.287217928846323,48.76158060089656
25316,-7.386218217390772,43.942552498267816
25317,2.376864586381981,52.50401820405513
25318,-7.856141587671229,45.04889836210047
25319,5.391206704894471,53.74992254224073
25320,4.7652840912620675,52.762616494385696
25321,10.2009969666389,55.28446695282932
25322,0.72256293387496,51.17892535495798
25323,121.54548720610859,26.214183203883884
25324,18.238014320954093,57.066070002098094
25325,7.572969127664486,53.763795778365704
25326,4.066267739775325,39.38910961414385
25327,138.7255028048827,35.19223871121199
25328,-118.59249186880426,33.34365775398988
25329,-16.46607136099048,25.35014175431908
25330,3.149103508864183,42.13978022972219
25331,4.875703081113077,52.89089697309601
25332,11.768397467903325,41.33483418547245
25333,13.781679507350919,39.29103808748599
25334,-8.080011110477258,44.07152963654942
25335,126.79586070572131,36.865743587943115
25336,-91.81855709929789,26.919189635806653
25337,-73.94693203447882,40.07535822005524
25338,-77.36260668837083,34.08435785028622
25339,12.566879135919109,39.58326636373797
25340,5.8808539005715135,52.50952611315785
25341,29.46792745591155,40.712426040664816
25342,27.275652619999992,-28.30061740666669
25343,29.283772328840058,40.84544922758102
25344,152.63650232003832,-29.409497622577188
25345,5.219550080594385,52.973032612933615
25346,-123.19864976485252,38.96705446233803
25347,-64.62952941000002,-15.786979599999995
25348,115.6743352744474,-32.0435933879593
25349,-1.5620390049440482,50.45735744639601
25350,12.80012477436844,54.6556735725487
25351,2.712579742531984,50.16015413932954
25352,174.35950206942042,-41.36838313007248
25353,10.86069091787485,53.94371974789423
25354,1.183531996401108,51.307279083730265
25355,115.66480416866972,-31.938518349276123
25356,14.450023640519527,37.66759814147538
25357,4.358703612505133,51.438533503050856
25358,6.7891447640891895,54.19335960080776
25359,6.004232850961346,54.01008123006708
25360,1.80218595694371,51.331801929971064
25361,-0.015002053946889781,50.436541979228835
25362,3.8232200884173966,52.57759525294056
25363,4.486999961173093,52.79901759028359
25364,104.31086966877633,7.881255098737825
25365,6.784246864510667,53.263899069212556
25366,4.19713606921806,52.356321652182174
25367,-0.9616920837871487,49.23984822372231
25368,104.70557467498142,9.419597089278437
25369,23.516754540514672,37.715157559344966
25370,1.22898792426586,50.744244441609816
25371,1.22898792426586,50.744244441609816
25372,-2.9490579102817454,48.10805825041004
25373,13.436317207533703,39.37954747290873
25374,7.598078381055859,53.72415147712017
25375,6.962565346549832,53.12640930643254
25376,5.691830609001881,53.71562109388103
25377,9.614185738282217,41.55568475178539
25378,3.97326899853239,53.5021015741734
25379,-102.44518119713614,17.368962578242233
25380,2.41451628481957,51.578620112445385
25381,-109.35938287688296,25.18529182467516
25382,5.236715243909129,40.76778067947913
25383,-5.6491815809956,38.50733208966117
25384,-0.9070336078869492,49.604739689973684
25385,174.1113617113254,-40.70316349954858
25386,0.04026156548295649,39.28698623385522
25387,19.629818477390874,37.75689499194029
25388,0.23060231451254737,39.53123849919181
25389,-122.44304987338447,47.34506786491647
25390,9.259676272070251,43.97696815231194
25391,-78.84434699117875,25.383893197666247
25392,6.316232868537241,39.890197280474425
25393,4.565425854169115,51.95607293368211
25394,0.4913335350246388,39.01595568682836
25395,2.7319952314861773,52.78353156906633
25396,4.582969886159186,52.12084359445319
25397,1.293523238726158,45.591005682153025
25398,-0.20620086354921166,50.250382411963976
25399,2.3795391722296504,37.86961286045163
25400,3.7509177359714294,52.43121135070288
25401,-93.94102581773741,29.865920866127063
25402,2.1575217910051565,52.66711525939108
25403,17.0667631082969,56.96535880562449
25404,21.573386733469633,59.04859055944101
25405,13.624386127174327,39.998160681222494
25406,24.200695077249456,40.15717735901964
25407,-79.81119673774697,27.88461557682081
25408,1.7171432585177704,49.96396242665407
25409,-4.298124391043119,48.772618253397376
25410,16.5263287728459,54.20767623248411
25411,4.607826365383531,52.68863693764402
25412,0.7866965064800467,48.22388920572966
25413,24.33062104139099,38.31913912210471
25414,3.239969542472251,39.094017929473296
25415,2.511257902571107,51.81904179211323
25416,31.897490212896887,35.52974743520858
25417,24.20162044937737,39.166210356495675
25418,-15.361522320070826,28.295407301359617
25419,10.523450226786045,42.23844883121131
25420,10.130450646177467,57.378088702138065
25421,2.88915092400768,51.221359979214164
25422,3.559052059182575,51.74838294488309
25423,-4.734851814464702,35.865965837390675
25424,-7.85100098767123,45.05530546210047
25425,27.277468399999986,-28.29475635000002
25426,-3.1888745179177302,49.55560768146311
25427,9.691750882836793,39.68997472790071
25428,138.4803005647089,35.052034304358685
25429,-5.901950620261599,44.56312783757873
25430,1.200944481786626,47.05777656543734
25431,4.220751943555999,51.398735027799496
25432,13.107453705733205,56.355892534938654
25433,-77.39137799696897,36.232290330596335
25434,-54.1626124831783,35.711793382325645
25435,136.36079248261527,34.75972161013133
25436,-122.5007152776166,47.339558954922396
25437,0.964459052621884,50.77618636219416
25438,-0.7714249300301913,52.07256269545765
25439,-3.771863253370074,48.03938993287593
25440,12.41671300472671,56.37954620034703
25441,11.24694859369677,57.284407058721136
25442,-46.76888248544699,-24.321100947401277
25443,124.5057015750239,-33.095864126870275
25444,32.1715357916667,35.272466308333335
25445,-17.44334171793729,40.64904893613304
25446,-7.848688928786584,38.20949415518832
25447,-74.36913318137195,27.67117430543954
25448,18.296392300805355,40.55949980677951
25449,-9.031254764047622,51.07337308357143
25450,3.1570163355998386,51.442931833715676
25451,-1.413741096644414,48.74343867694334
25452,134.58782855660664,36.788457703792986
25453,9.733610213821414,55.54649564393355
25454,-10.943679851775048,33.799544206063906
25455,18.238014320954093,57.066070002098094
25456,2.376864586381981,52.50401820405513
25457,138.33608732796645,34.53677820012354
25458,5.337372466625903,53.72214037364752
25459,-1.2367338595755273,49.552403016513026
25460,-3.932750795670162,49.626414537211105
25461,101.42398456018216,10.315709896879282
25462,10.182228733305568,55.283317436162655
25463,0.57946958387496,51.017792204957985
25464,121.72986601007683,26.305427662614047
25465,-7.386218217390772,43.942552498267816
25466,13.237146053484567,56.8063917852549
25467,3.348196078292475,51.4638456862604
25468,-2.2526132679613826,50.029249579974504
25469,-0.9970905864559735,39.73085039827693
25470,-0.03775294831519855,50.555492263556644
25471,9.817933736882678,42.081049512051976
25472,12.558981846467388,54.841064634843285
25473,-75.83926931445252,35.39688506755018
25474,3.5131605976170808,53.48637866756237
25475,-91.8185488992979,26.917767135806656
25476,-9.195321998050236,42.92636791095365
25477,-9.356015512328154,35.35459777978437
25478,-77.26406020837084,34.18971637028621
25479,134.5896104566066,36.788167303792996
25480,126.78179737238798,36.865857971276455
25481,-0.26658037770305787,50.233732735040896
25482,17.058036248296897,56.960281925624486
25483,13.628425577174328,39.994614181222495
25484,-3.2085223094265247,39.138315838315854
25485,-109.30363178402041,25.244079601058043
25486,138.72652037154936,35.19419399454532
25487,29.283772328840058,40.84544922758102
25488,2.1575217910051565,52.66711525939108
25489,152.6386371533717,-29.40736018924385
25490,-46.76930398544699,-24.32122514740128
25491,4.486999961173093,52.79901759028359
25492,13.436317007533702,39.37954777290873
25493,27.275719299999977,-28.296776450000017
25494,4.077454256865725,53.57530405750672
25495,-54.162578554606874,35.713197653754214
25496,0.23060231451254737,39.53123849919181
25497,3.1495627588641826,42.14135890972218
25498,6.3202748685372425,39.88931768047443
25499,2.7319952314861773,52.78353156906633
25500,1.293458742297586,45.59179903929589
25501,-93.94111593508158,29.865952648743896
25502,21.573363033469636,59.04442125944101
25503,24.192571139749454,40.15960828401964
25504,16.300547239454346,54.19048309389638
25505,0.7866958364800467,48.223888679062995
25506,3.1570163355998386,51.442931833715676
25507,24.20162044937737,39.166210356495675
25508,11.24694859369677,57.284407058721136
25509,-122.5007152776166,47.339558954922396
25510,-78.84573119117874,25.38387549766625
25511,-3.774040638849527,48.04008139684853
25512,101.42492226018217,10.315768896879284
25513,12.36815775782158,56.31157347120812
25514,-9.55041953425973,39.47166955876161
25515,-123.21750972144342,38.98043139688348
25516,115.67433796611407,-32.0435946504593
25517,-64.63171831000001,-15.7817878
25518,-73.94686503447882,40.075024520055244
25519,11.757387745718038,41.29274710956912
25520,12.80355362436844,54.6750796725487
25521,2.712579742531984,50.16015413932954
25522,10.86069091787485,53.94371974789423
25523,0.9957380682180988,51.26907121892273
25524,115.66483905859981,-31.93847130795612
25525,12.566879135919109,39.58326636373797
25526,-122.75406064455197,35.546508533458876
25527,13.781679507350919,39.29103808748599
25528,0.49181145199433585,39.01865920440412
25529,14.450000716976605,37.65868210496663
25530,6.789144069481293,54.193360160511865
25531,4.358703612505133,51.438533503050856
25532,1.8041356742953087,51.33742695987974
25533,6.179899270690505,54.081978663430654
25534,3.763982764958891,52.43754545226063
25535,-0.015002053946889781,50.436541979228835
25536,3.8232200884173966,52.57759525294056
25537,104.30436076498844,7.885898639646918
25538,6.7891361645106665,53.26481146921255
25539,1.1831390412063498,50.72899060768782
25540,1.1831390412063498,50.72899060768782
25541,5.8808539005715135,52.50952611315785
25542,104.71098036248142,9.405685101778438
25543,4.198772554555579,52.373821731931
25544,-0.9619236637871488,49.24046300872231
25545,-2.9490582186150784,48.108059483743375
25546,23.69983464895576,37.68865410637834
25547,123.49711563310906,29.434952579101505
25548,7.593924554086161,53.71900384772623
25549,6.962565346549832,53.12640930643254
25550,2.88915092400768,51.221359979214164
25551,27.27317221999999,-28.296697406666684
25552,5.233149210575796,40.777516132812465
25553,5.337372466625903,53.72214037364752
25554,136.3410391455885,34.751389166251805
25555,9.613453938282216,41.5558615517854
25556,2.4920498348195697,51.6389518735565
25557,-102.44073507213612,17.366642238658898
25558,24.333373774405633,38.31532346578151
25559,2.3702031981086606,39.18021124747718
25560,29.46792745591155,40.712426040664816
25561,0.03814009798295655,39.28519963385522
25562,9.228858025249284,40.02588381301126
25563,4.950984059959232,52.93800966241225
25564,-15.361523391499395,28.295407801359623
25565,2.5135089025711066,51.81859959211323
25566,-5.649181447662267,38.50733223632784
25567,2.393185219598071,37.86758495268221
25568,174.35887646942044,-41.36913995507248
25569,174.11083072643223,-40.701394078651134
25570,4.214031543555999,51.4002478277995
25571,3.348196078292475,51.4638456862604
25572,-1.282788863813938,49.52533657386402
25573,-122.44304987338447,47.34506786491647
25574,4.603401627288293,52.68625709478688
25575,9.25924204707025,43.97674230231194
25576,-17.507907267937288,40.51702293613303
25577,138.4803005647089,35.052034304358685
25578,-7.870120691004563,45.1471309154338
25579,5.691830609001881,53.71562109388103
25580,-3.796556855305113,49.645549356345676
25581,-8.080622943810592,44.07748080321608
25582,-7.386218217390772,43.942552498267816
25583,-0.9939070864559735,39.73004739827692
25584,-4.7156056977980345,35.88513669155734
25585,9.817933736882678,42.081049512051976
25586,3.5590516546399686,51.74838334075401
25587,-5.9019503688727095,44.56312722790974
25588,-77.39137799696897,36.232290330596335
25589,1.227603281786626,47.183170365437334
25590,10.523450226786045,42.23844883121131
25591,0.964459052621884,50.77618636219416
25592,-0.8333478457577546,49.59848489270381
25593,13.037171055733204,56.37824743493866
25594,3.266531135715496,39.11522873262645
25595,10.130450646177467,57.378088702138065
25596,4.5829699819925205,52.12084395469128
25597,-0.03189316085120219,50.55582604719821
25598,-16.452550970990487,25.494111424319087
25599,-8.984462873571433,51.07537415261904
25600,124.5043825750239,-33.09611712687027
25601,18.238014320954093,57.066070002098094
25602,-0.6087074038321364,52.100709005643324
25603,-79.81119673774697,27.88461557682081
25604,-1.3793156876444141,48.75939211794334
25605,9.733610213821414,55.54649564393355
25606,32.2139716916667,35.19815110833333
25607,-10.906508426775046,33.832846456063905
25608,-8.188938739927309,42.46600269591327
25609,-74.36874206048516,27.67030233000831
25610,2.376864586381981,52.50401820405513
25611,31.93141961289689,35.46494393520855
25612,5.219481858172026,52.97298096166878
25613,4.565425854169115,51.95607293368211
25614,0.58185688387496,51.01776125495799
25615,13.36750337986304,56.84560330072474
25616,-1.5620390049440482,50.45735744639601
25617,18.292109000805354,40.55820580677951
25618,138.33608732796645,34.53677820012354
25619,-3.1463683723932836,49.596993106339276
25620,10.18626082755844,55.281366726967256
25621,121.58524011817207,26.241502337090242
25622,-4.308511992160491,48.78545772212995
25623,-7.8492399480173525,38.21030264172678
25624,-2.306161725987972,50.03063574294937
25625,1.7103990792106942,49.961280450748255
25626,7.572969127664486,53.763795778365704
25627,2.4325459006086607,39.18578190747718
25628,3.5130029289859532,53.48646675930941
25629,3.1495221796975166,42.14003826722219
25630,24.312759723738967,38.31998652911484
25631,-77.39137799696897,36.232290330596335
25632,29.46792745591155,40.712426040664816
25633,126.81855581584492,36.84824588696273
25634,0.3812296321637173,38.973358514481326
25635,11.248296153696769,57.28743325872114
25636,-46.768648435446984,-24.321341164067945
25637,-79.80942639415723,27.88710917938492
25638,13.866657318445764,39.559732373959186
25639,-77.30930510837084,34.090378991714786
25640,12.566879135919109,39.58326636373797
25641,8.481029867984093,53.75003464472943
25642,9.18674524696044,40.03284985487035
25643,13.610110047372011,40.00178454120747
25644,5.5004503439091295,40.79172447947913
25645,-122.44304987338447,47.34506786491647
25646,9.2733573946893,43.9845816846532
25647,4.507030983966205,52.13334943560815
25648,6.273618988537241,39.89823108047444
25649,4.565425854169115,51.95607293368211
25650,2.7319952314861773,52.78353156906633
25651,1.293534637581786,45.590968565079386
25652,110.94787377829012,-18.373539468662784
25653,-93.94130320806075,29.866002439149902
25654,29.283772328840058,40.84544922758102
25655,2.1575217910051565,52.66711525939108
25656,21.495406844580742,59.00869004277434
25657,24.198547806323532,40.172263641519635
25658,-0.56248488414571,50.02544543911242
25659,16.52632831126759,54.20767662212266
25660,0.7866968814800466,48.223888905729666
25661,152.62822876842543,-29.400034625802988
25662,24.200027649377365,39.16629745649568
25663,-122.5007152776166,47.339558954922396
25664,-3.7723024755161934,48.04774605018186
25665,-78.8878794245121,25.348347130999585
25666,3.766086864958891,52.43809695226063
25667,101.42438795780122,10.317989339736423
25668,-123.26128470132439,38.99381106962158
25669,-64.62546999999999,-15.787446899999997
25670,115.67433448694742,-32.0435949067093
25671,-7.397454055724105,43.998323231045596
25672,-73.94763568343323,40.08254314152537
25673,12.797360881035111,54.65962899588205
25674,2.712579742531984,50.16015413932954
25675,10.86069091787485,53.94371974789423
25676,0.8939561149480169,51.271561963426954
25677,115.6647519916439,-31.938445065801158
25678,134.5870705566066,36.790482403792986
25679,-91.81659705644077,26.971110314378084
25680,14.470575113012208,37.666053174643
25681,1.8336057519363342,51.34965107139256
25682,4.358703612505133,51.438533503050856
25683,6.706743920181964,54.16478429930326
25684,6.2604834596312875,54.2052940048684
25685,-0.015002053946889781,50.436541979228835
25686,3.833026402003024,52.58068016863629
25687,4.486999961173093,52.79901759028359
25688,104.08315267165331,7.8310193322955195
25689,2.355477079121881,37.86637861934887
25690,1.1831393941593027,50.728991150455585
25691,1.1831393941593027,50.728991150455585
25692,5.8808539005715135,52.50952611315785
25693,4.191562880210599,52.36352623963566
25694,104.71323656664808,9.395626893445105
25695,5.1919534855394405,52.961142876669875
25696,23.93819809896092,37.617579022412095
25697,-2.9419469102817453,48.10644425041004
25698,13.436317207533703,39.37954747290873
25699,138.33545492796645,34.536130100123536
25700,6.962565346549832,53.12640930643254
25701,7.561528547722526,53.6848394104535
25702,116.08769881753783,6.042445752487892
25703,-7.896946999646538,45.22487966481652
25704,12.382482375909817,56.33831747640421
25705,-0.7420489914267562,49.632356374826124
25706,6.782307884510667,53.26383699921255
25707,2.88915092400768,51.221359979214164
25708,-15.36152235935654,28.295407164454858
25709,-8.987838246294178,51.12870713800634
25710,4.171731398532391,53.659576224173385
25711,123.6306803914424,29.52628329576817
25712,-102.41889649655513,17.356159891213217
25713,2.46400922981957,51.63673344355649
25714,-5.9080616906309515,44.55821105685266
25715,0.04328365309430705,39.287729251624626
25716,-8.080038340477259,44.070935306549416
25717,9.61104704358912,41.55477521875045
25718,-9.171404412328156,35.40792637978439
25719,31.971281912896888,35.39666973520853
25720,-1.6273740089660027,49.282895438367426
25721,27.27368079999998,-28.29899445000002
25722,-3.6905529972576896,49.71037977308917
25723,-4.8188158703997965,35.79121054926663
25724,174.3634621294204,-41.36188865007247
25725,-17.470860614740012,40.629366743548
25726,3.188070653864013,39.08238795730177
25727,1.218518666508848,47.177330300159554
25728,-1.5620390049440482,50.45735744639601
25729,10.130450646177467,57.378088702138065
25730,-74.36074809049902,27.601151022803585
25731,12.528586469862544,55.083762067426925
25732,138.4725080647089,35.05053090435869
25733,2.506682282571107,51.81940509211322
25734,32.25848209166669,35.11941070833329
25735,121.4073190769022,26.15115539670134
25736,5.789064857907814,53.76861561445372
25737,10.180401976909089,55.28882484125295
25738,-5.649181680995599,38.507332171479355
25739,-3.1507733344797493,49.58527493348213
25740,12.416018618431611,56.24619862422439
25741,4.952321159959231,52.93852306241225
25742,0.964459052621884,50.77618636219416
25743,-1.1238086756119716,39.53145792830917
25744,-109.25562793288442,25.295576175796242
25745,3.531442599182575,51.72535684488309
25746,124.50674071946837,-33.09552033798138
25747,-1.2594696912608194,48.72532938137325
25748,0.20120960978527463,39.52949957773726
25749,27.271447619999986,-28.301410206666688
25750,18.48285455440214,57.19176395394021
25751,136.31561940242628,34.746338699405385
25752,-0.9894324546962396,49.24327010940412
25753,1.7168941585177704,49.96399840357715
25754,174.16138291799206,-40.716881622881914
25755,3.1570163355998386,51.442931833715676
25756,9.766824903690996,55.498768989096085
25757,-0.10102024430271964,50.54532280848664
25758,-10.873973831768046,33.7849296065471
25759,-8.47739203215675,42.3196255663678
25760,4.21129611498457,51.40444308494236
25761,0.6347950270263789,52.1787796104524
25762,18.24277087580535,40.522909015112845
25763,2.376864586381981,52.50401820405513
25764,5.289436742779749,53.70865811584532
25765,0.5696655101375862,51.02054968627112
25766,13.93803862647763,57.2071916961688
25767,-54.162755296511634,35.71511412899231
25768,-2.355135486085283,50.031697103194965
25769,-16.46579193099048,25.36955199431908
25770,9.817933736882678,42.081049512051976
25771,128.10178292724186,36.48256866142639
25772,4.603896243954959,52.686485544786876
25773,3.348196078292475,51.4638456862604
25774,-4.297029758827158,48.792298488796625
25775,10.46033115055376,42.312989646616714
25776,-7.848688928786584,38.20949415518832
25777,5.5004503439091295,40.79172447947913
25778,13.436317207533703,39.37954747290873
25779,110.9478733949568,-18.3735389079485
25780,13.610110047372011,40.00178454120747
25781,2.4163869506086604,39.19351302747718
25782,-79.80942639415723,27.88710917938492
25783,3.512986938387663,53.48647493665983
25784,-75.83926571445252,35.40019556755018
25785,18.48285455440214,57.19176395394021
25786,-9.125663212328158,35.44403617978439
25787,12.566879135919109,39.58326636373797
25788,104.07413619040331,7.826353355212185
25789,4.336510898532391,53.74863357417338
25790,2.88915092400768,51.221359979214164
25791,0.3759178721637172,38.97501540781465
25792,138.72527797154936,35.19261369454532
25793,29.283772328840058,40.84544922758102
25794,152.63062876842542,-29.402621325802993
25795,2.3611105957885474,37.86181903601553
25796,-122.92440804269951,35.55135288059452
25797,116.08769485087117,6.042442835821228
25798,-102.42411728512657,17.357508750260834
25799,2.46442550981957,51.63521622355649
25800,9.614185738282217,41.55568475178539
25801,-7.914559099646538,45.29543456481652
25802,-5.6490845809955985,38.50726580481269
25803,174.1423785579921,-40.738431882881905
25804,-122.44304987338447,47.34506786491647
25805,9.312226627106503,43.978944183651485
25806,126.79127315751161,36.87732857029606
25807,0.20120960978527463,39.52949957773726
25808,4.507029642299539,52.13334943560815
25809,4.565425854169115,51.95607293368211
25810,6.27494058853724,39.89806158047443
25811,2.7319952314861773,52.78353156906633
25812,-1.2696884374016435,49.74986934924177
25813,1.2935345476813815,45.590966774690344
25814,-93.94130320806075,29.866002439149902
25815,2.1575217910051565,52.66711525939108
25816,21.492279833469635,59.00610775944101
25817,24.07160743558279,40.11710852151964
25818,16.5263287728459,54.20767623248411
25819,0.7866965064800467,48.22388920572966
25820,27.276122419999993,-28.29670660666669
25821,27.277468599999985,-28.29475645000002
25822,24.20162044937737,39.166210356495675
25823,-122.5007152776166,47.339558954922396
25824,-79.02607289117877,25.517754697666245
25825,-17.470860614740012,40.629366743548
25826,-46.76903414044698,-24.321022337401278
25827,31.606432790990933,36.23197487364703
25828,11.248296153696769,57.28743325872114
25829,5.19842176311708,52.953798125405044
25830,-3.7614470134785694,48.056180133754715
25831,101.4233945078012,10.316752639736427
25832,10.130450646177467,57.378088702138065
25833,3.451937227932575,51.63181846363309
25834,115.67433448694742,-32.0435949067093
25835,-123.25960851799105,38.995009726288245
25836,-64.62960280000001,-15.786001999999998
25837,-73.94727519009989,40.082594728192035
25838,3.1492751296975166,42.14202514722218
25839,12.788111761035111,54.66528373588204
25840,13.866657318445764,39.559732373959186
25841,10.86069091787485,53.94371974789423
25842,2.712579742531984,50.16015413932954
25843,0.7929180845198066,51.24253276670382
25844,115.66475379164389,-31.938444665801157
25845,134.58835055660663,36.78773990379299
25846,-16.453925830990485,25.507978094319082
25847,3.763982764958891,52.43754545226063
25848,-75.63266526300343,38.398815128125655
25849,14.468130691583633,37.66634586630967
25850,1.8529458021115517,51.35948306663132
25851,4.358703612505133,51.438533503050856
25852,138.33608732796645,34.53677820012354
25853,-91.81988645644074,26.984206414378086
25854,6.763088103954417,54.16851430246671
25855,6.326184194591604,54.213458864679126
25856,0.024830170468634026,50.45009287031085
25857,4.486999961173093,52.79901759028359
25858,-109.22718392888135,25.325813822261836
25859,3.1570163355998386,51.442931833715676
25860,3.8350913611696904,52.58082837113629
25861,104.71125007914809,9.403666235111771
25862,4.17410934498372,52.32997170476264
25863,5.8808539005715135,52.50952611315785
25864,8.487249054650759,53.761251196396096
25865,24.31372701182675,37.51050278146298
25866,1.160252510229564,50.721741176427905
25867,1.160252510229564,50.721741176427905
25868,-2.936592818853174,48.113531008981475
25869,123.4970945914424,29.434951395768167
25870,-15.361522320070826,28.295407301359617
25871,7.56415191733037,53.68506467712016
25872,128.10178292724186,36.48256866142639
25873,-1.5620390049440482,50.45735744639601
25874,-0.7373670380934227,49.64106563010391
25875,-4.813540778733128,35.78889622426663
25876,-1.307336175876204,48.79876645188607
25877,17.873264783783252,57.395426298897526
25878,2.506682282571107,51.81940509211322
25879,3.2114186493185586,39.09416865275632
25880,4.2210702435559995,51.39871222779951
25881,6.962565346549832,53.12640930643254
25882,24.32533749040563,38.31934379578151
25883,4.949801859959232,52.93762626241225
25884,138.4803005647089,35.052034304358685
25885,-74.3508681421199,27.588177340648514
25886,-5.906744924963979,44.559118119959685
25887,5.789064857907814,53.76861561445372
25888,31.972789912896886,35.39372573520855
25889,-1.6375772225250607,49.28455676403976
25890,-7.846919928786584,38.20875665518832
25891,10.188908182464646,55.28882320791962
25892,-7.338607980724105,43.90186716437893
25893,-3.1507732630511787,49.58527607633928
25894,-3.632635185623014,49.71309854520725
25895,121.55851437253712,26.298263298764834
25896,-4.297029758827158,48.792298488796625
25897,10.466227460902596,42.31769866064773
25898,12.333411118431613,56.212041064224394
25899,0.964459052621884,50.77618636219416
25900,-1.1246320556119715,39.53370140830917
25901,-8.94139770108698,51.109200952326454
25902,3.348196078292475,51.4638456862604
25903,0.043618953094307036,39.28788440162462
25904,-0.989432553643608,49.24326926001816
25905,2.376864586381981,52.50401820405513
25906,124.50374687502392,-33.096705126870276
25907,12.528586469862544,55.083762067426925
25908,9.765057170357661,55.492529989096084
25909,-8.085184737857999,44.05461274655681
25910,-0.091926429729567,50.54654360164439
25911,-10.913644860339476,33.75796522083282
25912,-54.163629483178305,35.71384338232564
25913,-8.705774207138923,42.010793782161024
25914,136.30755911357556,34.73983431736664
25915,9.817933736882678,42.081049512051976
25916,18.297853000805354,40.56064658177951
25917,174.36454936942042,-41.35880513007247
25918,5.289436742779749,53.70865811584532
25919,0.48365010061377667,50.98901632912826
25920,14.154684727278994,57.394419247082645
25921,6.785488864510667,53.26427996921256
25922,-2.355135486085283,50.031697103194965
25923,1.7168946585177702,49.963998026654075
25924,1.4955287109987814,51.9821179191309
25925,14.358313722524809,40.01167477939686
25926,4.60782838374174,52.670544662270885
25927,32.2583050916667,35.11944010833331
25928,1.2212974526199591,47.17681773627066
25929,-7.911913999646538,45.30267126481651
25930,24.32533749040563,38.31934379578151
25931,4.327224556865724,53.74529580750672
25932,126.77458998084494,36.87629521362939
25933,-9.57442102429527,39.71977572277033
25934,3.1570163355998386,51.442931833715676
25935,29.46792745591155,40.712426040664816
25936,12.331532718431616,56.2110387642244
25937,13.436317007533702,39.37954777290873
25938,-46.769455640446985,-24.321146537401276
25939,3.149701129697516,42.14194304722218
25940,-75.83926931445252,35.39688506755018
25941,2.407709842672152,39.1932031465248
25942,5.19842176311708,52.953798125405044
25943,29.283772328840058,40.84544922758102
25944,4.047460293818826,52.147494005212735
25945,1.237280952619959,47.18942233627065
25946,110.94446015067113,-18.374263143662787
25947,-3.6021278065643214,49.72825053736673
25948,5.275444343909129,40.788452849479135
25949,-1.3819005504858992,49.716572620594576
25950,0.37710484913341424,38.97454120539041
25951,152.6327636017588,-29.400483892469655
25952,24.20162044937737,39.166210356495675
25953,13.866657318445764,39.559732373959186
25954,12.566879135919109,39.58326636373797
25955,134.5941042566066,36.790655803792994
25956,6.763087944142303,54.1685147562156
25957,1.8727729559738038,51.37703768473254
25958,0.02486082046863404,50.4500722258664
25959,4.486999961173093,52.79901759028359
25960,6.300885594591603,54.21414266467913
25961,3.8350913611696904,52.58082837113629
25962,104.06782060516089,7.830947331272792
25963,1.164195312964584,50.72032048420464
25964,1.164195312964584,50.72032048420464
25965,104.71278656248141,9.405557601778439
25966,4.17410934498372,52.32997170476264
25967,24.3474800433926,37.53159518565237
25968,5.8808539005715135,52.50952611315785
25969,-2.936593127186507,48.113532242314804
25970,7.559997757027338,53.67991739772623
25971,6.962565346549832,53.12640930643254
25972,14.359142622524807,40.01224447939687
25973,116.08770935087118,6.042467835821226
25974,2.4236312799155315,37.852029808833
25975,6.791807614510667,53.26540431921255
25976,2.46442550981957,51.63521622355649
25977,-102.42516148512658,17.357744650260834
25978,10.182681465797979,55.28054362458629
25979,-5.649084447662266,38.507265951479354
25980,174.14347679309893,-40.73669936198447
25981,9.613453938282216,41.5558615517854
25982,138.72652037154936,35.19419399454532
25983,10.130450646177467,57.378088702138065
25984,-122.44304987338447,47.34506786491647
25985,9.334114688414013,43.963124275502324
25986,4.507030071466204,52.13334991806847
25987,6.331404532341922,39.896791878813126
25988,4.565425854169115,51.95607293368211
25989,2.7319952314861773,52.78353156906633
25990,1.2934699512528098,45.59176019183321
25991,27.273172419999987,-28.29669750666669
25992,-93.94130320806075,29.866002439149902
25993,2.1575217910051565,52.66711525939108
25994,21.49225613346964,59.00193845944101
25995,24.062224848082796,40.12041754651964
25996,16.300514639454345,54.190473593896385
25997,0.7866960364800467,48.22388852906299
25998,-79.03227659117876,25.51295559766625
25999,-122.5007152776166,47.339558954922396
26000,0.20120103286219773,39.52950286235264
26001,11.253929112030102,57.30083886705447
26002,-3.7511136922664488,48.13472057617895
26003,101.42433220780121,10.316811639736427
26004,2.508933282571107,51.81896289211322
26005,-109.22409806703365,25.32827177856483
26006,3.451936773389968,51.63181900950401
26007,-7.338607980724105,43.90186716437893
26008,-64.63355270000002,-15.781306700000002
26009,-123.27336127780178,39.079247389095805
26010,3.763982764958891,52.43754545226063
26011,115.67433614603831,-32.04359803398203
26012,-73.94733119009989,40.081503228192034
26013,-5.906744679780766,44.559117347854006
26014,27.27539159999998,-28.293903550000017
26015,12.80921180663035,54.69711410945345
26016,-0.7410659252687469,49.63976619877273
26017,2.712579742531984,50.16015413932954
26018,17.877050063783255,57.396673038897525
26019,-79.81032459415722,27.884374579384918
26020,-77.31036909927992,33.87092560119531
26021,0.8423058654783186,51.35185460533351
26022,-15.361523491499394,28.295407801359623
26023,-8.126011434185202,43.93802638179963
26024,2.88915092400768,51.221359979214164
26025,-4.790117387066462,35.80209963259996
26026,115.66475379164389,-31.938444665801157
26027,123.49711564144239,29.43495299576817
26028,10.86069091787485,53.94371974789423
26029,138.4803005647089,35.052034304358685
26030,31.974475512896884,35.387044435208544
26031,-122.93463578436617,35.54968440559452
26032,-3.1370388210511777,49.59219449200594
26033,32.260734191666685,35.114957708333314
26034,-7.659770448017352,38.15411234172678
26035,138.33608732796645,34.53677820012354
26036,-75.63266526300343,38.398815128125655
26037,5.885837805590537,53.81105825504548
26038,-1.9096186117548486,49.08100070140267
26039,0.964459052621884,50.77618636219416
26040,124.50438508613497,-33.096115604648055
26041,3.348196078292475,51.4638456862604
26042,-1.1207404556119718,39.53039180830917
26043,-8.961990380544794,51.14118155184769
26044,-1.1872484618645394,48.832577334393264
26045,18.37142156133721,57.14130864073673
26046,8.48782505465076,53.76173349639609
26047,12.542219236529208,55.08917860076026
26048,174.35032316942042,-41.364829155072464
26049,-17.74607952845089,40.40065998964835
26050,-8.623011297138923,41.84025156216103
26051,0.04468047309430712,39.287674201624625
26052,2.376864586381981,52.50401820405513
26053,5.289436742779749,53.70865811584532
26054,0.4860374006137767,50.98898537912826
26055,-10.839231660339472,33.80661432083282
26056,-1.5620390049440482,50.45735744639601
26057,1.710149979210694,49.961316350748255
26058,18.293519963305354,40.559755594279515
26059,128.10178292724186,36.48256866142639
26060,4.558211600176514,52.654106443407706
26061,3.2701442413519,39.13537201852188
26062,-0.01144402371452943,50.54260989103454
26063,14.314182906326614,57.49880159041597
26064,-4.279667516695955,48.77592617811397
26065,10.466227460902596,42.31769866064773
26066,-2.3551349360852827,50.031696853194966
26067,136.3086499469089,34.73829410198202
26068,-0.9843229184055127,49.25254824573244
26069,-16.454377500990486,25.50046378431908
26070,4.214349843555999,51.40022502779951
26071,1.6729168818462385,51.89385536938514
26072,14.466139691583635,37.667192679643
26073,9.817933736882678,42.081049512051976
26074,4.358703612505133,51.438533503050856
26075,9.77073174535766,55.49128211409609
26076,4.950984059959232,52.93800966241225
26077,-54.08425825460687,35.86050835375421
26078,121.68477364729904,26.447397839907694
26079,-74.40283814264015,27.519781613006252
26080,138.72652037154936,35.19419399454532
26081,-2.670907796104522,50.147477409860386
26082,2.88915092400768,51.221359979214164
26083,12.566879135919109,39.58326636373797
26084,12.771004523487063,54.76209445047283
26085,-8.044741220851868,44.165359935132955
26086,29.283772328840058,40.84544922758102
26087,-1.5785533996858012,49.6489155515347
26088,3.1570163355998386,51.442931833715676
26089,19.688942742616035,37.75472945558821
26090,-46.76864869044699,-24.321340954067946
26091,13.436317207533703,39.37954747290873
26092,17.840146508783256,57.371752083897526
26093,3.149522201919739,42.14003846246029
26094,7.572969127664486,53.763795778365704
26095,-2.936592818853174,48.113531008981475
26096,-75.69216940850328,10.639928077535693
26097,2.2616083822525725,39.205731650569085
26098,29.46792745591155,40.712426040664816
26099,31.640396590990918,36.17678267364703
26100,27.26874179999999,-28.302927400000016
26101,2.3774046799155317,37.850916508832995
26102,-77.33761429430659,33.933097510184275
26103,0.8676213409089809,51.40250423395602
26104,115.66477048708873,-31.93839147456599
26105,134.3423816566066,36.71983680379299
26106,13.88818535160541,39.6278109468526
26107,14.4705746582503,37.66605328297633
26108,1.9189306161966544,51.419902353138944
26109,4.341691412505134,51.44969910860641
26110,6.295979059548867,54.19541764651676
26111,0.053491151402699944,50.4696789298957
26112,6.70674370013923,54.16478463607677
26113,4.486999961173093,52.79901759028359
26114,3.8454053645282182,52.587297956946344
26115,104.08029181278731,7.840243235204782
26116,104.71486062914809,9.395069168445106
26117,24.70899327031407,37.45825160753013
26118,1.1291971397105505,50.70546703669233
26119,1.1291971397105505,50.70546703669233
26120,5.8808539005715135,52.50952611315785
26121,4.186201620002035,52.33723340476263
26122,7.560571550663703,53.6854394604535
26123,6.962565346549832,53.12640930643254
26124,18.194794509987002,57.05678142401172
26125,116.08770140039496,6.042458482487893
26126,4.3737804985323905,53.761685824173384
26127,-102.41889649655513,17.356159891213217
26128,-7.338607980724105,43.90186716437893
26129,-75.60627267247546,38.41868098963925
26130,110.94787346495681,-18.3735390579485
26131,0.11265313868784141,39.5262282492721
26132,5.501257896909129,40.791198748479125
26133,-5.6490845809955985,38.50726580481269
26134,174.14614168376747,-40.74155606887121
26135,3.766086864958891,52.43809695226063
26136,-122.44304987338447,47.34506786491647
26137,9.340032953414015,43.95880577050232
26138,9.638991668912139,41.56363094205727
26139,6.374884068294302,39.89209753897187
26140,4.457028635632872,52.14317854227482
26141,4.565425854169115,51.95607293368211
26142,9.197984563627108,40.08954163820367
26143,1.2939069156602179,45.59168386464802
26144,10.130450646177467,57.378088702138065
26145,-93.94196875458577,29.866470977884354
26146,-109.68353222349249,24.970146620899083
26147,-79.07065322451211,25.44557383099958
26148,2.133078500399954,52.66700851454481
26149,21.495328933469633,59.00884210944101
26150,24.337916752249452,40.22832955485297
26151,-3.465721742908859,49.797367323956365
26152,16.52632831126759,54.20767662212266
26153,0.7866968814800466,48.223888905729666
26154,152.62946376842544,-29.40500402580299
26155,24.200027649377365,39.16629745649568
26156,27.269740899999984,-28.29885525000002
26157,10.035322752862943,41.982648281077466
26158,-122.5007152776166,47.339558954922396
26159,14.312791498514082,40.05055884196796
26160,11.253929112030102,57.30083886705447
26161,-3.747565106552163,48.21530158332182
26162,101.42289460780123,10.317254039736424
26163,-5.911236813217947,44.55602751742272
26164,9.797785756872813,55.50895593045973
26165,-15.361522153776594,28.29540885447747
26166,3.4103939179325744,51.597456263633084
26167,-123.27027931457127,39.08975740645443
26168,115.67432474184253,-32.043594567455216
26169,-64.6266568,-15.787429499999995
26170,0.35964455117412486,38.96583690403051
26171,-5.245161061135727,35.57843209718868
26172,-73.94739819009989,40.08183692819204
26173,-79.80942639415723,27.88710917938492
26174,-16.466817624323813,25.32663604765241
26175,-123.04420212459061,35.55456686605094
26176,138.33545492796645,34.536130100123536
26177,32.009384412896864,35.327024935208534
26178,-17.769294565592812,40.497936515894416
26179,138.46044643235598,35.040902610241034
26180,2.506682282571107,51.81940509211322
26181,32.30256969166667,35.03931170833331
26182,0.4828430451440213,50.99448203176018
26183,-7.8396641635285995,38.186097973108055
26184,5.885837805590537,53.81105825504548
26185,-2.2993936061229605,48.7697147219866
26186,4.884055730617783,52.81824013863662
26187,121.68509596856887,26.452756080034675
26188,136.30724891623794,34.735338422502416
26189,0.964459052621884,50.77618636219416
26190,10.150386806244253,55.285305432502554
26191,-9.089600515640704,41.609641546702235
26192,-1.0985671127331837,39.516891593763724
26193,12.842089323297019,54.72989779278683
26194,128.10178292724186,36.48256866142639
26195,4.952321159959231,52.93852306241225
26196,2.4699466583909984,51.653831443556484
26197,9.817933736882678,42.081049512051976
26198,-8.927571728942228,51.15165772165539
26199,124.50674071946837,-33.09552033798138
26200,12.530393266353771,55.08661043584798
26201,123.62956025781342,29.526022108240454
26202,2.7319952314861773,52.78353156906633
26203,174.3635154694204,-41.36281353007247
26204,2.712579742531984,50.16015413932954
26205,3.2732679835656033,39.12220250428093
26206,-10.620154075101377,33.920649726547104
26207,6.788260084510667,53.26399819921256
26208,3.3533255749591415,51.46841306292706
26209,-0.9673445580887707,49.2611241666245
26210,-0.7334887056770646,49.63612542430279
26211,-1.1879486618645394,48.83343113439326
26212,-0.11317359943400054,50.53966926363125
26213,-0.13836535353127044,39.15438030894357
26214,4.21129611498457,51.40444308494236
26215,2.058157944999478,51.85132297436202
26216,2.376864586381981,52.50401820405513
26217,8.535101928673232,53.84217744429518
26218,5.289436742779749,53.70865811584532
26219,10.86069091787485,53.94371974789423
26220,14.48620037644566,57.59963673529693
26221,-54.163036083178305,35.71280968232564
26222,1.7168941585177704,49.96399840357715
26223,18.238295500805354,40.51749538177951
26224,4.379450596327531,52.6036470215676
26225,1.2158142779783823,47.17438875266851
26226,-4.268185283362623,48.78276694478064
26227,10.448139811175462,42.346876358905085
26228,-2.355135486085283,50.031697103194965
26229,-75.83728761445252,35.39991376755018
26230,-3.046898840210841,49.61472512576224
26231,-74.39385673155707,27.518566985714777
26232,12.771004523487063,54.76209445047283
26233,29.46792745591155,40.712426040664816
26234,2.2508734433636834,39.183052176791314
26235,-7.297279345695227,35.395272435254554
26236,18.089550891677362,57.00249858596153
26237,-3.465721742908859,49.797367323956365
26238,2.407925436910745,37.85559787027501
26239,-8.04457416585187,44.16507044013296
26240,-9.65300861688861,39.87103339622043
26241,132.1743871678078,-35.76428824805594
26242,138.6912265250587,35.19875993014561
26243,2.88915092400768,51.221359979214164
26244,13.88818535160541,39.6278109468526
26245,12.566879135919109,39.58326636373797
26246,4.360010098532391,53.744606374173394
26247,0.11265313868784141,39.5262282492721
26248,126.77060572388979,36.8644199987576
26249,2.133078500399954,52.66700851454481
26250,-122.5007152776166,47.339558954922396
26251,-46.76903414044698,-24.321022337401278
26252,11.253929112030102,57.30083886705447
26253,-79.04203589117877,25.438293197666244
26254,101.42342130780122,10.316750539736427
26255,-3.7408139305997823,48.27973125617895
26256,3.451935300154797,51.63181837891086
26257,-123.27409589028555,39.09235791931158
26258,115.67432211525265,-32.04359332330775
26259,-64.62960260000001,-15.786001599999997
26260,-73.94727519009989,40.082594728192035
26261,13.436317007533702,39.37954777290873
26262,12.863284653297017,54.75623517278684
26263,2.712579742531984,50.16015413932954
26264,-77.31971082267869,33.898633438323806
26265,0.8649959637061397,51.48704543813346
26266,115.66475458994587,-31.93837121028027
26267,134.34366165660663,36.71709430379298
26268,4.046832193818826,52.14842570521274
26269,110.94876326495681,-18.373408557948498
26270,14.44555466924191,37.705760146104815
26271,1.9147056411966545,51.41759528647228
26272,4.341691412505134,51.44969910860641
26273,6.763087883911683,54.168514639240215
26274,6.276046335937757,54.193667245127855
26275,0.06394118390269994,50.4740462073957
26276,4.486999961173093,52.79901759028359
26277,3.8454053645282182,52.587297956946344
26278,0.4828430451440213,50.99448203176018
26279,104.04472549858275,7.93044653653054
26280,1.1291970397105504,50.705466636692336
26281,1.1291970397105504,50.705466636692336
26282,104.71286485831477,9.403120726778438
26283,123.49597445781343,29.43469020824045
26284,5.893922487192198,52.52791679134762
26285,-1.5620390049440482,50.45735744639601
26286,25.42176053908928,37.2471319807333
26287,-2.9365925858782633,48.11353109052269
26288,4.1862016516503875,52.337233304762634
26289,-54.163629483178305,35.71384338232564
26290,7.563138917330369,53.685685977120166
26291,6.962565346549832,53.12640930643254
26292,121.99593080587049,26.694030065431498
26293,116.0876966337283,6.042454165821227
26294,27.272222699999993,-28.296768200000024
26295,4.9291457756406105,52.130538129607665
26296,9.194886833627109,40.11355100320366
26297,10.151749006244252,55.28588903250255
26298,-102.42411728512657,17.357508750260834
26299,5.27567729690913,40.78860834847913
26300,-5.6490845809955985,38.50726580481269
26301,-75.60627267247546,38.41868098963925
26302,174.14342591998542,-40.737742291307114
26303,4.862984879674132,52.80027965348186
26304,-122.44304987338447,47.34506786491647
26305,9.500684190586556,43.92015296215784
26306,4.949801859959232,52.93762626241225
26307,-75.69216940850328,10.639928077535693
26308,4.457027439799539,52.14317880616372
26309,4.565425854169115,51.95607293368211
26310,0.3469302814771553,38.9643711949396
26311,6.521202398193719,39.85228642818113
26312,136.30724891623794,34.735338422502416
26313,9.63876844391214,41.56351665872394
26314,12.517104601534925,55.0385060371067
26315,-79.81032459415722,27.884374579384918
26316,1.2935347582528103,45.590966709833204
26317,-93.94227973985772,29.86692855226302
26318,19.693022109478783,37.753495547156845
26319,-109.67660799033473,24.974257805782564
26320,29.283772328840058,40.84544922758102
26321,-7.338607980724105,43.90186716437893
26322,27.273962999999984,-28.295503950000022
26323,3.2537874442798893,39.12960718285237
26324,-1.6828999068286583,49.59930417296327
26325,21.495002633469635,59.004391859441
26326,24.320064535582787,40.23063095485297
26327,4.220901843556,51.3987860277995
26328,128.10178292724186,36.48256866142639
26329,138.33608732796645,34.53677820012354
26330,2.44929640340444,51.82202165044656
26331,8.584791046988906,53.909638255543925
26332,-16.498827964323812,25.24800406098575
26333,-9.199730297307369,41.515196375035565
26334,-2.355135486085283,50.031697103194965
26335,0.7866963064800467,48.22388925572967
26336,138.46823893235597,35.04240601024103
26337,152.63254520175877,-29.40220979246966
26338,2.0549784289293562,51.85312578186825
26339,3.1570163355998386,51.442931833715676
26340,16.531915972845905,54.211376232484106
26341,10.86069091787485,53.94371974789423
26342,-10.416479994148999,34.35159908368995
26343,-0.13774385353127047,39.15447215894357
26344,-74.6620100129705,26.97056418963221
26345,32.01927421289686,35.309709735208536
26346,-123.11772281974214,35.55372789858882
26347,4.232685470677314,52.527896416764605
26348,9.710950572894484,55.444261106827106
26349,3.763982764958891,52.43754545226063
26350,32.30986759166668,35.02642640833332
26351,1.2185930640894933,47.173876188779616
26352,-0.10407969639623368,50.54089013497773
26353,14.48639117644566,57.60076043529694
26354,3.3533255749591415,51.46841306292706
26355,-4.2637751293864135,48.78398765226072
26356,10.4141851653217,42.37738638265058
26357,-7.833383682759368,38.18405045964652
26358,2.4703629383909984,51.65231422355649
26359,7.572969127664486,53.763795778365704
26360,1.7168946585177702,49.963998026654075
26361,9.817933736882678,42.081049512051976
26362,2.7319952314861773,52.78353156906633
26363,174.36240546942042,-41.36082403007247
26364,-15.361522553776592,28.29540885447747
26365,10.130450646177467,57.378088702138065
26366,0.9604343526218839,50.777878262194164
26367,-1.0993904927331837,39.51913507376372
26368,-8.92718612894223,51.15888692165539
26369,24.20162044937737,39.166210356495675
26370,124.50374687502392,-33.096705126870276
26371,10.034554052862942,41.97858111441079
26372,-5.248880686135726,35.57687725552203
26373,-0.7036905105122829,49.65675457159577
26374,12.530393266353771,55.08661043584798
26375,-1.1560846599693013,48.85055034235516
26376,5.885837805590537,53.81105825504548
26377,-2.4569082055955445,48.777658689281516
26378,14.313681184228367,40.05100047768225
26379,-3.0468986687822697,49.61472586861938
26380,-17.869274753320088,40.35287039862169
26381,6.791441064510667,53.26444116921256
26382,-0.9671771130887705,49.261520089124495
26383,17.861953668783254,57.38690084389753
26384,-5.90991997591636,44.556934579007304
26385,2.376864586381981,52.50401820405513
26386,-75.83740561445252,35.395933167550176
26387,5.289436742779749,53.70865811584532
26388,18.297853000805354,40.56064658177951
26389,-75.69216940850328,10.639928077535693
26390,-9.538587780411197,39.834760528836426
26391,126.75767145722315,36.86561551542427
26392,4.688005525718089,52.73185334677855
26393,13.436317007533702,39.37954777290873
26394,-102.42516148512658,17.357744650260834
26395,138.69246892505873,35.20034023014561
26396,0.4823816451440214,50.994299031760185
26397,-46.77018084044698,-24.32250323740128
26398,-77.13331277073142,33.941763148929766
26399,-8.728737612328155,35.776478179784405
26400,-7.2972726763683,35.39527253870694
26401,3.512986938387663,53.48647493665983
26402,24.20162044937737,39.166210356495675
26403,0.4690130146350501,39.03066163125539
26404,134.23308965660658,36.65454730379298
26405,5.272111263575796,40.798343801812464
26406,29.46792745591155,40.712426040664816
26407,7.572969127664486,53.763795778365704
26408,17.499689464768768,56.7781741252131
26409,4.565425854169115,51.95607293368211
26410,6.680303397590388,39.84821973932904
26411,1.2938419618242387,45.592476526976064
26412,-93.94227973985772,29.86692855226302
26413,9.61029802317688,41.57976448687509
26414,-109.66313545264082,24.985819762178654
26415,2.133078500399954,52.66700851454481
26416,24.320939248082787,40.23094247985298
26417,29.283772328840058,40.84544922758102
26418,-1.6828999068286583,49.59930417296327
26419,21.49225613346964,59.00193845944101
26420,0.7866960364800467,48.22388852906299
26421,16.300514739454346,54.19047319389639
26422,152.63254520175877,-29.40220979246966
26423,-122.5007152776166,47.339558954922396
26424,-3.6188361280937915,48.817570590510655
26425,3.1570163355998386,51.442931833715676
26426,11.253929112030102,57.30083886705447
26427,101.42524132113455,10.317498926403093
26428,2.4153993869107446,37.85464497027501
26429,3.336897818147573,51.50368742574567
26430,115.6743235764552,-32.04359617395907
26431,-123.23018407885061,38.96712206523478
26432,-64.63355256666668,-15.781306750000004
26433,-18.179675543056124,40.32597767027836
26434,-73.94733119009989,40.081503228192034
26435,-75.60627267247546,38.41868098963925
26436,-3.3979528798316005,49.81185355184662
26437,14.48525677644566,57.59575423529694
26438,2.712579742531984,50.16015413932954
26439,12.894196553297014,54.767493172786835
26440,13.88818535160541,39.6278109468526
26441,0.912706656556295,51.5571508567927
26442,115.66475182327922,-31.938373357339096
26443,12.443269374538513,39.618371848719306
26444,132.17529771780784,-35.77154619805593
26445,136.3047639790654,34.73578184237595
26446,1.9235641761966542,51.43577583730561
26447,4.341691412505134,51.44969910860641
26448,14.443776195259197,37.724684698886385
26449,6.763087459883559,54.168515179091315
26450,-91.81838210102856,26.98057889280103
26451,0.06394118390269994,50.4740462073957
26452,4.486999961173093,52.79901759028359
26453,6.277783035937757,54.19472674512785
26454,3.8533656985603404,52.59231125105173
26455,104.03972873691606,7.935872158197208
26456,1.1291971397105505,50.705466703359
26457,1.1291971397105505,50.705466703359
26458,104.7144013416481,9.405012093445105
26459,5.988439458800702,52.66091225872589
26460,26.117989499232593,37.12925974188399
26461,-2.9365928942115964,48.11353232385603
26462,4.185160571662553,52.34014728094877
26463,123.49599550781342,29.434691808240455
26464,7.613207790468019,53.724536889843975
26465,6.962565346549832,53.12640930643254
26466,10.05068166952961,41.919101531077466
26467,116.08693979087114,6.0417054515355115
26468,121.98986356305147,26.70201691069829
26469,10.152177506244254,55.28273643250256
26470,11.854886212784393,55.727526554131835
26471,-54.08425825460687,35.86050835375421
26472,-123.12462601974214,35.553787665255484
26473,-15.361523325205162,28.295409354477474
26474,3.763982764958891,52.43754545226063
26475,4.344931856865725,53.73760125750671
26476,2.211185220247515,39.1753433499602
26477,128.10178292724186,36.48256866142639
26478,-79.81032459415722,27.884374579384918
26479,-74.66200378220127,26.97056269732452
26480,-6.162931872802394,35.295241380283926
26481,0.038142234364152885,39.556698869434875
26482,9.156141907617007,40.09946351835517
26483,-5.649084447662266,38.507265951479354
26484,27.26927269999999,-28.296759100000017
26485,174.14798465432887,-40.712647353428316
26486,19.693021842363173,37.75349505786401
26487,-10.381501380007585,34.43197613368994
26488,17.79358164012553,56.85251811388629
26489,3.1562722860663524,39.11641959873287
26490,4.1568361149845705,51.37767458494236
26491,-9.10514788730737,41.3210665383689
26492,-2.3551349360852827,50.031696853194966
26493,2.4703629383909984,51.65231422355649
26494,14.314510084228367,40.05157017768225
26495,9.817933736882678,42.081049512051976
26496,138.33608732796645,34.53677820012354
26497,32.03957101289686,35.27164973520855
26498,-2.5982217619158905,48.65368159235513
26499,32.33318349166667,34.98640410833333
26500,-7.646557182759368,38.128968159646526
26501,8.591302441433351,53.91886302915503
26502,-1.1465625909216821,48.84193393878374
26503,12.508586330106354,55.031775131392415
26504,-122.44304987338447,47.34506786491647
26505,9.502828415586556,43.91820806215784
26506,10.4141851653217,42.37738638265058
26507,-1.0954988927331835,39.51582547376372
26508,11.64919521477,56.110284692633485
26509,12.544026033020437,55.09202696918132
26510,5.289436742779749,53.70865811584532
26511,-0.13696853353127048,39.15432525894357
26512,2.4515474034044398,51.82157945044656
26513,2.88915092400768,51.221359979214164
26514,-7.544199513367784,43.84545913099827
26515,0.9604343526218839,50.777878262194164
26516,2.376864586381981,52.50401820405513
26517,-75.82900053461498,35.4072018729133
26518,27.271885999999984,-28.294651050000017
26519,-1.5620390049440482,50.45735744639601
26520,-16.509921474323818,25.23000013098575
26521,18.293519963305354,40.559755594279515
26522,110.94446097745684,-18.37426425378183
26523,5.919890934189096,53.829556935057546
26524,-3.0613784632691914,49.603129401267914
26525,3.877371829820396,52.34162883896062
26526,6.797759814510667,53.26556551921255
26527,-4.275257362719746,48.77714688559405
26528,4.950984059959232,52.93800966241225
26529,1.1848240944598638,47.21964824359442
26530,-79.04605179117875,25.43858209766625
26531,1.7101511417106943,49.961316913248254
26532,2.7319952314861773,52.78353156906633
26533,-0.02780514038119602,50.53872037436787
26534,2.054978603929356,51.853125881868245
26535,15.649281404515191,56.030957687574194
26536,-8.976486900002836,51.16340871407962
26537,124.50438508613497,-33.096115604648055
26538,-0.687906803369426,49.664741057310046
26539,174.3513945433334,-41.35711913333333
26540,9.713896110394485,55.441669119327095
26541,4.929145771473944,52.13053802127433
26542,10.86069091787485,53.94371974789423
26543,10.130450646177467,57.378088702138065
26544,4.457028198132872,52.143179091401805
26545,138.46823893235597,35.04240601024103
26546,3.3533255749591415,51.46841306292706
26547,-5.664422533096591,44.80207108704869
26548,-0.953039246422104,49.261608380791166
26549,17.732824116074923,57.33169511098086
26550,11.854743902091645,55.72771011006007
26551,-64.62546946666666,-15.787445949999997
26552,0.4637857598875751,39.03953036161615
26553,4.42806317353239,53.81221242417337
26554,29.283772328840058,40.84544922758102
26555,5.708657996909129,40.84562754847913
26556,3.1570163355998386,51.442931833715676
26557,-91.6743809343619,26.79447760613435
26558,-9.154204496330225,42.997355117050674
26559,138.6914514567514,35.19838479365395
26560,124.50674161946834,-33.095519604648054
26561,3.513147369156893,53.48612662512136
26562,-4.2637751293864135,48.78398765226072
26563,-79.07620018165497,25.413987663142443
26564,9.817933736882678,42.081049512051976
26565,0.11071264420783436,39.52368759694306
26566,-1.6765317792645558,49.617822296681226
26567,1.293906958153215,45.591684850222244
26568,-93.942279475214,29.86692865326821
26569,-109.79870134478644,24.858430482797633
26570,2.1215358234738884,52.66629701735267
26571,9.677252032176636,41.57772727551773
26572,24.512468414656855,40.27162341235296
26573,21.496418444580744,59.00913294277434
26574,16.52632811126759,54.20767642212267
26575,0.7866968814800466,48.223888905729666
26576,152.6280103684254,-29.401760525802988
26577,24.200027649377365,39.16629745649568
26578,-122.5007152776166,47.339558954922396
26579,11.259685550300546,57.308524435136235
26580,-46.77358071658744,-24.32725274507063
26581,101.42184999543426,10.318428862467517
26582,-3.6533468495567183,48.8122456735327
26583,3.391158295396516,51.466451733550514
26584,-123.23583216218394,38.97407336523479
26585,115.67432191736427,-32.04359304668634
26586,-73.94663007574093,40.087504503063826
26587,12.933922710996827,54.7736674946192
26588,13.436317207533703,39.37954747290873
26589,2.712579742531984,50.16015413932954
26590,-77.0040367274834,33.962622727938665
26591,115.66468320512448,-31.93837229274832
26592,0.9037916756564549,51.60071641331083
26593,134.1142316566066,36.65429090379299
26594,12.443269374538513,39.618371848719306
26595,13.907166668082832,39.688002022481726
26596,-75.60627267247546,38.41868098963925
26597,14.448211161925867,37.72354530221971
26598,4.341691412505134,51.44969910860641
26599,9.706776410394484,55.45216161932711
26600,1.9565198908423005,51.45833509374579
26601,6.706690649040951,54.165001626832115
26602,6.241442140298131,54.157418947144286
26603,14.48620037644566,57.59963673529693
26604,0.032556619252771514,50.47116321961523
26605,4.486999961173093,52.79901759028359
26606,9.077794783627105,40.129119498203664
26607,104.0590207752873,7.936218439371448
26608,3.9130463393936736,52.65130098188506
26609,1.1291968397105505,50.70546696169234
26610,1.1291968397105505,50.70546696169234
26611,104.70974720581472,9.405285265111774
26612,26.117989499232593,37.12925974188399
26613,-2.9365925858782633,48.11353109052269
26614,6.019988103194642,52.705319808271334
26615,-79.80583689415722,27.871684879384915
26616,4.189538686442773,52.3398900345202
26617,7.553037424193114,53.688656357512315
26618,6.962565346549832,53.12640930643254
26619,-3.3270393619708374,49.84060959669052
26620,121.8045197049923,26.61186140407202
26621,116.08770446706163,6.042454124154561
26622,-0.5856246714687632,49.738971369263155
26623,2.88915092400768,51.221359979214164
26624,-102.42311070474356,17.355525226575534
26625,-7.544199513367784,43.84545913099827
26626,17.5578663636177,56.800353823310516
26627,123.62722388757533,29.528593429669023
26628,27.269710999999994,-28.301553700000017
26629,2.416793453577412,37.85675414527501
26630,-5.650885000995598,38.50222961481269
26631,11.673125470325553,56.131582317633494
26632,27.266913749999986,-28.30133925000002
26633,-75.82903013461498,35.4116519729133
26634,174.14614528376742,-40.741551968871214
26635,4.153782814984571,51.38189248494236
26636,-15.361521918694052,28.295410975223355
26637,-123.1982334098312,35.554662697518914
26638,32.056357712896855,35.24599223520855
26639,10.130450646177467,57.378088702138065
26640,-2.6054861297614553,48.64493328703533
26641,-122.44304987338447,47.34506786491647
26642,10.109908448224203,55.28048733422352
26643,9.502828415586556,43.91820806215784
26644,132.16609506780782,-35.76313054805594
26645,136.3404824576368,34.74010085396325
26646,-6.408221212813854,35.11092378324675
26647,7.572969127664486,53.763795778365704
26648,6.757024856050936,39.84180211850198
26649,4.457029110632871,52.14317860894149
26650,15.325586493755315,55.89177072405415
26651,138.46044643235598,35.040902610241034
26652,17.28858238589346,56.607250762361836
26653,-54.162755296511634,35.71511412899231
26654,2.4699466583909984,51.653831443556484
26655,110.94787704829014,-18.37354341866278
26656,12.52936758437795,55.08497077969634
26657,-8.610241012328157,35.98640817978437
26658,4.565425854169115,51.95607293368211
26659,32.349154791666656,34.96472050833333
26660,-9.293041729926417,41.422193532892706
26661,10.4141851653217,42.37738638265058
26662,-7.832832663528599,38.18324197310806
26663,29.46792745591155,40.712426040664816
26664,128.10178259390852,36.48256949475973
26665,138.33545492796645,34.536130100123536
26666,12.540371868391212,55.070685656077224
26667,14.28463339707786,40.01582720369443
26668,0.9604287415107728,50.77791338441639
26669,1.6812790402485396,49.98151243530792
26670,2.7319952314861773,52.78353156906633
26671,4.9414130053169325,52.92303257680884
26672,1.3538207459870402,47.21578884158625
26673,174.3517529694204,-41.392186480072475
26674,-5.911235732555737,44.556027201201694
26675,-8.974803998599326,51.16910710565858
26676,3.766086864958891,52.43809695226063
26677,-18.150554029299514,40.44495775281805
26678,3.3533255749591415,51.46841306292706
26679,-1.5620390049440482,50.45735744639601
26680,2.4290295700711066,51.82311523377989
26681,-1.0237684908897493,39.5516918844203
26682,8.627676320803268,53.969313765354215
26683,-1.107175953421682,48.762375351283744
26684,10.86069091787485,53.94371974789423
26685,-10.36609339632411,34.439783041897236
26686,10.043371643772034,41.96737548753679
26687,-0.1321712435312705,39.15462892894358
26688,-0.9390616108665486,49.268377536346726
26689,17.821156308783255,57.36285878389753
26690,2.376864586381981,52.50401820405513
26691,19.688942742616035,37.75472945558821
26692,5.919890934189096,53.829556935057546
26693,-16.511491284553905,25.106074149453804
26694,18.24494555913868,40.525505915112845
26695,5.289436742779749,53.70865811584532
26696,-3.087460491570775,49.60716479724149
26697,3.838169263153729,52.315521738960605
26698,3.1576650945769593,39.11626189182751
26699,4.929145713140611,52.13053805915311
26700,-0.07686987763605296,50.53709124181997
26701,6.788260084510667,53.26399819921256
26702,-2.355135486085283,50.031697103194965
26703,-74.66098181478672,26.9715061287653
26704,2.1015156379540225,51.99822875950992
26705,138.69122662341806,35.19875977698729
26706,10.333849106419127,41.520295180998936
26707,0.4637857598875751,39.03953036161615
26708,13.436317207533703,39.37954747290873
26709,-8.512868612328157,36.330378179784375
26710,17.544743461728167,56.79423704918261
26711,3.513147369156893,53.48612662512136
26712,10.107226748224202,55.284915234223526
26713,-16.5117325845539,25.1022025494538
26714,4.413730698532389,53.79615247417336
26715,-122.44304987338447,47.34506786491647
26716,126.72539462055643,36.85560867875759
26717,24.509210035582782,40.27187985485297
26718,-91.67080050102857,26.79022059280102
26719,3.1570163355998386,51.442931833715676
26720,7.572969127664486,53.763795778365704
26721,134.1147500566066,36.65233890379299
26722,4.341691412505134,51.44969910860641
26723,6.019988103194642,52.705319808271334
26724,5.276347196909129,40.78883884847914
26725,-102.43182589331498,17.360426918956488
26726,9.078088709553034,40.12859747727773
26727,4.938893705316932,52.922135776808844
26728,-5.650885000995598,38.50222961481269
26729,174.1434373837675,-40.73770826887121
26730,9.502828415586556,43.91820806215784
26731,4.459221332011066,52.13843662885898
26732,6.792575338908077,39.8373682207989
26733,4.565425854169115,51.95607293368211
26734,138.46823893235597,35.04240601024103
26735,-93.94227936036073,29.86692848152519
26736,1.293906855660218,45.591683304648015
26737,-109.81504310927255,24.838952948268894
26738,29.283772328840058,40.84544922758102
26739,2.095981821154571,52.66645340438393
26740,-1.6765317792645558,49.617822296681226
26741,21.49357583346963,59.00650810944101
26742,-7.544199513367784,43.84545913099827
26743,0.7866967814800466,48.22388900572966
26744,16.5263285728459,54.20767623248411
26745,9.683840853602662,41.57979101997407
26746,152.63041036842543,-29.404347225802994
26747,24.250148667559184,39.19569510195022
26748,-122.5007152776166,47.339558954922396
26749,11.259685550300546,57.308524435136235
26750,-3.669955892233025,48.84224913195507
26751,-46.774428180873144,-24.327601074832536
26752,0.11126061079523034,39.52449718517136
26753,101.4215179882914,10.314847805324662
26754,-123.2386078788506,38.974725781901455
26755,14.48639117644566,57.60076043529694
26756,3.4997506620631826,51.51058384021719
26757,-64.62952916666669,-15.786979749999995
26758,115.67432191736427,-32.04359304668634
26759,-54.163629483178305,35.71384338232564
26760,-73.94739819009989,40.08183692819204
26761,27.271181099999993,-28.298345500000025
26762,-9.152911596330226,42.99832851705068
26763,13.103152310996823,54.82430379461918
26764,2.712579742531984,50.16015413932954
26765,13.907166668082832,39.688002022481726
26766,-76.81840886526118,34.19157639682756
26767,27.27023464999999,-28.298060050000018
26768,12.443269374538513,39.618371848719306
26769,-75.60627267247546,38.41868098963925
26770,0.994650963563917,51.69747216434367
26771,115.66464356914514,-31.938327257187197
26772,10.042602943772033,41.96330832087012
26773,3.763982764958891,52.43754545226063
26774,14.456030842140922,37.73583835125197
26775,2.0011162789043793,51.49505779560436
26776,6.763034762939923,54.168730834152136
26777,-3.2206567585219807,49.87547036001606
26778,0.06194260806513879,50.48349627728762
26779,9.708624635394486,55.44153960266044
26780,4.486999961173093,52.79901759028359
26781,29.46792745591155,40.712426040664816
26782,6.241906482520351,54.15120140492204
26783,3.8533656985603404,52.59231125105173
26784,-15.361521918694052,28.295410975223355
26785,103.78055667434033,7.995555374030539
26786,1.1291967397105505,50.70546656169234
26787,1.1291967397105505,50.70546656169234
26788,26.210820464969753,37.09599116958688
26789,2.4607845980645906,37.84771339065046
26790,104.71260795831475,9.41387682677844
26791,-75.82900053461498,35.4072018729133
26792,-2.9365925858782633,48.11353109052269
26793,-79.80583689415722,27.871684879384915
26794,4.178837808664995,52.32684922643939
26795,138.33608732796645,34.53677820012354
26796,7.555944083997035,53.688529427120166
26797,132.1743870678078,-35.764289048055936
26798,-75.69216940850328,10.639928077535693
26799,6.962565346549832,53.12640930643254
26800,2.7319952314861773,52.78353156906633
26801,-79.15593884832164,25.480046129809104
26802,10.130450646177467,57.378088702138065
26803,-123.20065354316453,35.55470046418557
26804,11.670437070325551,56.130640017633496
26805,32.05902661289686,35.24158033520857
26806,12.540371868391212,55.070685656077224
26807,-18.479572833569843,40.39444194004775
26808,121.98608369323375,26.708424552250804
26809,10.42368315116041,42.369324593349255
26810,116.08769743372832,6.042455565821226
26811,12.532078537943166,55.08971266700068
26812,123.49361935781343,29.437156408240455
26813,-7.832832663528599,38.18324197310806
26814,-9.296471311593084,41.418354801226045
26815,0.9604287415107728,50.77791338441639
26816,-2.9837051459030715,48.319735228606056
26817,-1.0245918708897492,39.55393536442029
26818,-6.403432646147188,35.114802516580085
26819,1.4257067666702234,47.23852605956674
26820,-1.5620390049440482,50.45735744639601
26821,2.88915092400768,51.221359979214164
26822,1.6812790402485396,49.98151235838484
26823,174.36417786942042,-41.36227613007248
26824,14.277781647792144,40.02051012726586
26825,6.7871370367031805,53.264354549589214
26826,3.3533255749591415,51.46841306292706
26827,-5.909918874329241,44.55693393514207
26828,13.629758174249266,55.148646851399526
26829,-0.5602633544052711,49.754198822437765
26830,-1.147281053421682,48.83983135128375
26831,3.1537025945769597,39.112710091827516
26832,-0.16698221493325563,39.164399789719894
26833,2.429503236737773,51.822943733779894
26834,16.23801916139586,56.132403708392275
26835,17.821907008783256,57.362453783897536
26836,-8.942097143119875,51.194581699494194
26837,10.86069091787485,53.94371974789423
26838,-0.07537316610066709,50.535533713631246
26839,-10.360660029657446,34.44158587523057
26840,-74.69844240602322,26.700131095707626
26841,136.38721979825252,34.73263098270094
26842,-0.9390617108665487,49.26837726134672
26843,2.4703629383909984,51.65231422355649
26844,2.19577085009458,51.85236911593029
26845,18.297853000805354,40.56064658177951
26846,2.3965015238819807,52.500492937388465
26847,110.94787676495682,-18.373547257948495
26848,8.6453181941366,53.99397777827088
26849,19.693022109478783,37.753495547156845
26850,5.919890934189096,53.829556935057546
26851,5.289436742779749,53.70865811584532
26852,4.929145713140611,52.130537759153114
26853,-2.355135486085283,50.031697103194965
26854,4.16355651498457,51.37616178494236
26855,128.10178292724186,36.48256866142639
26856,-3.0952042951422043,49.60114829843195
26857,3.8205976965193624,52.28662219330492
26858,32.35184854166666,34.96109400833335
26859,-4.2637751293864135,48.78398765226072
26860,-7.544199513367784,43.84545913099827
26861,-7.297261120863912,35.39528969716236
26862,1.1129629399776133,43.72340520030278
26863,-91.67067180102856,26.789676292801023
26864,5.276921796909129,40.78815761847913
26865,2.7319952314861773,52.78353156906633
26866,9.078031504098488,40.128594979095915
26867,3.513147369156893,53.48612662512136
26868,-9.151132296330225,43.00133091705067
26869,7.572969127664486,53.763795778365704
26870,4.940075905316934,52.92251917680885
26871,24.497621085582786,40.27216625485297
26872,-4.275257362719746,48.77714688559405
26873,134.1137415566066,36.650078603792984
26874,6.962565346549832,53.12640930643254
26875,14.48597977644566,57.597729435296934
26876,126.71436990388979,36.85792059542427
26877,138.7113941650599,35.204443778696685
26878,4.459221761177733,52.13843711131929
26879,29.283772328840058,40.84544922758102
26880,-1.66750988855027,49.596516947574074
26881,-16.4991436945539,25.2383477194538
26882,9.683109053602662,41.579967819974065
26883,2.892569486258249,51.21938875729123
26884,-123.25238430268219,39.16186150676351
26885,132.17728386780783,-35.77100874805594
26886,13.907166668082832,39.688002022481726
26887,-76.48827721814156,34.35505927189546
26888,4.142646193818826,52.176262905212745
26889,6.763033657562568,54.16873116519917
26890,2.0068225922744505,51.502002541856534
26891,0.05807543806513879,50.48347628228762
26892,6.25063368252035,54.15691465492205
26893,4.511994184809456,52.91106012573814
26894,3.8533656985603404,52.59231125105173
26895,103.78318766221909,7.995519831606296
26896,1.1653981294541402,50.697848856564136
26897,1.1653981294541402,50.697848856564136
26898,104.71414444164807,9.415768193445105
26899,26.210820464969753,37.09599116958688
26900,6.019988103194642,52.705319808271334
26901,-2.9363273858782635,48.113431123856024
26902,4.166389422122871,52.3049474999632
26903,7.5517902570273385,53.683381797726234
26904,121.98594958799566,26.707860866726996
26905,116.08770693372831,6.042482965821226
26906,2.4489436167377727,51.8287567377799
26907,2.463925398064591,37.84964259065047
26908,4.399768756865725,53.7901140575067
26909,-102.47900971331497,17.391675538956484
26910,-5.650884867662265,38.502229761479356
26911,5.938971425312279,53.84303094455463
26912,174.14342751998538,-40.73774419130711
26913,0.11126061079523034,39.52449718517136
26914,-122.44304987338447,47.34506786491647
26915,9.510906172279176,43.91243917941272
26916,9.656189715394484,55.42138888599377
26917,27.268917649999985,-28.298690750000013
26918,4.565425854169115,51.95607293368211
26919,6.793748897836649,39.83687708151319
26920,17.544743461728167,56.79423704918261
26921,1.2938423718242387,45.59247641697607
26922,-93.94227936036073,29.86692848152519
26923,-109.79467006829572,24.856378479743128
26924,2.0993539401697627,52.666991706999426
26925,21.49225613346964,59.00193845944101
26926,10.11327709584325,55.28691881041401
26927,16.300547339454344,54.19048279389638
26928,0.7866958364800467,48.223888679062995
26929,-74.70274938653709,26.695982887803343
26930,152.63254520175877,-29.40220979246966
26931,24.347189605762647,39.256562778681825
26932,-122.5007152776166,47.339558954922396
26933,-3.6700205922330253,48.84223923195507
26934,-79.05164167432163,25.757366399809108
26935,-46.77485078087315,-24.32768617483253
26936,101.42111438829141,10.316971705324661
26937,-1.146567753421682,48.83964765128375
26938,3.4997501691872426,51.51058400775478
26939,-64.63171806666668,-15.78178795
26940,-73.97488367191806,40.068842462282944
26941,-3.0692062915293317,48.2446871945549
26942,115.67432191736427,-32.04359304668634
26943,27.271015699999992,-28.296523600000018
26944,-75.82900053461498,35.4072018729133
26945,11.133641257372023,57.290193423054596
26946,13.18104891099682,54.86346609461918
26947,-79.80583689415722,27.871684879384915
26948,18.293431600805352,40.559760081779515
26949,13.436317007533702,39.37954777290873
26950,10.333848423085794,41.52029636433227
26951,12.545711304609833,55.09512920033402
26952,16.00868868393779,56.01944504407636
26953,-15.36152309012262,28.29541147522336
26954,2.712579742531984,50.16015413932954
26955,138.33671972796645,34.53742630012354
26956,115.66452477376916,-31.938169059495557
26957,123.49365910781341,29.437263308240453
26958,1.0312328248325848,51.722940691808446
26959,-9.156039141593082,41.395868791226036
26960,12.443269374538513,39.618371848719306
26961,-75.60627267247546,38.41868098963925
26962,10.130450646177467,57.378088702138065
26963,10.038909243772034,41.955973270870125
26964,-75.69216940850328,10.639928077535693
26965,-5.909918891690352,44.556932967973054
26966,11.665783114769997,56.12688289263348
26967,-0.1665902149332556,39.1644074897199
26968,-0.3161472532364979,49.79890966050726
26969,-8.518112712328156,36.39350947978438
26970,32.05944531289686,35.23781523520858
26971,12.540608902373892,55.070715082267704
26972,10.86069091787485,53.94371974789423
26973,10.331382236416196,42.46108645273306
26974,-7.833383682759368,38.18405045964652
26975,-123.20809466710394,35.55203799236739
26976,128.10178292724186,36.48256866142639
26977,-2.355135486085283,50.031697103194965
26978,0.9604287415107728,50.77791338441639
26979,-3.2087868594556865,49.84494071239701
26980,-1.0222562708897494,39.55465336442029
26981,-6.3988897528138535,35.11292996658008
26982,-8.941128143119876,51.19794839949419
26983,3.1570163355998386,51.442931833715676
26984,19.693021842363173,37.75349505786401
26985,5.289436742779749,53.70865811584532
26986,14.569658413368991,37.74258199739233
26987,-18.63952986737337,40.241850922282595
26988,-10.347192229657447,34.48563037523056
26989,-1.570547259050715,50.45870359247601
26990,17.846918488783256,57.37872412389753
26991,2.3965015238819807,52.500492937388465
26992,3.698866114282649,52.26042284939814
26993,3.763982764958891,52.43754545226063
26994,29.46792745591155,40.712426040664816
26995,-0.9371398908665484,49.269857421346714
26996,110.94446316495683,-18.3742666579485
26997,8.646202494136602,53.99591812827088
26998,-3.0964452156135103,49.635019539372436
26999,0.46489817019060564,39.04047469252523
27000,-0.07295123306290024,50.53359534997772
27001,4.16338831498457,51.37623528494236
27002,2.1891729366149564,51.85372000380907
27003,2.9957804861023836,39.15879957996311
27004,4.929146013140611,52.13053765915311
27005,1.4465699666702236,47.25127235956674
27006,6.756447696722435,53.26734147682866
27007,2.4703629383909984,51.65231422355649
27008,4.341691412505134,51.44969910860641
27009,174.36363766942043,-41.363562955072474
27010,14.274750095837053,40.02547366641284
27011,32.354128941666666,34.95737110833336
27012,-54.16359555460687,35.71524765375421
27013,3.3533255749591415,51.46841306292706
27014,136.44510070467354,34.73604345163543
27015,1.674534362629492,49.97882822886103
27016,11.217278687556245,54.093088376558526
27017,27.271015699999992,-28.296523600000018
27018,11.844894574804577,55.700152996947025
27019,3.550892349722927,40.55434237058539
27020,126.7385361788898,36.83107419542428
27021,11.459912870325555,56.105711017633496
27022,13.436317207533703,39.37954747290873
27023,0.4413677581161066,50.99256455740878
27024,-8.478634912328157,36.51935697978437
27025,10.353343573085795,41.506298079332275
27026,-1.6617805725670383,49.57974874400322
27027,9.548097166727816,55.427202844327105
27028,134.10693515660657,36.65475300379299
27029,12.443269374538513,39.618371848719306
27030,124.50674161946834,-33.095519604648054
27031,7.551228384193115,53.688476860369455
27032,4.45449987353239,53.80989932417337
27033,3.1570163355998386,51.442931833715676
27034,-122.44304987338447,47.34506786491647
27035,24.566259914656857,40.303335312352964
27036,-91.68682175737779,26.822231717840708
27037,-74.02850092701289,39.99141912975978
27038,13.212685860996821,54.857309794619184
27039,-16.5119770845539,25.100332116120462
27040,132.1687234678078,-35.76599244805593
27041,2.7125798129926535,50.16015416450773
27042,1.0327733725191397,51.72024487572101
27043,-76.69453595622534,34.13605510610477
27044,13.907166668082832,39.688002022481726
27045,115.6645186147948,-31.938152142656516
27046,138.48905828927903,35.04296496306155
27047,14.591636897224575,37.75611759244926
27048,6.719656005374286,54.18412597556545
27049,4.341686979171801,51.44969807527306
27050,2.593412638342368,37.81062621072622
27051,4.580261276283032,52.71449586881435
27052,1.9793229876861644,51.49204646173711
27053,0.12166618170391885,50.50854065047691
27054,4.511994184809456,52.91106012573814
27055,6.210441453631462,54.153503183810955
27056,3.912736952989257,52.648060456295
27057,103.79776412567175,8.000541936890816
27058,1.16539822945414,50.69784925656413
27059,1.16539822945414,50.69784925656413
27060,6.019988103194642,52.705319808271334
27061,26.293623848722,37.06884241208672
27062,-2.9358533692115962,48.113214207189365
27063,104.71043940581474,9.398489065111772
27064,4.073126899522138,52.23890372499067
27065,10.86069091787485,53.94371974789423
27066,6.962565346549832,53.12640930643254
27067,121.798946730851,26.61393507564727
27068,116.08770728244625,6.042457331846867
27069,-4.192513882446242,48.79404048087611
27070,5.50192779690913,40.79142924847913
27071,-102.46925032474356,17.386537946575533
27072,11.119292207378683,57.33486291577964
27073,-5.650885000995598,38.50222961481269
27074,174.1543283837674,-40.74417616887121
27075,-123.21304323377062,35.55360902570072
27076,9.55900807631001,43.88438778742474
27077,6.852631642626209,39.8753409162277
27078,138.69266408420063,35.19704178345407
27079,-7.65473308003445,43.64339664766493
27080,4.565425854169115,51.95607293368211
27081,4.457010298677733,52.13879626219231
27082,10.331382236416196,42.46108645273306
27083,-72.21764403333333,20.231108966666667
27084,-109.8109523452535,24.84655437408305
27085,1.308462358153215,45.60326985022225
27086,-93.94241660065772,29.867134031667817
27087,2.0993539401697627,52.666991706999426
27088,29.283772328840058,40.84544922758102
27089,21.49428454458074,59.009261342774344
27090,138.33608732796645,34.536778200123535
27091,-75.82538102230967,35.422072370763765
27092,27.26263214999999,-28.301099750000017
27093,0.4506217256073264,39.04324907148702
27094,16.52632831126759,54.20767662212266
27095,6.027346217996407,53.9155963121956
27096,0.7866968814800466,48.223888905729666
27097,136.46978956407602,34.69998355463304
27098,-18.57496431737337,40.37387692228259
27099,152.6280103684254,-29.401760525802988
27100,24.409327282429317,39.2887707964596
27101,-77.39137799696897,36.232290330596335
27102,-122.5007152776166,47.339558954922396
27103,-9.293041729926417,41.422193532892706
27104,110.94787704829014,-18.37354341866278
27105,17.544743461728167,56.79423704918261
27106,-79.14898052432164,25.813958616475773
27107,-0.16027419493325554,39.164820239719894
27108,-46.77404353087315,-24.327880474832536
27109,-3.589198997687072,48.991198170852556
27110,-6.809106924126986,34.82885779555554
27111,12.52936758437795,55.08497077969634
27112,8.930270184553034,40.190723597277746
27113,3.7294870918819676,52.362718939183715
27114,2.937817855950867,39.16596231905402
27115,9.691923001603397,41.61354772941194
27116,-79.80583689415722,27.871684879384915
27117,-15.361521918694052,28.295410975223355
27118,101.38555361502786,10.29850848448944
27119,29.46792745591155,40.712426040664816
27120,128.10178259390852,36.48256949475973
27121,-54.11444339651163,35.72031092899231
27122,-3.0504610476394936,49.65888618935697
27123,-74.72208571912255,26.68597411924412
27124,-5.911235457115622,44.55602626033409
27125,32.058038912896855,35.24322923520856
27126,12.54006882199727,55.07129180219844
27127,10.130450646177467,57.378088702138065
27128,32.351022791666665,34.96165050833335
27129,-7.832731640701172,38.182898913468286
27130,10.043371643772034,41.96737548753679
27131,0.9604287415107728,50.77791338441639
27132,8.689449678977152,54.028823712976774
27133,10.064011343224202,55.28604127422353
27134,2.4448470643568205,51.83084886635131
27135,17.791431932709045,57.37027600382317
27136,-0.06674762040340981,49.88009603055414
27137,3.6366799449654623,52.23967383565049
27138,-10.294143329657444,34.5212578585639
27139,3.4584247620631827,51.47588214021718
27140,-1.030838986008797,39.54182989942029
27141,2.3965015238819807,52.500492937388465
27142,123.73207228757532,29.506177929669025
27143,0.11126061079523034,39.52449718517136
27144,5.289436742779749,53.70865811584532
27145,-3.201787537265939,49.862195220537245
27146,-1.570547259050715,50.45870359247601
27147,2.89910409964165,51.21931468666876
27148,-75.69216940850328,10.639928077535693
27149,4.154086821651237,51.381935531609024
27150,18.246064659138682,40.52669405796999
27151,19.80187844841695,37.71895588136053
27152,1.3515585519876836,47.195158371074676
27153,14.48620037644566,57.59963673529693
27154,-2.355135486085283,50.031697103194965
27155,14.268868001277124,40.026292794164576
27156,7.572969127664486,53.763795778365704
27157,6.737508006264978,53.272213658481284
27158,1.6812790402485396,49.98151243530792
27159,-123.2329410175092,39.49800470323953
27160,-0.08519889763605294,50.532331006819966
27161,3.3533255749591415,51.46841306292706
27162,2.471263866724332,51.64958877688982
27163,11.061617471979586,54.028139284334465
27164,-8.883946617362298,51.18083313282753
27165,-1.107175953421682,48.762375351283744
27166,174.34889804275375,-41.390502460072476
27167,-64.62546986666668,-15.787446949999996
27168,4.929145713140611,52.13053805915311
27169,15.937118168384188,56.00475232463734
27170,2.098260683825048,52.000694358730705
27171,115.67432191736427,-32.04359304668634
27172,-0.9355927046165486,49.26953602009672
27173,24.575805752249448,40.30243705485296
27174,8.930432084553033,40.1907437889444
27175,138.5180376464219,35.04300071306155
27176,-74.72208621912255,26.685973819244122
27177,-7.65473308003445,43.64339664766493
27178,13.436317207533703,39.37954747290873
27179,4.4299913985323895,53.78564372417337
27180,-46.807398880873144,-24.33590737483254
27181,-16.5122216845539,25.10043811612046
27182,15.937118168384188,56.00475232463734
27183,10.353343173085793,41.50629857933228
27184,-122.44304987338447,47.34506786491647
27185,17.692344087997164,56.86335211759285
27186,-123.21304323377062,35.55360902570072
27187,134.10455255660662,36.650831303792984
27188,4.143660943818826,52.177393805212745
27189,0.42312147508039233,50.9945395734802
27190,116.08770221577959,6.042455790180202
27191,-102.47796551331497,17.391439638956484
27192,-75.60627267247546,38.41868098963925
27193,29.283772328840058,40.84544922758102
27194,-75.82535142230968,35.417622270763765
27195,-1.6874876493869615,49.53663258538252
27196,0.7866967814800466,48.22388900572966
27197,152.63041036842543,-29.404347225802994
27198,24.41251288242932,39.28859659645961
27199,-122.5007152776166,47.339558954922396
27200,-8.344325612328158,36.69992927978438
27201,-79.12186176853217,25.799212275423148
27202,-3.5829008600366374,48.99862236726841
27203,101.38520979836119,10.294988384489443
27204,3.4997506620631826,51.51058384021719
27205,9.691923001603397,41.61354772941194
27206,7.572969127664486,53.763795778365704
27207,-123.24670795576317,39.66486557768397
27208,-64.63048466666669,-15.787023549999997
27209,115.67432191736427,-32.04359304668634
27210,-74.02926904137185,39.98575155488799
27211,13.22120376099682,54.85358409461918
27212,-91.68684822404444,26.824642904507378
27213,2.7125798129926535,50.16015416450773
27214,1.0327733725191397,51.72024487572101
27215,-76.56514732955867,34.389869503009535
27216,12.443269374538513,39.618371848719306
27217,115.66450741479483,-31.9381455111089
27218,13.907166668082832,39.688002022481726
27219,14.591726031009024,37.801166497329326
27220,4.938893705316932,52.922135776808844
27221,4.341686979171801,51.44969807527306
27222,6.832344219273258,54.19158418288548
27223,14.454518340615198,57.64744377886122
27224,2.018755939174169,51.51288129858358
27225,0.13239592871450356,50.52068663583299
27226,4.511994184809456,52.91106012573814
27227,6.205617226156715,54.14309390219477
27228,1.1653981294541402,50.697848856564136
27229,1.1653981294541402,50.697848856564136
27230,103.78702327615254,7.994942275833123
27231,3.853056312155924,52.58907072546167
27232,6.019988103194642,52.705319808271334
27233,9.550686466727818,55.4174976943271
27234,26.293623848722,37.06884241208672
27235,-2.919907057352124,48.13342593773207
27236,104.71330015831474,9.407080626778441
27237,7.554135043997036,53.688349929977306
27238,4.0662301224165205,52.2449309964695
27239,132.17701496780782,-35.76715074805593
27240,6.962565346549832,53.12640930643254
27241,121.98583901537481,26.70873516342505
27242,5.275629225480558,40.804292805622
27243,-18.57496431737337,40.37387692228259
27244,11.092847949523632,57.37480553246565
27245,27.266662849999992,-28.29677385000002
27246,2.89910409964165,51.21931468666876
27247,123.59846775781341,29.414740908240457
27248,-5.650885000995598,38.50222961481269
27249,174.15161972376748,-40.740332528871214
27250,110.94787676495682,-18.373547257948495
27251,-79.80583689415722,27.871684879384915
27252,138.6924392508673,35.1974167667874
27253,9.56798602800083,43.88068910288368
27254,-1.1561111004805056,48.83572086598962
27255,0.11126061079523034,39.52449718517136
27256,126.72368392055647,36.850124248757595
27257,6.043950081141368,53.92492749823445
27258,-2.355135486085283,50.031697103194965
27259,-72.22356593333333,20.233229566666672
27260,-3.1915909414326054,49.875048035418196
27261,4.457009432011066,52.13879632885898
27262,4.565425854169115,51.95607293368211
27263,6.887696832070652,39.87108693678326
27264,-6.991899368571433,34.75726330666666
27265,-10.247187467839264,34.52684843583663
27266,10.274722775860312,42.525924991873154
27267,2.8884400484616903,39.159455393902505
27268,5.289436742779749,53.70865811584532
27269,10.130450646177467,57.378088702138065
27270,32.05902661289686,35.24158033520857
27271,32.35184854166666,34.96109400833335
27272,12.532078537943166,55.08971266700068
27273,138.33671972796645,34.53742630012354
27274,2.6498020772312576,37.83683695834528
27275,1.3084622682528106,45.6032680598332
27276,128.10178292724186,36.48256866142639
27277,10.064047193224201,55.28529512422352
27278,-7.832731640701172,38.182898913468286
27279,29.46792745591155,40.712426040664816
27280,14.26760921141492,39.97917429777818
27281,1.3776172027416311,47.21341743236712
27282,-9.28083143230737,41.36688954765461
27283,-109.81537599529516,24.838403580776525
27284,-93.94241660065772,29.867134031667817
27285,-1.0327464660087968,39.5443531794203
27286,174.36245864275378,-41.35893731007248
27287,3.3630679449591416,51.472967677927066
27288,11.05141642038143,54.024598144691005
27289,-8.8640658454655,51.19955979865648
27290,3.7273829918819676,52.362167439183715
27291,2.0993539401697627,52.666991706999426
27292,10.042602943772033,41.96330832087012
27293,-0.15958569493325558,39.16498328971989
27294,2.4453207310234872,51.83067736635131
27295,0.17877741783179701,49.99762577526696
27296,19.93793283808124,37.6835450259446
27297,12.540126521997273,55.07118480219844
27298,-0.07624422419590517,50.531715684345535
27299,-0.9369084846165485,49.26924190509672
27300,17.812128432709045,57.38423340382317
27301,2.471680146724332,51.648071556889825
27302,-6.101410697868716,44.38387646366221
27303,18.298972100805354,40.561834724636654
27304,2.3965015238819807,52.500492937388465
27305,8.686390977310484,54.065902132976774
27306,4.929145564360123,52.13053793938418
27307,0.4333931089406599,39.04228555482035
27308,-1.4325273700147108,50.54776208929366
27309,16.5263287728459,54.20767623248411
27310,-75.69216940850328,10.639928077535693
27311,2.1891730002513192,51.853720152293924
27312,21.491157533469632,59.00667905944101
27313,-77.39137799696897,36.232290330596335
27314,-15.361521918694052,28.295410975223355
27315,-3.001770514245066,49.67277375073282
27316,3.3731711913449285,52.104031263661454
27317,-54.1153175831783,35.71904018232564
27318,6.682768917879823,53.274384083597084
27319,-4.192513882446242,48.79404048087611
27320,136.3879724391342,34.62717397493643
27321,0.963849941510773,50.77857098441639
27322,4.163860521651237,51.37620483160903
27323,1.6812790402485396,49.98151235838484
27324,0.9470638507613564,39.17896767296685
27325,-8.344569012328156,36.697415479784375
27326,-91.68773449904444,26.825883917007378
27327,9.391279789215856,55.37073534767638
27328,-16.500296684553902,25.237899116120467
27329,3.5464906648650576,52.126523871338435
27330,29.283772328840058,40.84544922758102
27331,-9.310789305281775,40.18118637154946
27332,-76.56608655455867,34.390085303009535
27333,-75.60627267247546,38.41868098963925
27334,5.276203825480557,40.80361157562199
27335,2.89910409964165,51.21931468666876
27336,-123.20565996710394,35.55088959236739
27337,2.0993539401697627,52.666991706999426
27338,15.937118168384188,56.00475232463734
27339,29.46792745591155,40.712426040664816
27340,4.451041506242175,52.65552729752966
27341,126.72016640388978,36.86510696542427
27342,-122.44304987338447,47.34506786491647
27343,4.457009861177733,52.13879681131929
27344,10.274722775860312,42.525924991873154
27345,-18.63952986737337,40.241850922282595
27346,-1.6883537065298189,49.53781458365093
27347,1.3083894718242388,45.604865116976065
27348,-93.94241660065772,29.867134031667817
27349,-109.79546918626276,24.85567545252854
27350,21.489770033469636,59.00140865944101
27351,16.300547339454344,54.19048279389638
27352,-75.82535142230968,35.417622270763765
27353,0.7866958364800467,48.223888679062995
27354,152.63254520175877,-29.40220979246966
27355,24.41251288242932,39.28859659645961
27356,-3.615254653743294,49.187993822059035
27357,-122.5007152776166,47.339558954922396
27358,-46.807828780873145,-24.33601447483253
27359,-79.13007225424646,25.79495631828029
27360,0.4963502394509811,51.07583835058085
27361,101.38373979836119,10.335787284489443
27362,5.954939432050459,53.90892006550718
27363,3.5422720691872427,51.52074270775478
27364,10.038909243772034,41.955973270870125
27365,-123.23684249176263,40.198902939825324
27366,115.67432191736427,-32.04359304668634
27367,-74.02914604137185,39.986509354887986
27368,-64.63778641666667,-15.78265045
27369,9.770223521603397,41.61708620941194
27370,13.326152819330156,54.88731366961918
27371,13.436317007533702,39.37954777290873
27372,2.7125798129926535,50.16015416450773
27373,1.0337391725191396,51.72317997572102
27374,12.443269374538513,39.618371848719306
27375,134.1035440566066,36.64857100379299
27376,115.66450464812813,-31.938147658167722
27377,14.607245253231246,37.807661692607105
27378,6.832343113895903,54.19158451393251
27379,4.341686979171801,51.44969807527306
27380,6.200431426156714,54.13734078219478
27381,2.0349932769869548,51.53713535201105
27382,0.18999140709040283,50.55569075893085
27383,4.511994184809456,52.91106012573814
27384,3.853056312155924,52.58907072546167
27385,103.77987932736467,7.999494321742214
27386,104.71912612914808,9.407349718445106
27387,1.1653981294541402,50.697848856564136
27388,1.1653981294541402,50.697848856564136
27389,2.7831955498496823,37.81804947514604
27390,26.394879380762994,37.03081380785777
27391,-2.919907839954463,48.1334359944572
27392,10.130450646177467,57.378088702138065
27393,6.019988103194642,52.705319808271334
27394,4.1044196498422085,52.323578197392855
27395,6.962565346549832,53.12640930643254
27396,7.549981217027339,53.68320230058337
27397,116.0877147491129,6.042483773513534
27398,-7.833282659931942,38.183707400006746
27399,-7.65473308003445,43.64339664766493
27400,121.98330715124781,26.70730825456791
27401,4.513885712421279,53.7869214463956
27402,11.08979098209939,57.40025943939206
27403,-102.47900971331497,17.391675538956484
27404,-0.15876219493325558,39.1647709897199
27405,-79.80583689415722,27.871684879384915
27406,-10.2108163511726,34.62612623583662
27407,-75.69216940850328,10.639928077535693
27408,-5.650884867662265,38.502229761479356
27409,174.15165995887426,-40.739316907973766
27410,110.94446336495683,-18.3742668579485
27411,-15.36152309012262,28.29541147522336
27412,136.4084796724969,34.62523650874692
27413,-0.9371398846165484,49.26985720509672
27414,128.10178292724186,36.48256866142639
27415,138.33671972796645,34.53742630012354
27416,123.59848640781341,29.414847008240454
27417,-72.22444923333333,20.234395966666675
27418,-3.235425862240686,49.876794324408095
27419,9.580485352041256,43.873670667563275
27420,-0.9996102198549507,39.5794406871126
27421,10.06578779084325,55.288112410413994
27422,3.7273829918819676,52.362167439183715
27423,3.5131432214296208,53.48613353989409
27424,-7.024552975238099,34.73367567333332
27425,0.11125203387215339,39.52450046978674
27426,-77.39137799696897,36.232290330596335
27427,12.540305855979955,55.07132122838892
27428,27.26562468181817,-28.29684260454547
27429,14.245855788290484,39.98928147792832
27430,7.572969127664486,53.763795778365704
27431,6.652123381646121,53.27576967827748
27432,-4.121110290981307,48.804529750435975
27433,1.6745346991767576,49.97883005163028
27434,138.69368165086726,35.1989970667874
27435,12.545711304609833,55.09512920033402
27436,4.940075905316934,52.92251917680885
27437,4.157140121651238,51.37771763160902
27438,174.36120194275375,-41.36096203507247
27439,2.913225096946539,39.30609014950857
27440,-0.07101477115813838,50.53167515569201
27441,3.3630679449591416,51.472967677927066
27442,6.888438832070652,39.87100623678325
27443,11.043436430119057,54.02121689729179
27444,-1.1722449078489268,48.833370743398525
27445,4.929145864360122,52.130537839384175
27446,2.471680146724332,51.648071556889825
27447,2.285403289948289,51.80961791124498
27448,-8.7374778429655,51.20923794615647
27449,8.692223377310485,54.13396529964342
27450,0.6064847873508753,50.09305112356956
27451,19.937073170965636,37.684232136651765
27452,132.1811621178078,-35.77278509805594
27453,-54.035946354606864,35.86570515375421
27454,2.4461836310234872,51.83072006635131
27455,17.796390312709047,57.38261644382318
27456,18.294550700805353,40.56094822463666
27457,2.3965015238819807,52.500492937388465
27458,5.289436742779749,53.70865811584532
27459,3.2438266800141458,52.054342046217144
27460,4.565425854169115,51.95607293368211
27461,0.5510542447083187,39.083379542593946
27462,32.354128941666666,34.95737110833336
27463,-1.3778731908300994,50.560735518061975
27464,-6.101411172372684,44.38387604292178
27465,32.05944531289686,35.23781523520858
27466,-2.958636958027542,49.69070577481639
27467,13.907166668082832,39.688002022481726
27468,1.3932653027416313,47.226922432367125
27469,-9.197792472555816,41.189730197592496
27470,-2.3551349360852827,50.031696853194966
27471,0.9710630313503451,50.775932428534034
27472,-7.65473308003445,43.64339664766493
27473,9.385457684453952,55.36360532386685
27474,138.69266408420063,35.19704178345407
27475,13.455212988465943,39.43672884710381
27476,2.7319952314861773,52.78353156906633
27477,29.46792745591155,40.712426040664816
27478,136.11840498539067,33.98259967863825
27479,0.36445145334735896,51.058812679714976
27480,0.9352172087477362,39.16129580891923
27481,-122.44304987338447,47.34506786491647
27482,-1.6883537065298189,49.53781458365093
27483,16.526327996282603,54.207676463894444
27484,3.500946662063183,51.486040840217186
27485,14.38950857531465,57.66068352947598
27486,-3.235099207539832,49.92544955862665
27487,11.08979098209939,57.40025943939206
27488,0.1112297911401313,39.5244756162082
27489,-5.650885000995598,38.50222961481269
27490,174.1561433837674,-40.74479266887121
27491,9.573379199660303,43.84801804851565
27492,126.74545237888978,36.86828226542427
27493,4.457010773677734,52.13879632885897
27494,6.9202803720706525,39.88249830344992
27495,4.565425854169115,51.95607293368211
27496,10.274722775860312,42.525924991873154
27497,1.308462358153215,45.60326985022225
27498,-93.94241704321297,29.867136271667345
27499,10.043371643772034,41.96737548753679
27500,29.283772328840058,40.84544922758102
27501,-109.82376882962849,24.833961574083045
27502,2.089599308213497,52.667443757000584
27503,3.546491275253558,52.12652316537884
27504,21.494635594580743,59.008433292774356
27505,-75.78784450312368,35.470898447387995
27506,0.7866968814800466,48.223888905729666
27507,152.6280103684254,-29.401760525802988
27508,24.815452850635648,39.396836683113115
27509,-122.5007152776166,47.339558954922396
27510,-46.807013830873146,-24.336186474832537
27511,-72.24788313333333,20.24479116666667
27512,-3.679373667459071,49.147976966931154
27513,101.38397351740883,10.336955070203729
27514,-4.109628057647974,48.81137051710265
27515,115.67432191736427,-32.04359304668634
27516,-123.32627307971147,41.12609993783316
27517,-64.64050901666667,-15.789266149999998
27518,-74.02950653470519,39.98645776822132
27519,-123.23303354821506,35.55366242792295
27520,10.130450646177467,57.378088702138065
27521,13.500522869793922,54.920311162440875
27522,9.903768068898525,41.65780193733674
27523,2.7125798129926535,50.16015416450773
27524,1.0327733725191397,51.72024487572101
27525,-76.6440096916175,34.298789360264436
27526,2.7809436498496827,37.81888527514605
27527,12.443269374538513,39.618371848719306
27528,12.525549054464804,55.06586839180883
27529,115.66443277750854,-31.93815351532148
27530,134.08970685660657,36.645784303792986
27531,14.702727726147915,37.812634802190445
27532,4.3416874791718,51.44969254193973
27533,6.719654414052186,54.18409002890812
27534,2.075244229190934,51.55477232249784
27535,-102.4648605080769,17.385520638242202
27536,0.1948966024936071,50.586490211354096
27537,4.511994184809456,52.91106012573814
27538,3.86735070381691,52.59417241035147
27539,6.192179959490049,54.13706163219478
27540,103.79603744490254,7.999613755416456
27541,138.33608732796645,34.536778200123535
27542,0.13962685741648873,39.15834764617179
27543,1.16539822945414,50.69784925656413
27544,1.16539822945414,50.69784925656413
27545,104.71663991383423,9.396424412709175
27546,26.394879380762994,37.03081380785777
27547,-2.8760128643103804,48.15061458994251
27548,6.019988103194642,52.705319808271334
27549,-79.80583689415722,27.871684879384915
27550,32.058038912896855,35.24322923520856
27551,-79.14182538757979,25.79482305161362
27552,4.0886771509045845,52.31753754107101
27553,7.590475410663704,53.69298445497731
27554,4.322998842852246,52.583663070992856
27555,6.962565346549832,53.12640930643254
27556,128.10178292724186,36.48256866142639
27557,6.012105504111008,53.993033394654546
27558,121.79865385140654,26.614092678980604
27559,3.3630679449591416,51.472967677927066
27560,-7.8730138864417265,38.140442144077014
27561,17.86401472413465,57.099048558347384
27562,116.08770588720814,6.042466511608772
27563,-1.0822123827438848,48.77762187538382
27564,-77.39137799696897,36.232290330596335
27565,32.351022791666665,34.96165050833335
27566,8.828932901109939,54.162672624436716
27567,123.73207225781341,29.506178108240455
27568,13.907166668082832,39.688002022481726
27569,-9.334795060889151,41.216054939259166
27570,3.5131432214296208,53.48613353989409
27571,10.000106593224203,55.29536668422352
27572,4.5571868749212765,53.80812615056226
27573,-1.0530709731882841,39.576175940445935
27574,27.25903118181817,-28.29889050454548
27575,14.213536463266136,39.98043688335519
27576,5.002817120215922,52.93344049019269
27577,7.572969127664486,53.763795778365704
27578,6.545316689091992,53.26860689348925
27579,-75.69111367062447,10.648752879050845
27580,-7.124366841904762,34.64381716499998
27581,11.043436430119057,54.02121689729179
27582,12.515595488484347,55.07051750260614
27583,19.93385324959688,37.68477863167327
27584,174.36003314275374,-41.36123211007247
27585,5.501209825480559,40.806883205621986
27586,2.929945197316806,39.324166504175054
27587,3.7464157573535726,52.36959523810319
27588,-18.62973314868916,40.22817220544049
27589,-8.182621720574412,51.31639788163921
27590,0.7999767970702244,50.19101163251244
27591,132.17933481780778,-35.76388899805594
27592,-0.08331153573129103,50.52924911253426
27593,-10.161186420220217,34.68785425726519
27594,2.4307545826532975,51.85427189209288
27595,17.75882454190445,57.36876688083467
27596,4.147854396651238,51.38343188160903
27597,2.3965015238819807,52.500492937388465
27598,110.94787656495683,-18.373542857948497
27599,-2.9336349238150183,49.709006665521635
27600,2.9781435890008954,51.982412443710764
27601,4.929145564360123,52.13053823938419
27602,-1.3778731908300994,50.560735518061975
27603,-2.355135486085283,50.031697103194965
27604,2.473584916724332,51.64423752688983
27605,2.3428435693168885,51.86047451959805
27606,-6.102727256095213,44.38296972972184
27607,18.243890000805354,40.52409725796999
27608,-15.361521886534426,28.295411538584858
27609,0.6516867645024839,39.13266208225354
27610,1.3964544834267034,47.22229931796355
27611,-54.096143812739705,35.73981446013266
27612,136.55172274096398,34.71751770169086
27613,-0.9355937046165486,49.26953602009672
27614,0.9252515620520994,50.78073039651649
27615,1.6812790402485396,49.98151243530792
27616,5.289436742779749,53.70865811584532
27617,-123.23303354821506,35.55366242792295
27618,138.61008121193913,35.052030204475415
27619,136.12337078539068,33.98373347863825
27620,-79.57735264030673,9.501172302662564
27621,12.443269374538513,39.618371848719306
27622,6.019988103194642,52.705319808271334
27623,-7.992528549545939,44.29220105674226
27624,29.283772328840058,40.84544922758102
27625,-1.743955122917702,49.52115720934617
27626,-46.80739848087315,-24.33590707483254
27627,-123.33746070962847,42.778527136671485
27628,-74.02926904137185,39.98575155488799
27629,134.0912673566066,36.644421703792986
27630,3.962927083518074,52.11098563264952
27631,3.5464912641424466,52.12652344940662
27632,10.99675110763495,57.351035284517735
27633,2.7319952314861773,52.78353156906633
27634,-5.650885000995598,38.50222961481269
27635,174.15343512376745,-40.74094832887121
27636,31.621179790266915,36.07730556512342
27637,0.1112297911401313,39.5244756162082
27638,-122.44304987338447,47.34506786491647
27639,9.592627683926823,43.83505492615067
27640,126.75601840055646,36.890030922090936
27641,4.457009432011066,52.13879632885898
27642,6.926857672070652,39.88178810344992
27643,4.565425854169115,51.95607293368211
27644,10.274722775860312,42.525924991873154
27645,1.3084622682528106,45.6032680598332
27646,10.042602943772033,41.96330832087012
27647,-3.1631715027954095,49.96601406304177
27648,-93.94241704321297,29.867136271667345
27649,-109.82719966688093,24.827454169595295
27650,2.089599308213497,52.667443757000584
27651,21.48914188346963,59.00413610944101
27652,-3.0736977110578447,48.2423115687433
27653,-75.78781490312367,35.46644834738799
27654,16.52632865786092,54.20767627425588
27655,0.7866965064800467,48.22388920572966
27656,152.63041036842543,-29.404347225802994
27657,12.515595488484347,55.07051750260614
27658,24.90894057063565,39.455296463113115
27659,-72.33277446666666,20.224937933333344
27660,-3.674591608728912,49.15033521534385
27661,-79.12150418757979,25.782336851613618
27662,0.14010565741648864,39.1584755961718
27663,-122.5007152776166,47.339558954922396
27664,101.3809467674088,10.33432727020373
27665,-9.338224642555817,41.2122162075925
27666,3.542272362063183,51.52074234021718
27667,115.67431868892889,-32.043593201244164
27668,-64.63702571666667,-15.788449349999999
27669,13.455212788465944,39.436729147103804
27670,13.531227169793922,54.932304762440864
27671,27.263269481818174,-28.297205004545475
27672,10.130450646177467,57.378088702138065
27673,-76.64660306782119,34.14766336989407
27674,2.7125798129926535,50.16015416450773
27675,9.902161268898526,41.65729733733674
27676,4.53654973325461,53.794114733895604
27677,12.525606754464802,55.06576139180883
27678,115.66443277750854,-31.93815351532148
27679,1.0327733725191397,51.72024487572101
27680,14.697594059481245,37.86998506552378
27681,6.832343051543354,54.19158495786783
27682,4.3416874791718,51.44969254193973
27683,27.263187499999994,-28.296709400000026
27684,2.1084749868556556,51.56252252659087
27685,4.317319373287029,52.583419329728024
27686,3.86735070381691,52.59417241035147
27687,1.1653981294541402,50.697848856564136
27688,1.1653981294541402,50.697848856564136
27689,4.5126568448917395,52.91107319652397
27690,9.051192415559392,55.18116048456177
27691,6.18879769282338,54.13143603219476
27692,103.78593393069801,7.994384756742213
27693,123.59849335781342,29.414853708240454
27694,104.71466042633423,9.404881754375841
27695,-7.128018741904765,34.64055926499999
27696,26.394879380762994,37.03081380785777
27697,-2.8760128643103804,48.15061458994251
27698,-10.066641920220214,34.75081979059852
27699,32.00251857540883,35.2172713555327
27700,2.790372349849682,37.81595474181271
27701,7.58313817733037,53.69300007164397
27702,-16.544619764553904,25.086284856120464
27703,8.832385788080478,54.30915778614265
27704,4.0938977992196035,52.318605907737684
27705,-79.80583689415722,27.871684879384915
27706,-6.1014104978687165,44.383876663662214
27707,6.962565346549832,53.12640930643254
27708,-54.09701799940637,35.738543713465994
27709,136.59551676768834,34.729516674289435
27710,110.94693196495683,-18.3740404579485
27711,11.003123500012157,54.00700478337661
27712,5.289436742779749,53.70865811584532
27713,116.0877011205415,6.0424621949421065
27714,138.33671972796645,34.53742630012354
27715,13.907166668082832,39.688002022481726
27716,9.957294136122108,55.31409776071415
27717,5.0002978202159225,52.93254369019269
27718,32.35150840833333,34.95930409722224
27719,-8.116957712328157,36.85055427978438
27720,122.5246428153748,27.08073267771077
27721,-7.8730138864417265,38.140442144077014
27722,3.5131432214296208,53.48613353989409
27723,0.2024030463171365,50.5916622823835
27724,1.455311434375934,47.21896284842546
27725,-4.109628057647974,48.81137051710265
27726,-1.0981209103311413,39.52013236330308
27727,6.032094098524836,54.0049893682466
27728,132.1780662178078,-35.766638598055934
27729,6.536871735556639,53.26841934449935
27730,-75.69111367062447,10.648752879050845
27731,18.298972125805353,40.561834824636655
27732,174.36245614275376,-41.35641541007248
27733,-77.39137799696897,36.232290330596335
27734,3.3630679449591416,51.472967677927066
27735,-7.94562964976633,51.39018275174022
27736,2.958758697316806,39.341271104175064
27737,3.744311657353573,52.36904373810318
27738,17.86401472413465,57.099048558347384
27739,17.738221666904447,57.37303688083468
27740,1.0812656384425683,50.28592083248881
27741,19.93793261645962,37.6835447232419
27742,-1.1223174827438847,48.85507787538382
27743,5.275629225480558,40.804292805622
27744,4.929145564360123,52.13053793938418
27745,-18.67909671518221,40.123674539294655
27746,-0.08642932115813837,50.525885105692005
27747,2.4307545826532975,51.85427189209288
27748,2.3830272111894013,51.81229734453804
27749,2.3965015238819807,52.500492937388465
27750,0.364003636153233,51.06422881796354
27751,14.38969937531465,57.66180722947597
27752,2.95059830423899,51.948330211219925
27753,-1.3778731908300994,50.560735518061975
27754,17.943485976344817,56.98479368563419
27755,-102.48123321483011,17.40089022456255
27756,2.474001196724332,51.642720306889835
27757,0.9472314310997183,50.78470917865935
27758,4.157628096651238,51.37770118160903
27759,128.10178292724186,36.48256866142639
27760,14.191624121252897,39.99722996801156
27761,-15.361521886534426,28.295411538584858
27762,-2.9227659271819535,49.71353860197324
27763,0.5108911652672405,39.06523608506166
27764,7.572969127664486,53.763795778365704
27765,-2.355135486085283,50.031697103194965
27766,-0.9369090846165485,49.269241580096725
27767,1.6812795402485394,49.981512058384844
27768,-79.57735264030673,9.501172302662564
27769,2.7319952314861773,52.78353156906633
27770,-8.121864012328158,36.92363237978437
27771,116.08771142054151,6.0424909949421055
27772,2.3830271475530376,51.812297196053194
27773,10.99675110763495,57.351035284517735
27774,-122.44304987338447,47.34506786491647
27775,10.038909243772034,41.955973270870125
27776,-1.154250410331141,39.45226686330307
27777,-74.02914604137185,39.986509354887986
27778,13.455212788465944,39.436729147103804
27779,13.907166668082832,39.688002022481726
27780,104.71620590966756,9.408641321042506
27781,26.394879380762994,37.03081380785777
27782,-2.8760131726437135,48.15061582327584
27783,4.929145610193456,52.13053804771751
27784,7.5774481336940065,53.68834695891671
27785,6.019988103194642,52.705319808271334
27786,4.096032449219603,52.32100857440435
27787,6.962565346549832,53.12640930643254
27788,122.64814715124781,27.231343368853626
27789,5.272063192147225,40.814028258955325
27790,0.8838706118179119,39.20224336564337
27791,174.15347525887427,-40.739933007973775
27792,9.605856184506532,43.82641784554867
27793,-18.743662265182216,39.99164853929466
27794,126.75000748388979,36.90210433875761
27795,0.1112212142170544,39.524478900823574
27796,10.130450646177467,57.378088702138065
27797,6.986407524570653,39.88216052844993
27798,4.565425854169115,51.95607293368211
27799,4.457009861177733,52.13879681131929
27800,10.251696899974158,42.548589342389704
27801,-93.94241704321297,29.867136271667345
27802,29.283772328840058,40.84544922758102
27803,1.3083893718242388,45.60486517697606
27804,-109.81797612202969,24.833680884281165
27805,2.089599308213497,52.667443757000584
27806,21.487984683469634,58.99903880944101
27807,16.300514390513065,54.190472984112404
27808,-75.78781490312367,35.46644834738799
27809,-1.7268936663209655,49.48229008624039
27810,-77.39137799696897,36.232290330596335
27811,0.7866960364800467,48.22388852906299
27812,152.63254520175877,-29.40220979246966
27813,24.95750757063565,39.48632436311312
27814,-72.33951206666667,20.229449633333342
27815,8.90678324215399,55.14356553496298
27816,-122.5007152776166,47.339558954922396
27817,138.33671972796645,34.53742630012354
27818,3.5464908193095015,52.12652362244955
27819,-3.6718097087289125,49.151485715343846
27820,-3.096128598777143,48.23647098277839
27821,12.529228255151015,55.07593403593946
27822,-46.807828780873145,-24.33601447483253
27823,101.38073406740881,10.33421557020373
27824,3.542272015853909,51.520742561088106
27825,-64.64517489523811,-15.782807064285718
27826,27.26318719999999,-28.29671690000002
27827,-123.31574487101945,42.90715778198141
27828,115.6743262008607,-32.04359544196386
27829,8.835157454747147,54.3464635528093
27830,2.800411210167143,37.81511376086033
27831,13.53751656979392,54.92424936244087
27832,2.7125798129926535,50.16015416450773
27833,4.328936991173208,52.57901115066298
27834,-79.13212848757979,25.780914051613617
27835,-76.83130674366959,34.01282780458717
27836,1.0337391725191396,51.72317997572102
27837,-16.544754874553902,25.077007526120465
27838,12.525786088447484,55.0658978179993
27839,115.66443809244362,-31.938147282926096
27840,12.443269374538513,39.618371848719306
27841,134.0883158566066,36.64063280379299
27842,-15.36152305073555,28.29541233368885
27843,9.53256131854596,41.65643126344491
27844,18.294639088305356,40.560943837136655
27845,14.834326363481244,37.91201767352378
27846,-102.48227741483011,17.401126124562545
27847,2.9793353139834737,39.35486040750839
27848,110.94446237745684,-18.37426695378183
27849,-79.80583689415722,27.871684879384915
27850,4.3416874791718,51.44969254193973
27851,3.744311657353573,52.36904373810318
27852,2.431617482653297,51.85431459209289
27853,17.866037916392717,57.10003995117892
27854,17.22883565023778,57.14231308559657
27855,4.150907696651238,51.37921398160903
27856,123.59849320781342,29.414854108240455
27857,132.1804247678078,-35.76992504805593
27858,9.959965783741156,55.31651603690462
27859,5.001480020215923,52.93292709019269
27860,-1.3778731908300994,50.560735518061975
27861,17.906849698698593,56.96783602067856
27862,27.263269181818167,-28.297212504545474
27863,14.224977944018208,39.90493625311775
27864,6.832342119501606,54.19158542661703
27865,-7.129455341904766,34.63925236499999
27866,12.771004523487063,54.76209445047283
27867,6.004596112161201,53.99288762279205
27868,0.21221353971336285,50.608362727666524
27869,2.130886736855656,51.56813447659088
27870,-75.69111367062447,10.648752879050845
27871,3.3630679449591416,51.472967677927066
27872,6.18825583282338,54.129914192194775
27873,11.003123500012157,54.00700478337661
27874,-7.892333468359603,51.40532358440078
27875,1.2023425778076482,50.44892390106023
27876,-1.1241549077438846,48.82391916705049
27877,4.5126568448917395,52.91107319652397
27878,2.474001196724332,51.642720306889835
27879,2.3965015238819807,52.500492937388465
27880,19.937072949344014,37.68423183394906
27881,10.86069091787485,53.94371974789423
27882,-2.9227659271819535,49.71353860197324
27883,2.92028550423899,51.93165991121993
27884,-10.113137520220214,34.676411790598515
27885,-54.01764677083494,35.88520868489456
27886,-6.101411272372685,44.38387634292177
27887,-5.648351959424227,38.50254724093079
27888,128.10178292724186,36.48256866142639
27889,0.325966025042122,50.94932565018576
27890,14.411721061822586,57.71191946677757
27891,0.45994186825493827,39.066603744991355
27892,32.37357980833333,34.95496799722224
27893,1.4242220748320242,47.269679696785964
27894,103.78030215160706,7.999721020833122
27895,7.572969127664486,53.763795778365704
27896,-9.255461732555817,41.041673987592496
27897,4.524804733254611,53.781231683895605
27898,-4.121110290981307,48.804529750435975
27899,-2.3551349360852827,50.031696853194966
27900,136.60101916024786,34.73649141291377
27901,0.9508458116857991,50.793807316113565
27902,31.90460670874216,35.24814818886605
27903,5.3123786146772565,53.739160248052215
27904,3.86735070381691,52.59417241035147
27905,6.543190485556639,53.269543694499355
27906,-0.9452638712832152,49.270588512318945
27907,3.4849916214296206,53.46546543989409
27908,1.6745347109414634,49.97883058247902
27909,1.165465952531063,50.69779683348721
27910,1.165465952531063,50.69779683348721
27911,174.34822994275376,-41.36243943507247
27912,-0.054677715143100845,50.520054995082155
27913,-7.6867384056724966,38.08616833061547
27914,27.254936099999988,-28.302846900000016
27915,-7.871462484252775,38.134340264619524
27916,18.22706753461716,40.52514060533841
27917,5.501209825480559,40.806883205621986
27918,3.5064809361797176,52.10657398816673
27919,138.68807208420063,35.188459183454064
27920,-79.57735264030673,9.501172302662564
27921,-76.93740492144737,33.93710502046019
27922,104.71181317383423,9.399092492709176
27923,-122.44304987338447,47.34506786491647
27924,29.283772328840058,40.84544922758102
27925,-46.82903107282215,-24.35161127243181
27926,-74.02950653470519,39.98645776822132
27927,16.72594060338434,56.932307987600225
27928,1.0327733725191397,51.72024487572101
27929,12.509705772580018,55.059442908841795
27930,134.0902781566066,36.64581310379298
27931,115.6644349091103,-31.938148088481654
27932,14.840398030147913,37.91171309019044
27933,1.0098536602670627,43.76548963391857
27934,4.3416874791718,51.44969254193973
27935,9.978815159682313,41.68054448716144
27936,6.775996579495866,54.18784652694114
27937,6.144616819640877,54.12217015047532
27938,4.5126568448917395,52.91107319652397
27939,3.8547946121685586,52.58211928668846
27940,1.1654659396582217,50.69779716472739
27941,1.1654659396582217,50.69779716472739
27942,103.79603803581162,7.999613814507366
27943,26.392555165450936,37.03571742000292
27944,6.019988103194642,52.705319808271334
27945,13.907166668082832,39.688002022481726
27946,-2.873459439865936,48.152173885498065
27947,7.579619527330369,53.694975521643975
27948,4.0966180560076415,52.33854157216131
27949,6.962565346549832,53.12640930643254
27950,116.08770588720814,6.042466511608772
27951,122.75653317997798,27.266263336123465
27952,5.9602081278391665,53.97464505598415
27953,10.130450646177467,57.378088702138065
27954,-79.11392681365304,25.73657022960854
27955,10.86069091787485,53.94371974789423
27956,11.00143682698019,57.344574223803455
27957,174.15565508376739,-40.74397356887121
27958,0.1112297911401313,39.5244756162082
27959,9.605856184506532,43.82641784554867
27960,-1.1043731020194532,39.3659588723074
27961,126.75387103102457,36.91604470808865
27962,4.457010298677733,52.13879626219231
27963,4.565425854169115,51.95607293368211
27964,-1.3778731908300994,50.560735518061975
27965,7.042520104925526,39.890011891039805
27966,8.872809687695668,54.299900459126064
27967,10.251696899974158,42.548589342389704
27968,-18.67909671518221,40.123674539294655
27969,-93.94241704321297,29.867136271667345
27970,-1.7520226910233463,49.44012318504991
27971,10.043371643772034,41.96737548753679
27972,-110.0059157022485,24.65789590859322
27973,21.481834283469635,59.01113565944102
27974,2.787735334667143,37.81212518686033
27975,16.760021396282603,54.23116286389443
27976,152.62946376842544,-29.40500402580299
27977,-72.33867566666667,20.211274433333337
27978,-75.78784450312368,35.470898447387995
27979,24.954321970635647,39.486498563113116
27980,-122.5007152776166,47.339558954922396
27981,4.929145558019544,52.130538681413164
27982,-3.670107900792405,49.15061620026449
27983,-10.062871270826276,34.71495402878035
27984,101.38313691351273,10.322373476697235
27985,8.907583342153991,55.14460131829632
27986,12.515595488484347,55.07051750260614
27987,3.5385491292335125,51.48467691480509
27988,-123.35094504260007,43.14504191985976
27989,10.657977191696522,55.98209086158509
27990,-64.6449306952381,-15.789800564285713
27991,138.34502062796645,34.538616100123534
27992,115.67432454176978,-32.043592314691125
27993,-77.39137799696897,36.232290330596335
27994,12.443269374538513,39.618371848719306
27995,18.488039796206273,57.45127503612583
27996,14.211733808359163,39.88159270734248
27997,136.63599315447627,34.747400551493804
27998,0.7866968814800466,48.223888905729666
27999,-2.916185645154304,49.73197103859856
28000,3.7464157573535726,52.36959523810319
28001,32.371224258333335,34.957985097222235
28002,2.089599308213497,52.667443757000584
28003,2.0674601518138633,51.56771284609535
28004,4.148146696651238,51.38347818160903
28005,13.416762184992557,40.10562498524399
28006,-3.1176184721104767,48.23141693277839
28007,123.73207915781342,29.506185608240457
28008,132.173856003382,-35.78381278592709
28009,13.613840939359138,54.95595152331044
28010,5.3123786146772565,53.739160248052215
28011,27.260238781818167,-28.299297604545483
28012,4.942249216673916,52.87512654294389
28013,-9.334346974222484,41.2163833925925
28014,-75.72931429792928,10.64723298125838
28015,1.6812790402485396,49.98151243530792
28016,2.3848752613504316,51.81163083930454
28017,12.771004523487063,54.76209445047283
28018,0.21393620077396888,50.620152476605924
28019,1.6324343447873244,47.33586079643475
28020,-7.176254295238096,34.59642965833332
28021,-4.109628057647974,48.81137051710265
28022,-8.199854834030535,51.36475960142183
28023,-16.5564019445539,24.93471621612046
28024,1.458546719116896,50.49600769059216
28025,-1.063032112548054,48.851779330224424
28026,3.032307761873916,39.407293014769465
28027,3.3630679449591416,51.472967677927066
28028,2.7319952314861773,52.78353156906633
28029,19.94044072643054,37.70055085733933
28030,-79.80583689415722,27.871684879384915
28031,0.2997500866550253,50.945210371798666
28032,2.7125798129926535,50.16015416450773
28033,-0.12040656103801053,50.51454126183091
28034,2.466503384860873,51.870159325018186
28035,-6.036198189287706,44.42701834339246
28036,-5.647079129219099,38.50273817072567
28037,2.3965015238819807,52.500492937388465
28038,128.10178292724186,36.48256866142639
28039,4.338689972345568,52.57917675299924
28040,174.36092764275375,-41.35882501007247
28041,-15.361521815251221,28.295411878660637
28042,2.91578800423899,51.93101331121993
28043,1.3084628256602182,45.60326856464801
28044,0.4055228112225848,39.033225851179175
28045,-54.09299701843403,35.73468111255254
28046,3.4849916214296206,53.46546543989409
28047,18.058970028146106,57.03302854953633
28048,-102.46310968651512,17.393746402694415
28049,2.473584916724332,51.64423752688983
28050,0.9532884116857991,50.794433901827844
28051,110.94787626495682,-18.373542757948496
28052,14.418190349441636,57.72885024011091
28053,9.968199136122108,55.317420160714136
28054,7.572969127664486,53.763795778365704
28055,6.5368199855566385,53.26837142783269
28056,4.575205774921276,53.81901408389559
28057,-2.3551359989885086,50.03169693545303
28058,-0.9513929602117865,49.27247961660466
28059,10.976800891643222,53.997522560026624
28060,31.903944508742157,35.25230578886603
28061,10.657977191696522,55.98209086158509
28062,18.488039796206273,57.45127503612583
28063,-123.26855232264917,35.55718263167601
28064,8.871986587695666,54.30501875912607
28065,-102.46230077984845,17.39186990936108
28066,11.850149594661241,55.6944854256333
28067,-1.3747497311666708,50.45509435378071
28068,10.86069091787485,53.94371974789423
28069,-18.67909671518221,40.123674539294655
28070,0.6453723067220848,39.14612199794565
28071,134.09183865660663,36.644450503792974
28072,8.867322136177439,55.10566131368549
28073,116.08770388720818,6.042460611608772
28074,138.68807208420063,35.188459183454064
28075,136.1554026505955,34.0103283789188
28076,-76.87697423642628,34.039759769917694
28077,138.34565302796645,34.53926420012353
28078,-7.8721806641797825,38.13765204028863
28079,10.042602943772033,41.96330832087012
28080,-77.39137799696897,36.232290330596335
28081,24.95750757063565,39.48632436311312
28082,-3.6653258420622463,49.15297444867718
28083,-122.5007152776166,47.339558954922396
28084,-46.65858903521318,-24.01156679984464
28085,-79.57735264030673,9.501172302662564
28086,101.37614958017939,10.321087343363907
28087,3.580091529233513,51.5190395148051
28088,-123.412547120308,43.552865982931316
28089,-64.6390383952381,-15.788674664285713
28090,115.67432454176978,-32.043592314691125
28091,12.515595488484347,55.07051750260614
28092,-74.02914604137185,39.986509354887986
28093,13.416761784992557,40.105625285243995
28094,13.833514814359138,55.03654768581041
28095,2.7125798129926535,50.16015416450773
28096,1.0024134145634984,51.71102619510385
28097,12.50976347258002,55.059335908841796
28098,115.6644349091103,-31.938148088481654
28099,14.837954063481245,37.91200567352377
28100,4.3416874791718,51.44969254193973
28101,6.888684700702992,54.19534167607046
28102,9.977208359682312,41.680039887161435
28103,6.079550966307543,54.10720637047532
28104,4.5126568448917395,52.91107319652397
28105,3.8547946121685586,52.58211928668846
28106,103.78593452160709,7.994384815833123
28107,1.1654658396582216,50.69779676472739
28108,1.1654658396582216,50.69779676472739
28109,13.907166668082832,39.688002022481726
28110,26.398735086523583,37.043759323202465
28111,104.71466942633423,9.40674995437584
28112,6.019988103194642,52.705319808271334
28113,-2.873459439865936,48.152173885498065
28114,-6.036198059426595,44.427018434143726
28115,18.27997497628382,40.56028127200507
28116,7.623407827330369,53.69778948831063
28117,10.130450646177467,57.378088702138065
28118,4.130493812527113,52.34591504266112
28119,6.962565346549832,53.12640930643254
28120,123.35955224394624,27.575388734853632
28121,27.26443128181817,-28.29696710454548
28122,1.0070159602670627,43.76753063391857
28123,5.275629225480558,40.804292805622
28124,10.995172612230654,57.36419153377562
28125,2.5520201205895905,51.43208375819533
28126,0.1112297911401313,39.5244756162082
28127,174.15293921998537,-40.74015989130711
28128,-0.9527084402117865,49.27218547660466
28129,-122.44304987338447,47.34506786491647
28130,9.605107425798343,43.825977276113825
28131,126.74864813935787,36.9232815247553
28132,4.457009102844399,52.138796526081194
28133,4.565425854169115,51.95607293368211
28134,5.959159927839166,53.97404065598415
28135,7.019136671592192,39.91504902437313
28136,2.8011053846671428,37.80873228686033
28137,10.251696899974158,42.548589342389704
28138,4.929145558019544,52.13053838141316
28139,4.157751996651237,51.37782128160903
28140,4.341890102780351,52.57993269173442
28141,-93.94241704321297,29.867136271667345
28142,1.6454125402485393,49.999061258384835
28143,-109.99455310436899,24.662860820692604
28144,-79.80583689415722,27.871684879384915
28145,29.283772328840058,40.84544922758102
28146,-15.36152221525122,28.295411878660637
28147,110.94693196495683,-18.3740406579485
28148,21.462700333469634,58.994107909441006
28149,5.288322606328119,53.72480900759744
28150,123.59849335781342,29.414853708240454
28151,16.76560905786092,54.23486247425588
28152,0.2935858528225554,50.63560537503385
28153,3.7486523115640993,52.369741526048045
28154,12.443269374538513,39.618371848719306
28155,-7.1773689952380995,34.59539115833332
28156,-9.51273022764841,41.00859563523139
28157,-72.34499116666667,20.213229733333343
28158,-75.72931429792928,10.64723298125838
28159,-5.647079129219099,38.50273817072567
28160,-75.78781490312367,35.46644834738799
28161,1.3080905682528106,45.602551309833196
28162,-16.545254964553905,25.073139856120466
28163,6.47833769347149,53.26207682595534
28164,12.771004523487063,54.76209445047283
28165,3.071368937065732,39.43533512540823
28166,-0.11030435800024369,50.51632543317739
28167,-3.028509860997685,50.00494813592844
28168,3.3630679449591416,51.472967677927066
28169,136.63885105516593,34.75357638666621
28170,152.63254520175877,-29.40220979246966
28171,-8.188161017363871,51.3666242830885
28172,-1.0238165493901592,48.88466584952268
28173,174.36023684275378,-41.35591861007248
28174,-2.916185712896239,49.73197154505017
28175,2.474001196724332,51.642720306889835
28176,1.664833337836196,50.55017995230125
28177,19.94452039329329,37.699316848907955
28178,1.6342388308984355,47.33468083254586
28179,-10.057255670826272,34.71625782878034
28180,-54.09359041843403,35.735714812552544
28181,-4.096114857647973,48.77884911710265
28182,2.7319952314861773,52.78353156906633
28183,2.466503384860873,51.870159325018186
28184,10.976800891643222,53.997522560026624
28185,2.3965015238819807,52.500492937388465
28186,0.2997500866550253,50.945210371798666
28187,31.905105208742157,35.250341588866036
28188,14.418381149441636,57.729973940110895
28189,0.4067105215256151,39.032751982088264
28190,-1.3431352209548726,50.58378388576842
28191,0.9532884116857991,50.794433901827844
28192,128.10178292724186,36.48256866142639
28193,0.7866963064800467,48.22388925572967
28194,14.092368178783802,39.92952044296793
28195,2.91578800423899,51.93101331121993
28196,4.939729916673915,52.87422974294389
28197,32.37222300833333,34.957113297222236
28198,-79.09364341365304,25.723070729608533
28199,-2.3551359989885086,50.03169693545303
28200,2.065711112945061,51.560926746748066
28201,18.247263217773636,57.09285101677379
28202,2.396289700612478,51.81437561665342
28203,132.172847583382,-35.78511283592709
28204,9.929100092788778,55.31106570404748
28205,2.089599308213497,52.667443757000584
28206,7.572969127664486,53.763795778365704
28207,4.560703799921278,53.7886258338956
28208,3.473668232838212,53.469049268299
28209,-0.9259386153527859,39.30970451897407
28210,-3.206369681469239,48.2008049477024
28211,2.5520201205895905,51.43208375819533
28212,8.880752814362333,54.34787899912606
28213,6.48198499347149,53.262608325955334
28214,8.865357236177438,55.10266246368548
28215,5.959159927839166,53.97404065598415
28216,-46.26265327777779,-22.372562038888894
28217,13.416762184992557,40.10562498524399
28218,134.08535605660663,36.63887310379298
28219,138.34565302796645,34.53926420012353
28220,-0.870873810418908,51.466528011345936
28221,104.71620590966756,9.408641321042506
28222,3.472418582838212,53.46944268496567
28223,-7.275933081140437,35.44581779099322
28224,10.976800891643222,53.997522560026624
28225,-122.44304987338447,47.34506786491647
28226,4.457009861177733,52.13879681131929
28227,138.6893144842006,35.190039483454065
28228,29.283772328840058,40.84544922758102
28229,-1.7398636846657103,49.40192183014787
28230,1.6386676902485393,49.996376958384836
28231,-74.5686974455813,39.10888127647863
28232,-123.27444448931583,35.55449724834267
28233,-2.916185712896239,49.73197154505017
28234,-64.64334069523811,-15.783287564285718
28235,12.529228255151015,55.07593403593946
28236,-74.02914604137185,39.986509354887986
28237,13.937165189359135,55.06415244831042
28238,2.7108108625291556,50.15887753657076
28239,-76.87723763642629,34.03604546991769
28240,12.509942806562703,55.059472335032275
28241,115.66443723291982,-31.938141702767368
28242,16.251400969109227,38.28435094517888
28243,4.3416874791718,51.44969254193973
28244,6.88868445890969,54.195342220658176
28245,6.072549481783733,54.09971158357056
28246,4.5126568448917395,52.91107319652397
28247,3.8419140861481504,52.565474447912955
28248,103.78602012160707,7.994662515833122
28249,26.398735086523583,37.043759323202465
28250,1.1654658396582216,50.69779676472739
28251,1.1654658396582216,50.69779676472739
28252,9.978083359682312,41.68072128716144
28253,-2.8234986231992694,48.15834676049807
28254,6.019988103194642,52.705319808271334
28255,13.907166668082832,39.688002022481726
28256,7.61919346702734,53.69247480891671
28257,6.962565346549832,53.12640930643254
28258,4.133467312527113,52.347929275994446
28259,9.932216892788775,55.309814804047484
28260,123.46002381093037,27.616010188218702
28261,116.08771142054151,6.0424909949421055
28262,5.276203825480557,40.80361157562199
28263,10.995172612230654,57.36419153377562
28264,0.1112297911401313,39.5244756162082
28265,11.775119665239059,41.37012362550454
28266,174.15293771998537,-40.7401653913071
28267,-7.7797652282569265,44.552735059643055
28268,126.73741270602456,36.923293458088644
28269,9.605107425798343,43.825977276113825
28270,-2.3551359989885086,50.03169693545303
28271,7.142308917046738,39.89862478043374
28272,10.251696899974158,42.548589342389704
28273,4.565425854169115,51.95607293368211
28274,-15.361522986679791,28.29541237866064
28275,-72.39262586666666,20.20507703333334
28276,-93.94241704321297,29.867136271667345
28277,2.804187384667143,37.80998348686033
28278,10.038909243772034,41.955973270870125
28279,-109.9676207515164,24.687427146955017
28280,10.130450646177467,57.378088702138065
28281,16.534240190513064,54.213968784112396
28282,31.90460670874216,35.24814818886605
28283,21.460113133469637,58.99167100944101
28284,27.261971081818164,-28.297726304545478
28285,-102.46937467508653,17.395331161742032
28286,14.122171169070695,39.94475201110275
28287,-75.78781490312367,35.46644834738799
28288,152.6316330350921,-29.405652392469662
28289,-77.39137799696897,36.232290330596335
28290,-79.09115586365303,25.73081744482593
28291,24.95750757063565,39.48632436311312
28292,-3.0674929461133456,49.98513068183894
28293,1.7374536502061286,47.42822213046894
28294,-1.0231032493901593,48.88448214952268
28295,101.37539838017938,10.320613943363906
28296,-3.6678604420622456,49.152668148677186
28297,18.37111417628382,40.556878572005076
28298,-79.80583689415722,27.871684879384915
28299,2.467366284860873,51.87020202501819
28300,-7.179494195238101,34.593426258333324
28301,12.443269374538513,39.618371848719306
28302,0.9850073616857992,50.80310270182785
28303,0.7866958364800467,48.223888679062995
28304,-9.514231599315075,41.00654781689806
28305,3.546486875537409,52.126524458883615
28306,-79.57735264030673,9.501172302662564
28307,3.7486523115640993,52.369741526048045
28308,0.39560982152561514,39.0328802154216
28309,32.37357980833333,34.95496799722224
28310,2.089599308213497,52.667443757000584
28311,2.0354742287345347,51.53945894148491
28312,1.0081290102670626,43.76773818391857
28313,10.627956236140967,55.967274436585086
28314,123.59849320781342,29.414854108240455
28315,11.846907347157632,55.69561859164341
28316,4.9291458580195435,52.13053828141315
28317,4.157752196651238,51.37782098160902
28318,132.17704933671533,-35.788584669260416
28319,4.940912116673917,52.87461314294389
28320,27.26291839999999,-28.29658470000002
28321,3.3630679449591416,51.472967677927066
28322,5.288322606328119,53.72480900759744
28323,2.913363882411374,51.21849539858553
28324,-18.571030785182217,40.02415138215179
28325,-10.063935950826272,34.73575812878034
28326,3.5800912217147154,51.51903920984269
28327,-0.9227551153527859,39.30890151897407
28328,-6.036197881549611,44.4270178679271
28329,2.3965015238819807,52.500492937388465
28330,-16.5438014745539,25.07546472612047
28331,-3.2084305481359054,48.20041356436907
28332,-9.050339055956659,40.798156930496155
28333,4.341890102780351,52.57993269173442
28334,19.82896119412071,37.79904739462813
28335,0.25337642415502515,50.95056328429867
28336,14.415017134441634,57.72174941469422
28337,2.91578800423899,51.93101331121993
28338,0.4011052921771342,50.64317882366972
28339,-0.10810388514310082,50.51622934508216
28340,2.7319952314861773,52.78353156906633
28341,-75.72931429792928,10.64723298125838
28342,128.10178292724186,36.48256866142639
28343,10.86069091787485,53.94371974789423
28344,4.559902899921277,53.79008848389561
28345,18.482640231619932,57.168350995710355
28346,2.3962896369761144,51.814375468168585
28347,-5.647078995885766,38.50273831739233
28348,12.771004523487063,54.76209445047283
28349,0.9620322908740075,51.70076735477053
28350,3.081213887065732,39.43925904540823
28351,1.3083895718242389,45.604864766976064
28352,7.572969127664486,53.763795778365704
28353,2.474001196724332,51.642720306889835
28354,-4.107597090981306,48.77200835043598
28355,-1.3836095454229578,50.561364165403674
28356,-8.175323017363871,51.36684638308849
28357,-123.5256294745196,44.033018748064706
28358,110.94446296495684,-18.374266757948497
28359,1.712889026725085,50.56025323563458
28360,174.36114294275376,-41.35802073507248
28361,-53.27948842104654,35.97885158873799
28362,136.63885105516593,34.75357638666621
28363,-122.5007152776166,47.339558954922396
28364,-0.9529398402117866,49.272800776604655
28365,115.67432454176978,-32.043592314691125
28366,11.848072147157634,55.69758165831007
28367,-74.5695112268313,39.108785532728625
28368,1.0081294102670626,43.76773768391857
28369,11.769422987397775,41.3560630650529
28370,-77.39137799696897,36.232290330596335
28371,136.15526904187212,34.00246024072731
28372,13.377104521025656,39.99295902269603
28373,3.463620626239343,53.472231805135344
28374,-15.361521815251221,28.295411878660637
28375,6.412571460693548,53.256980572885055
28376,5.9602081278391665,53.97464505598415
28377,29.283772328840058,40.84544922758102
28378,21.450338094580744,59.002445992774355
28379,-1.7456009868328932,49.394285889938885
28380,-79.57735264030673,9.501172302662564
28381,-46.59116487500001,-21.88777082916668
28382,4.086975455735294,52.26313611442518
28383,-18.52385033042031,40.14954212738989
28384,134.08851894751567,36.648280567429346
28385,138.34502062796645,34.538616100123534
28386,-7.871462484252775,38.134340264619524
28387,27.26088679999999,-28.29991010000002
28388,116.08770895387481,6.04246215327544
28389,5.529560582623414,40.82685663419342
28390,10.994342783954792,57.353133905154934
28391,8.782149682378419,55.0586570588448
28392,4.457010507011066,52.13879647885898
28393,-110.21004952108846,24.460705691452567
28394,10.045247715200606,41.960221673251084
28395,16.760021196282604,54.23116266389444
28396,-75.78784450312368,35.470898447387995
28397,152.62746003509207,-29.403840092469654
28398,24.954321970635647,39.486498563113116
28399,-3.670107900792405,49.15061620026449
28400,101.37785930934608,10.32322501003057
28401,3.423512046375476,51.35411961484533
28402,-123.55265638107643,44.118790539124014
28403,-16.556342144553902,24.933320616120465
28404,115.67433071400215,-32.043593814517585
28405,-64.65092369523809,-15.790777164285714
28406,-123.29263697598249,35.557232681676005
28407,-74.02850092701289,39.99141912975978
28408,12.514115589419948,55.06714895580915
28409,-76.9684344649977,33.90868429848911
28410,27.259022281818165,-28.299758004545478
28411,115.66443723291982,-31.938141702767368
28412,12.49612269236024,55.054160147303335
28413,2.7108108625291556,50.15887753657076
28414,18.54539038751673,38.981108798560534
28415,4.3416874791718,51.44969254193973
28416,-4.098460454920701,48.77669507357992
28417,-0.9544937289356138,48.78699899043177
28418,2.9650987376680007,51.23606585900101
28419,6.775997584635439,54.187883131902375
28420,6.070729716195432,54.1010971594886
28421,4.5126568448917395,52.91107319652397
28422,13.907166668082832,39.688002022481726
28423,103.7965067308116,7.998168163674031
28424,3.9015947269814837,52.62446417874629
28425,26.398735086523583,37.043759323202465
28426,1.1654659396582217,50.69779716472739
28427,1.1654659396582217,50.69779716472739
28428,104.71463927383422,9.399738572709175
28429,6.019988042639086,52.7053199073454
28430,-2.7791421245062278,48.17739736112923
28431,-3.2375759064692384,48.1821703477024
28432,9.931088395080215,41.687013028110066
28433,10.976800891643222,53.997522560026624
28434,6.962565346549832,53.12640930643254
28435,7.698580234193115,53.693405802036125
28436,4.181257901712096,52.39787460078612
28437,9.923625292788778,55.315078304047475
28438,3.546484818541294,52.12652318246888
28439,123.42127914942243,27.721833866679027
28440,2.822983944667142,37.79398427019367
28441,12.444237198438087,39.61420771776845
28442,3.7507564115640992,52.370293026048046
28443,18.314617269168018,40.53132343542205
28444,1.6454120402485395,49.99906163530792
28445,-3.042003656564906,49.994220408657476
28446,10.130450646177467,57.378088702138065
28447,-2.90045863682097,49.74157692470967
28448,174.1544139837674,-40.741991068871215
28449,-79.80583689415722,27.871684879384915
28450,10.353342913085793,41.50629785933227
28451,110.94787514829014,-18.373546718662784
28452,1.7349063502061282,47.43183648046894
28453,-122.44304987338447,47.34506786491647
28454,9.605107425798343,43.825977276113825
28455,0.1112297911401313,39.5244756162082
28456,126.68735151602453,36.98240121308865
28457,3.090732537065732,39.455834908741565
28458,7.169945174189596,39.89554585186231
28459,-53.32106988045129,35.97841407730942
28460,10.251696899974158,42.548589342389704
28461,-0.9329317428087315,49.28572951823751
28462,-102.51121916524276,17.45753150541204
28463,31.804868096785636,35.28737163886603
28464,4.565425854169115,51.95607293368211
28465,-10.029159638445323,34.76019281401844
28466,123.73207911614676,29.50618575824046
28467,5.238805238303429,53.67403665924353
28468,4.942249216673916,52.87512654294389
28469,2.089599308213497,52.667443757000584
28470,-9.509300645981742,41.01243436689805
28471,-2.3551359989885086,50.03169693545303
28472,1.9802719129722226,51.541265206822224
28473,-1.3556633623554597,50.57898942355047
28474,-72.38836876666664,20.177199533333336
28475,-79.08393895108892,25.733375833287464
28476,3.3630679449591416,51.472967677927066
28477,132.47810334385818,-35.83814625140329
28478,0.3803942002344278,50.64041638332137
28479,2.466029718194206,51.87033082501818
28480,-1.0720393277459486,39.15958736284464
28481,-75.72931429792928,10.64723298125838
28482,14.05116984769247,55.10232261914376
28483,0.37152519159108655,50.95638702633707
28484,0.8963383480168643,51.66334154762767
28485,2.7319952314861773,52.78353156906633
28486,-6.029169146003118,44.42712533005372
28487,-7.198712295238098,34.577565408333314
28488,2.3965015238819807,52.500492937388465
28489,19.82951889437357,37.79911529235235
28490,14.513586233199398,57.73360437463212
28491,2.91578800423899,51.93101331121993
28492,1.0040655428546301,50.806495761455174
28493,128.10594547912444,36.48161534210192
28494,4.346178005678901,52.57825648633256
28495,10.86069091787485,53.94371974789423
28496,14.13991556420904,39.855319025043976
28497,4.601695116587944,53.822084350562264
28498,18.655122965850257,57.25491278564628
28499,2.4645304933909986,51.62845293355649
28500,4.148146696651238,51.38347818160903
28501,2.3133278841862066,51.968647935590205
28502,-5.647079129219099,38.50273817072567
28503,12.771004523487063,54.76209445047283
28504,1.3084623207582569,45.60326965778527
28505,0.34933349948487347,39.02280158978517
28506,7.572969127664486,53.763795778365704
28507,136.5499296726484,34.78336800904383
28508,174.33922684275373,-41.38124506007248
28509,-122.5007152776166,47.339558954922396
28510,-8.183052808117283,51.364499429855066
28511,0.7866968814800466,48.223888905729666
28512,1.8292499802977402,50.60925771846237
28513,32.271447693484845,35.00013934994951
28514,-0.12064088501037118,50.51496623721852
28515,-93.94241704321297,29.867136271667345
28516,10.627318291696524,55.97261081158509
28517,5.9602081278391665,53.97464505598415
28518,-7.8721806641797825,38.13765204028863
28519,-2.9082026118209705,49.735559683043
28520,5.529560582623414,40.82685663419342
28521,16.398583311758323,56.79186505471402
28522,2.983471637392828,51.23802260688844
28523,-77.39137799696897,36.232290330596335
28524,-46.56873027500001,-21.890512229166678
28525,3.970464783518074,52.10980513264953
28526,10.042339643772033,41.959401520870124
28527,27.264892399999994,-28.29773130000002
28528,-1.7456009868328932,49.394285889938885
28529,11.85675154291521,55.6918282345222
28530,-123.31999855704309,35.55727555516086
28531,10.976800891643222,53.997522560026624
28532,116.08770388720818,6.042460611608772
28533,-3.0151256416893544,50.006329728016006
28534,-122.44304987338447,47.34506786491647
28535,4.427215612445849,52.15921947958362
28536,138.68807207991492,35.188458911668356
28537,7.1711100741895955,39.895413651862306
28538,4.565425854169115,51.95607293368211
28539,10.251696899974158,42.548589342389704
28540,29.283772328840058,40.84544922758102
28541,-110.2249043556639,24.442199251229376
28542,-93.94241704321297,29.867136271667345
28543,21.44886438346963,59.00003630944102
28544,16.760021657860918,54.23116247425588
28545,-75.78781490312367,35.46644834738799
28546,152.62986003509207,-29.40642679246966
28547,24.95750757063565,39.48632436311312
28548,-3.6653258420622463,49.15297444867718
28549,-79.57735264030673,9.501172302662564
28550,18.39682637356196,40.56261073163417
28551,101.37796275934606,10.319622710030572
28552,-123.53190946239746,44.1265200190928
28553,3.3429634086943167,51.258723169917786
28554,-64.64526149523812,-15.789133464285712
28555,115.67433071400215,-32.043593814517585
28556,-74.02926904137185,39.98575155488799
28557,13.381270004358989,40.00011485451421
28558,1.6454112402485395,49.99906121394039
28559,2.7108108625291556,50.15887753657076
28560,-2.8264072155159905,39.509980577287706
28561,-76.87454786499771,34.02163802706055
28562,12.49612269236024,55.054160147303335
28563,115.66443723291982,-31.938141702767368
28564,134.0861363475157,36.64435886742934
28565,18.543710987516732,38.98085119856053
28566,4.3416874791718,51.44969254193973
28567,6.888685695841657,54.19534098138428
28568,3.8419140861481504,52.565474447912955
28569,4.518960735517568,52.904050859953685
28570,12.444237198438087,39.61420771776845
28571,103.78581026531715,7.993378492178331
28572,13.907166668082832,39.688002022481726
28573,6.065432800481145,54.09008314663144
28574,6.019988042639086,52.7053199073454
28575,26.413348769111398,37.06521834325615
28576,1.1654658396582216,50.69779676472739
28577,1.1654658396582216,50.69779676472739
28578,1.3084621308578526,45.60326806739622
28579,-72.41183126666665,20.185469533333343
28580,104.71022082633422,9.405396234375841
28581,-2.730379931449793,48.19837073328265
28582,11.778040770132302,41.390156568284
28583,7.700622393997037,53.69209277164396
28584,6.962565346549832,53.12640930643254
28585,9.916519792788778,55.31356550404748
28586,4.244265845155319,52.44724691501688
28587,10.130450646177467,57.378088702138065
28588,2.8223550946671425,37.79079613686034
28589,123.60590062711616,27.817795162468006
28590,9.931088395080215,41.687013028110066
28591,3.546486124096849,52.12652401649667
28592,138.34565302796645,34.53926420012353
28593,-102.52123286048086,17.46207475779299
28594,-15.361521815251221,28.295411878660637
28595,8.761615328806991,55.009828026701946
28596,10.353342713085794,41.50629905933227
28597,11.037224716915098,57.367967111582836
28598,3.7486523115640993,52.369741526048045
28599,-0.9945988289356137,48.86445499043177
28600,-3.279736449326381,48.177364661988115
28601,10.615459858363188,55.97002718301366
28602,4.157920396651238,51.37774748160903
28603,174.13607063805318,-40.73586807172836
28604,-79.80583689415722,27.871684879384915
28605,3.0956022670657317,39.456173128741554
28606,2.269413362312828,51.4578838773379
28607,4.929145558019544,52.13053838141316
28608,0.3391583619848734,39.02292521895183
28609,136.55967552331506,34.78979221182161
28610,110.94787636495681,-18.373547232948496
28611,14.075587261252858,39.89924610820704
28612,2.089599308213497,52.667443757000584
28613,1.7325924502061283,47.432365380468944
28614,-53.32194406711797,35.97714333064275
28615,-10.096820488645973,40.03448923554453
28616,-122.5007152776166,47.339558954922396
28617,-0.9329315428087316,49.28572921823751
28618,12.515595488484347,55.07051750260614
28619,0.1112297911401313,39.5244756162082
28620,31.805855796785636,35.285722738866035
28621,2.036674773484573,51.56415522203029
28622,174.35105714275375,-41.350502110072476
28623,32.27227344348485,34.999582849949505
28624,-0.1154729734749853,50.515648609029796
28625,5.913058212492151,53.180362837811515
28626,-8.14155005978395,51.37330307485506
28627,14.132403447692468,55.141038919143746
28628,0.7866967814800466,48.22388900572966
28629,123.59847456320558,29.414748605299277
28630,5.238805238303429,53.67403665924353
28631,9.605107425798343,43.825977276113825
28632,4.939729916673915,52.87422974294389
28633,3.3630679449591416,51.472967677927066
28634,-3.9884946332832736,48.81797853849219
28635,2.7319952314861773,52.78353156906633
28636,1.879893096893361,50.63344740076188
28637,19.583834452640165,37.96280929618441
28638,27.26349968181817,-28.297438304545476
28639,132.48665032385819,-35.83784000140328
28640,0.3872958952344278,50.649653143321366
28641,-18.52385033042031,40.14954212738989
28642,-10.024671438445322,34.76852881401844
28643,2.466503384860873,51.870159325018186
28644,-75.72931429792928,10.64723298125838
28645,2.3965015238819807,52.500492937388465
28646,-16.545246644553902,25.072556616120465
28647,4.347355272345568,52.577207219665894
28648,0.3545946296252746,50.9635223053969
28649,10.86069091787485,53.94371974789423
28650,2.909867850905657,51.931023047886605
28651,-78.98557481165743,25.844531481355975
28652,-1.3556633623554597,50.57898942355047
28653,18.69081176312755,57.2697431085646
28654,1.0448085422319195,50.81043396506324
28655,-6.030930729443287,44.424212388994086
28656,128.1059458124578,36.48161450876859
28657,0.9339491991446842,51.67906440777804
28658,126.63411716375705,37.02798521176993
28659,-2.3551359989885086,50.03169693545303
28660,-1.0739065077459486,39.161726942844645
28661,2.415572891521569,51.82212477460797
28662,-5.647079129219099,38.50273817072567
28663,-7.242851670238099,34.54343208333332
28664,12.771004523487063,54.76209445047283
28665,7.572969127664486,53.763795778365704
28666,4.569360141587945,53.78549280056227
28667,14.517672853199398,57.73691143463211
28668,-18.588415880420307,40.01751612738989
28669,-1.741766579690036,49.38562571136745
28670,5.304713682623414,40.82247670419342
28671,10.042847543772034,41.959255020870124
28672,2.9911527759529566,51.237303005291544
28673,11.853192254776683,55.69173278854818
28674,0.5027524603224888,39.181580535342
28675,13.381270404358988,40.00011485451421
28676,1.6386668902485395,49.996376613940384
28677,3.4636213140442216,53.47223231733047
28678,-15.36152251525122,28.295411978660642
28679,-74.58086233920545,39.1076009739619
28680,-123.31886513830132,35.5609254323677
28681,29.283772328840058,40.84544922758102
28682,-3.9816201332832737,48.81923793849219
28683,11.03818979739129,57.35324968015427
28684,174.1165520025638,-40.75859950245693
28685,0.1112297911401313,39.5244756162082
28686,13.915579522190137,39.93466370936505
28687,-122.44304987338447,47.34506786491647
28688,9.605107425798343,43.825977276113825
28689,138.68931447991488,35.190039211668356
28690,126.62217169709038,37.03256692843661
28691,7.171852074189595,39.89533295186231
28692,4.427216041612516,52.15921996204393
28693,4.565425854169115,51.95607293368211
28694,10.251696899974158,42.548589342389704
28695,-93.94241704321297,29.867136271667345
28696,-110.18482699223745,24.474862859746946
28697,21.458038583469637,59.00011965944102
28698,16.534240031480802,54.213968680434974
28699,-75.78785170312368,35.46427744738799
28700,-77.39137799696897,36.232290330596335
28701,152.63122906842545,-29.407135325802994
28702,24.95750757063565,39.48632436311312
28703,-3.657392708728912,49.159111715343855
28704,-2.908202679562906,49.73556018949462
28705,101.5612451646092,10.409531624767414
28706,3.34296342117552,51.25872282495538
28707,-123.5720370460718,44.29256387235556
28708,-64.65036189523812,-15.784226164285718
28709,115.67433071400215,-32.043593814517585
28710,-74.02914604137185,39.986509354887986
28711,-102.52227706048086,17.46231065779299
28712,1.3083891844292808,45.604864584539094
28713,2.7108108625291556,50.15887753657076
28714,11.76873239470526,41.354264750457595
28715,-76.87436586499771,34.021712727060546
28716,2.4155728278852053,51.82212462612312
28717,115.66443723291982,-31.938141702767368
28718,134.0796537475157,36.63878146742935
28719,3.5464865247462,52.126524572773725
28720,10.130450646177467,57.378088702138065
28721,10.353342448843371,41.50629960599894
28722,3.965595873994264,52.10891195288763
28723,18.543710987516732,38.98085119856053
28724,-2.8323680774021427,50.02761784413023
28725,4.3416874791718,51.44969254193973
28726,31.80627449678564,35.28195763886604
28727,2.982339094667142,37.773940333527
28728,5.735096994561306,53.154532698721695
28729,6.888684733780905,54.19534170550641
28730,-121.76469019575046,35.676053210708034
28731,1.7508086502061284,47.44415708046895
28732,6.056118107147812,54.08290210663145
28733,4.518960735517568,52.904050859953685
28734,103.76873730499419,8.015367084977374
28735,3.8419140861481504,52.565474447912955
28736,-7.858022783410552,38.12958112682709
28737,13.907166668082832,39.688002022481726
28738,-72.41267036666665,20.18742753333334
28739,1.165465952531063,50.69779683348721
28740,1.165465952531063,50.69779683348721
28741,-1.0730212410792819,39.15927660951131
28742,-2.698604376449793,48.21809433170437
28743,104.71184680966756,9.420650001042508
28744,26.39108538843785,37.10172671013537
28745,6.019988042639086,52.7053199073454
28746,4.9291458580195435,52.13053828141315
28747,-91.1490159323778,26.69784430867405
28748,7.70062216702734,53.692093208916695
28749,27.263499381818164,-28.29744580454548
28750,6.962565346549832,53.12640930643254
28751,10.976800891643222,53.997522560026624
28752,2.7319952314861773,52.78353156906633
28753,-2.3551354489885084,50.03169668545303
28754,9.917883740407825,55.31668148023796
28755,3.0930658170657317,39.44925294874156
28756,123.60217442069226,27.815972482742524
28757,12.496359726342925,55.054189573493815
28758,8.690187509759372,54.93464256384481
28759,4.482914187457538,52.66861074648685
28760,-0.9938855289356138,48.86427129043177
28761,116.0877164205415,6.042488594942106
28762,-10.01191916844532,34.81249351401845
28763,16.26736570043757,56.720813794336685
28764,-78.98338841165743,25.83289208135598
28765,-7.2450791702381006,34.54137448333333
28766,-16.5438147745539,25.074185426120465
28767,110.9444637538457,-18.37426851866278
28768,4.347355502780351,52.57720715840108
28769,0.34200079417072904,50.96111097994235
28770,14.515703053199397,57.73274613463212
28771,128.1059458124578,36.48161450876859
28772,0.3045327722879037,39.02566550039856
28773,136.43614922858683,34.811105542403624
28774,-0.9344786228087314,49.28605077823752
28775,138.3479422892607,34.53976900722861
28776,32.27454744348485,34.99586584994952
28777,9.930356595080214,41.687189828110064
28778,4.940912116673917,52.87461314294389
28779,2.089599308213497,52.667443757000584
28780,2.0395643734845725,51.56450942203028
28781,123.73120676614677,29.40096102490712
28782,5.238805238303429,53.67403665924353
28783,-0.31658375405798767,51.75252880013578
28784,12.444237198438087,39.61420771776845
28785,1.0448085422319195,50.81043396506324
28786,2.3965015238819807,52.500492937388465
28787,-3.281797315993048,48.176973278654785
28788,12.529228255151015,55.07593403593946
28789,132.50032164385823,-35.84303240140328
28790,-0.11242556011975817,50.5173906057731
28791,18.69081176312755,57.2697431085646
28792,-75.72931429792928,10.64723298125838
28793,-6.031626409899637,44.42301338944412
28794,0.9349149991446842,51.68199950777804
28795,10.86069091787485,53.94371974789423
28796,-10.8792105676001,37.83425503960128
28797,-1.3556633623554597,50.57898942355047
28798,-5.647078995885766,38.50273831739233
28799,7.550453837899859,53.753955106202675
28800,4.561233873605489,53.762820829509636
28801,10.63844127339587,55.97722462860189
28802,12.771004523487063,54.76209445047283
28803,0.414902652183856,50.66940557078727
28804,3.7486523115640993,52.369741526048045
28805,27.26537839999999,-28.295830400000018
28806,3.3859615949591415,51.47648270292707
28807,2.264248032312828,51.4461284973379
28808,4.151199996651238,51.37926028160902
28809,-8.093288009271129,51.37889780126532
28810,14.174644622692467,55.139738681643756
28811,0.7866958364800467,48.223888679062995
28812,1.9584275634840873,50.668320630223434
28813,174.34996384275374,-41.352417435072475
28814,2.90260787548899,51.932420693303264
28815,-46.56179147500001,-21.929196229166678
28816,19.680754766974932,37.92994434267903
28817,-79.80583689415722,27.871684879384915
28818,-53.32191033854653,35.97854790207132
28819,2.467366284860873,51.87020202501819
28820,-122.5007152776166,47.339558954922396
28821,-7.858022783410552,38.12958112682709
28822,-79.57735264030673,9.501172302662564
28823,126.64632937764594,37.00082538954772
28824,-122.44304987338447,47.34506786491647
28825,-18.52385033042031,40.14954212738989
28826,-11.074277689266767,37.71238401460128
28827,5.9602081278391665,53.97464505598415
28828,0.45675473924023785,39.175883462852816
28829,-8.976815633197825,41.13707886449658
28830,-16.556626444553903,24.930610516120463
28831,1.6454112402485395,49.999061290863466
28832,5.529560582623414,40.82685663419342
28833,3.0185018368581416,37.77255868723231
28834,-74.56241528291125,39.107937140098514
28835,16.760021297810383,54.231162602922225
28836,-77.39137799696897,36.232290330596335
28837,-91.27149516571113,26.653321822007374
28838,-64.65601159523811,-15.791476264285711
28839,13.377104521025656,39.99295902269603
28840,-123.34452676202426,35.57586045111229
28841,-75.72931429792928,10.64723298125838
28842,10.976800891643222,53.997522560026624
28843,-1.010152714291403,39.13485656429919
28844,-15.361521815251221,28.295411878660637
28845,9.690575639687996,41.67401927775679
28846,11.058754151522564,57.303029884700656
28847,2.548738790977188,51.4324171628465
28848,-4.009387573667889,48.81369037887681
28849,174.11990326634583,-40.76332788002104
28850,0.1112297911401313,39.5244756162082
28851,9.605107425798343,43.825977276113825
28852,138.68807207991492,35.188458911668356
28853,7.190494100864097,39.903051100510964
28854,4.427216954112515,52.159219479583605
28855,10.251696899974158,42.548589342389704
28856,4.565425854169115,51.95607293368211
28857,10.043616243772032,41.96332218753679
28858,3.5464921070342568,52.12652588689187
28859,-110.22156466608847,24.449443772452568
28860,-93.94241704321297,29.867136271667345
28861,29.283772328840058,40.84544922758102
28862,-122.5007152776166,47.339558954922396
28863,21.461029994580745,59.00685474277435
28864,-75.78788130312368,35.46872754738799
28865,152.62642693400574,-29.40777036518482
28866,128.10594547912444,36.48161534210192
28867,-1.81327076678766,49.379567678301186
28868,24.954321970635647,39.486498563113116
28869,-7.28011081309524,34.524600364285696
28870,-3.6585570674590717,49.15859716693115
28871,8.868862875779795,54.337240964944385
28872,103.2374061538961,11.174817268551145
28873,15.836563863562567,56.52601221433668
28874,-2.9447049514001993,49.75824545966886
28875,3.3016378625404705,51.22402166837932
28876,-123.6149259639771,44.46448047189168
28877,115.67432496432474,-32.043592265700376
28878,12.444237198438087,39.61420771776845
28879,-74.02950653470519,39.98645776822132
28880,11.76157992998578,41.322093640408546
28881,18.69081176312755,57.2697431085646
28882,2.7108108625291556,50.15887753657076
28883,-76.86748347499771,34.02060013706055
28884,138.35446135938122,34.54008058292849
28885,134.08457584751565,36.64572146742935
28886,3.7867858335180737,52.04953308681618
28887,115.66443723291982,-31.938141702767368
28888,4.350054274823974,51.44407698976582
28889,18.628876575016726,38.97981766106053
28890,6.775996720468772,54.18784611856904
28891,27.26070789999999,-28.298511500000018
28892,3.8419140861481504,52.565474447912955
28893,4.518960735517568,52.904050859953685
28894,-72.41617126666664,20.18837883333334
28895,-102.4897996640523,17.446993629221563
28896,103.91889616956588,8.117854487390867
28897,-1.3556633623554597,50.57898942355047
28898,5.9968304917457464,54.06300838197287
28899,4.320360670886533,52.54943683647954
28900,104.71043851383419,9.429241592709175
28901,1.1654665356381213,50.697797055682166
28902,1.1654665356381213,50.697797055682166
28903,-2.69102834811646,48.22407040837104
28904,26.38936388340229,37.10927650588319
28905,-79.80359064415723,27.88243712938491
28906,3.7507564115640992,52.370293026048046
28907,6.019988042639086,52.7053199073454
28908,13.907166668082832,39.688002022481726
28909,1.735210350206128,47.42712808046895
28910,-2.767156579817696,50.048188569831424
28911,2.089599308213497,52.667443757000584
28912,13.784868705399932,39.96381499857065
28913,5.628288297594708,53.137780064543584
28914,-121.77318596469888,35.75946475435884
28915,27.259001581818165,-28.29977050454548
28916,7.685027260663703,53.6844032049773
28917,6.962565346549832,53.12640930643254
28918,-46.71843107500002,-21.988769962500008
28919,110.9478770538457,-18.373544518662783
28920,9.906251892788777,55.31381890404749
28921,-0.8829458412551265,49.31049210051365
28922,4.49404323289252,52.68765250482017
28923,116.08770588720814,6.042467411608772
28924,31.70735649860382,35.320339507956945
28925,123.4183239126283,27.722863761792144
28926,2.0361079734845724,51.56399452203029
28927,5.238805238303429,53.67403665924353
28928,0.4190590621838561,50.676029525787264
28929,4.941230135423916,52.86018897419389
28930,-6.030929556691661,44.42420374356532
28931,-3.3288891693263816,48.169785221988114
28932,123.86335251614678,29.492803558240457
28933,132.52486134385816,-35.838396951403276
28934,2.3842549194603775,51.87067281381892
28935,-78.93420021165743,26.02982788135598
28936,3.4636213140442216,53.47223231733047
28937,10.130450646177467,57.378088702138065
28938,8.681691565276612,54.896326697522966
28939,-8.062552237842558,51.380281365551035
28940,14.207481490549613,55.14993879057232
28941,12.771004523487063,54.76209445047283
28942,12.395034276153371,54.93994550259913
28943,174.31929144275375,-41.30639751007247
28944,12.49612269236024,55.054160147303335
28945,3.3859615949591415,51.47648270292707
28946,2.7319952314861773,52.78353156906633
28947,10.626708828951427,55.9803803036019
28948,4.144175896651237,51.38420548160903
28949,2.0316260042668572,50.688379365511935
28950,19.882388975709297,37.85494228952867
28951,-0.9409261403641851,48.78838750043176
28952,14.766981367136596,57.79303970191301
28953,3.13216594702605,39.47049452675744
28954,-0.12783002469291083,50.516806662615345
28955,-9.946647610826274,34.90899023925654
28956,2.4060588481942062,51.82669350835152
28957,1.0936211829215747,50.816409183626455
28958,2.3965015238819807,52.500492937388465
28959,0.3391520941707291,50.96095892994235
28960,2.89779637548899,51.93254464330326
28961,4.929146244449056,52.13053893503635
28962,0.2858472453182067,39.02637396282281
28963,136.43828881608684,34.81402392990363
28964,2.2554702043961607,51.422128931921236
28965,-5.647079129219099,38.50273817072567
28966,0.7866968814800466,48.223888905729666
28967,0.9339491991446842,51.67906440777804
28968,10.86069091787485,53.94371974789423
28969,1.3084623891911857,45.60326873239623
28970,32.17542884015151,35.03621345328283
28971,10.353341707176703,41.506298705998944
28972,-53.32106988045129,35.97841407730942
28973,7.550453837899859,53.753955106202675
28974,4.607426748605488,53.78030172950963
28975,-2.3551359989885086,50.03169693545303
28976,-8.976815633197825,41.13707886449658
28977,-46.69599647500001,-21.99151136250001
28978,-7.28630821309524,34.5160430642857
28979,-74.56519710944355,39.10879162634286
28980,2.994061586858141,37.772953853898976
28981,128.1059458124578,36.48161450876859
28982,3.7507564115640992,52.370293026048046
28983,-1.81327076678766,49.379567678301186
28984,120.25819124063162,0.6965468637658251
28985,-79.57735264030673,9.501172302662564
28986,-118.5821152120384,33.33882810571607
28987,126.5956417900864,37.04705564954771
28988,-4.009387573667889,48.81369037887681
28989,-1.0123455142914028,39.13699886429919
28990,5.304279582623415,40.823586034193426
28991,-16.545530944553903,25.069846916120465
28992,138.68807207991492,35.188458911668356
28993,29.283772328840058,40.84544922758102
28994,-123.34293969535759,35.575853217778956
28995,2.089599308213497,52.667443757000584
28996,3.780010216851407,52.05263328681618
28997,103.90988202081586,8.113189027807532
28998,6.962565346549832,53.12640930643254
28999,132.52609302385818,-35.83690710140328
29000,3.0042409928689886,51.23624915789323
29001,9.90851709278878,55.313502904047475
29002,4.552746886956666,52.72972250917557
29003,116.08770192054149,6.042464494942106
29004,123.64852495135378,27.834420808850965
29005,12.444237198438087,39.61420771776845
29006,12.771004523487063,54.76209445047283
29007,-0.140105117808853,51.85189258314112
29008,-15.361521815251221,28.295411878660637
29009,0.28271625365154,39.02642947115614
29010,11.07860035940972,57.26898379024035
29011,-72.42070976666666,20.325352133333343
29012,0.4183554559069044,39.18161616285282
29013,3.4636217540442216,53.47223253733048
29014,2.548738790977188,51.4324171628465
29015,14.827492430068533,57.84870985039469
29016,9.691542330164188,41.67426760632822
29017,11.762224345370399,41.32446471733162
29018,174.09704877301255,-40.78126055113215
29019,-122.44304987338447,47.34506786491647
29020,9.605107425798343,43.825977276113825
29021,0.1112297911401313,39.5244756162082
29022,7.191659000864098,39.90291890051096
29023,4.427215945779182,52.15921960180584
29024,10.251696899974158,42.548589342389704
29025,4.565425854169115,51.95607293368211
29026,-93.94241704321297,29.867136271667345
29027,10.042847543772034,41.959255020870124
29028,5.959159927839166,53.97404065598415
29029,10.130450646177467,57.378088702138065
29030,21.457902983469634,59.00427245944102
29031,-122.5007152776166,47.339558954922396
29032,15.819681963562564,56.519214714336684
29033,16.760021959388695,54.23116241328366
29034,-75.78778530312368,35.46199824738799
29035,152.6288269340058,-29.410357065184826
29036,-77.39137799696897,36.232290330596335
29037,24.95750757063565,39.48632436311312
29038,3.5464922659534492,52.126526620434795
29039,-91.15050643237778,26.69731930867404
29040,-3.655408408728913,49.16432151534384
29041,103.23587430389608,11.173238968551148
29042,1.6454112402485395,49.99906121394039
29043,3.3442993446038543,51.25574227220559
29044,-7.968204951834103,38.107917893375046
29045,-7.270580955123121,35.44930381612308
29046,115.67432496432474,-32.043592265700376
29047,-123.58785177847709,44.46645830939168
29048,-64.65011242857145,-15.78985351428571
29049,8.681573852776614,54.876048910022966
29050,-74.02914604137185,39.986509354887986
29051,13.381270004358989,40.00011515451421
29052,2.7108108625291556,50.15887753657076
29053,-76.86748347499771,34.02060013706055
29054,136.15397633941564,34.01402693017747
29055,134.08585584751572,36.64297896742934
29056,115.66443723291982,-31.938141702767368
29057,2.890051402155657,51.926646226636606
29058,18.62719717501673,38.97956006106053
29059,-79.80359064415723,27.88243712938491
29060,4.929145687564998,52.13053871655809
29061,4.358694874823974,51.438528089765825
29062,-110.21968015945826,24.444567870151037
29063,-121.7738792027941,35.74577631150169
29064,-6.034566915024997,44.41855185189865
29065,27.26349968181817,-28.297438304545476
29066,6.8886849685948,54.195341022932425
29067,5.989619762698128,54.05456774911571
29068,3.8419140861481504,52.565474447912955
29069,4.518960735517568,52.904050859953685
29070,-9.866068310826277,35.03913713925654
29071,-102.42528732595706,17.416375598269184
29072,1.9024979502061283,47.65341158046895
29073,-78.84817985165743,26.328020461355976
29074,110.9486283538457,-18.37350851866278
29075,-11.138233268930556,37.568479725025036
29076,138.35509375938122,34.540728682928496
29077,3.3859615949591415,51.47648270292707
29078,1.126169382259093,50.70111709163368
29079,1.126169382259093,50.70111709163368
29080,104.70880562633424,9.436962234375843
29081,4.275121362489913,52.54862785101137
29082,0.7866963064800467,48.22388925572967
29083,-2.71161117796994,48.212965136148824
29084,13.68391764022158,40.0230569321625
29085,4.584140073605489,53.760587279509636
29086,26.38933766253791,37.11711645546449
29087,10.623616928951428,55.9774461036019
29088,2.2558864843961617,51.42061171192124
29089,12.496180392360243,55.054053147303335
29090,3.1229209970260503,39.45769412675743
29091,10.353341507176701,41.50629990599894
29092,-1.366352492094022,50.56666506968336
29093,136.356802811274,34.842423827764584
29094,-53.32194406711797,35.97714333064275
29095,-2.725099794028069,50.05584555911409
29096,12.395034276153371,54.93994550259913
29097,6.019988042639086,52.7053199073454
29098,1.0936211829215747,50.816409183626455
29099,2.3965015238819807,52.500492937388465
29100,0.2870563821216671,50.95239457878795
29101,31.55266717289796,35.3214670574639
29102,10.86069091787485,53.94371974789423
29103,-2.952448994142135,49.75222872445381
29104,-0.8842613212551265,49.31019796051365
29105,0.43544725688082564,50.68241782995393
29106,31.980942974383538,35.11270023202375
29107,-2.3551359989885086,50.03169693545303
29108,2.415572891521569,51.82212477460797
29109,-5.647079129219099,38.50273817072567
29110,123.7297479632056,29.40136640529927
29111,5.242999567747872,53.67219278591019
29112,1.3080903308578524,45.602551367396224
29113,4.938710835423916,52.85929217419389
29114,7.550453837899859,53.753955106202675
29115,2.1110418144645036,51.57143382778097
29116,174.32070064275374,-41.30166511007247
29117,13.907166668082832,39.688002022481726
29118,27.265378399999996,-28.29582310000002
29119,5.6205263808139065,53.13591794040856
29120,14.23851986554961,55.169525753072314
29121,-3.4088590379766783,48.15909664078829
29122,2.0733938622127024,50.71390432668841
29123,19.886468642572048,37.8537082810973
29124,-0.9902457856130539,48.86143693572588
29125,-0.11772791011975814,50.51859075577309
29126,7.687070627330371,53.68308912164396
29127,4.164017196651238,51.37276378160904
29128,-8.026137204509226,51.38832013221771
29129,0.9339491991446842,51.67906440777804
29130,2.7319952314861773,52.78353156906633
29131,2.4060588481942062,51.82669350835152
29132,-75.77238461127924,10.630697446673198
29133,10.976800891643222,53.997522560026624
29134,-7.968755971064873,38.10872637991351
29135,-2.8287928752382125,39.55112844812104
29136,-8.882790454626395,41.07468278592516
29137,-91.00524440737782,26.51333305867404
29138,5.304854182623415,40.82290480419342
29139,3.007156122969252,37.772767370565646
29140,126.58486527341972,37.04911726621438
29141,-79.57735264030673,9.501172302662564
29142,13.381270404358988,40.00011485451421
29143,3.7762282739942634,52.051421390387624
29144,-15.36152251525122,28.295411978660642
29145,24.34053744808278,40.285914279852975
29146,2.5510454909771876,51.43191506284649
29147,9.690810530164187,41.67444440632822
29148,-122.44304987338447,47.34506786491647
29149,-123.34293969535759,35.575853217778956
29150,3.0042409928689886,51.23624915789323
29151,10.039153843772032,41.95191997087012
29152,120.33734735593065,0.40478464957915217
29153,-77.39137799696897,36.232290330596335
29154,5.959159927839166,53.97404065598415
29155,-76.86730147499772,34.020674837060554
29156,134.0796537475157,36.63878146742935
29157,115.66443723291982,-31.938141702767368
29158,-6.034566791215472,44.41855167785103
29159,54.75528540761168,25.10968355912553
29160,18.69955127501673,38.97952966106053
29161,4.358694874823974,51.438528089765825
29162,6.856720487515786,54.216760152043946
29163,5.9883837626981276,54.05279444911573
29164,4.518960735517568,52.904050859953685
29165,3.8419140861481504,52.565474447912955
29166,103.90159788822965,8.117318529112952
29167,6.019988042639086,52.7053199073454
29168,-2.722113834090085,48.20659446413435
29169,26.38933766253791,37.11711645546449
29170,1.0714959546430562,50.702850972635
29171,1.128978195357342,50.70000067334928
29172,104.70962510966757,9.438398901042508
29173,15.760321363562571,56.50743061433669
29174,7.612930340360674,53.65877306225003
29175,10.976800891643222,53.997522560026624
29176,132.54666034385818,-35.84084530140327
29177,6.962565346549832,53.12640930643254
29178,9.911393140407826,55.315075880237956
29179,116.0877164205415,6.042489494942106
29180,123.64478020604098,27.832624572458815
29181,4.5581704036233335,52.73107077584225
29182,12.771004523487063,54.76209445047283
29183,0.2793715357545768,39.027136189764434
29184,11.087602631684708,57.25196223081022
29185,0.30436979949664805,39.12177377926307
29186,-7.288733313095243,34.513742364285704
29187,14.827081030068532,57.84567885039468
29188,0.21215159378829906,39.52218559860097
29189,10.130450646177467,57.378088702138065
29190,174.04859840811932,-40.84449023023471
29191,13.514150782140383,40.11955305317407
29192,9.605107425798343,43.825977276113825
29193,27.263499381818164,-28.29744580454548
29194,4.427216141612515,52.159219762043925
29195,138.7705270057179,35.20195441519309
29196,2.7319952314861773,52.78353156906633
29197,4.565425854169115,51.95607293368211
29198,10.251696899974158,42.548589342389704
29199,8.688251464613332,54.79274112787847
29200,7.193363400864097,39.90272750051096
29201,-102.42633152595705,17.41661149826918
29202,11.847526167276683,55.69454179479817
29203,0.44811009557130194,50.691442402572974
29204,-93.94241704321297,29.867136271667345
29205,29.283772328840058,40.84544922758102
29206,21.458038583469637,59.00011965944102
29207,-122.5007152776166,47.339558954922396
29208,-78.83498325165742,26.46513646135598
29209,152.60765903400576,-29.429549965184822
29210,16.53424013300858,54.213968619462754
29211,-75.79700124309392,35.424798047477275
29212,3.546492461918362,52.12652694289094
29213,-72.38513006666666,20.62362893333334
29214,-0.11388528833516874,51.849308637527095
29215,24.95750757063565,39.48632436311312
29216,2.415572961218539,51.82212449278979
29217,-121.79256159803222,35.75760545435883
29218,103.23512136778498,11.172764988690036
29219,4.285215711984864,52.55030873080935
29220,-3.651893212895579,49.16617424867719
29221,2.089599308213497,52.667443757000584
29222,27.265378399999985,-28.29583000000002
29223,3.344299603751723,51.25574178057651
29224,-4.003690673667889,48.814780978876804
29225,115.67432662341565,-32.04359539297311
29226,-2.5888177906276466,50.09414115163167
29227,-123.59026674839049,44.54528025607277
29228,-1.3856260635453774,50.56057704807252
29229,-74.02914604137185,39.986509354887986
29230,7.550453837899859,53.753955106202675
29231,1.6386669109414636,49.99637943803457
29232,-79.80359064415723,27.88243712938491
29233,0.9349149991446842,51.68199950777804
29234,4.929146183398331,52.130538708224755
29235,-0.9895324856130538,48.86125323572588
29236,31.45254968024171,35.360352615588916
29237,31.90345597438354,35.16486603202375
29238,138.35509375938122,34.540728682928496
29239,123.72974776614677,29.40136692490712
29240,5.242999567747872,53.67219278591019
29241,1.8039381872431657,47.67938936195043
29242,5.404294126308628,53.09788455713071
29243,-64.65590052857145,-15.784017314285716
29244,4.572696273605489,53.74680102950963
29245,-2.952448994142135,49.75222872445381
29246,3.4636223585896757,53.472233014603205
29247,10.61866037339587,55.97406267860188
29248,-75.77238461127924,10.630697446673198
29249,-3.410919904643345,48.15870525745497
29250,1.3094397844292809,45.60701398453909
29251,0.7866960364800467,48.22388852906299
29252,12.494497574084326,55.0527085810879
29253,2.7108108625291556,50.15887753657076
29254,-7.997746552989078,51.3945282410089
29255,174.31608814275373,-41.31315643507246
29256,2.8735294843778787,51.918063404414376
29257,3.3859615949591415,51.47648270292707
29258,2.4069217481942062,51.82673620835152
29259,2.0753962123042773,50.71933023056508
29260,19.881831575456438,37.85487429180446
29261,3.1336708545260503,39.45695836675743
29262,-0.06869716011975811,50.5196490057731
29263,-9.850800040826277,35.12103718925654
29264,136.14820120608232,34.01188083500204
29265,2.1375895048200535,51.282336154567346
29266,2.3965015238819807,52.500492937388465
29267,110.94139363146198,-18.373477899213732
29268,12.422756621767407,54.951731493827204
29269,0.2701506721522558,50.96548854231876
29270,-110.18262549309433,24.477211321064054
29271,4.939893035423916,52.859675574193886
29272,10.353341807176703,41.50630020599894
29273,-53.24257283854653,36.12380830207132
29274,1.0936211829215747,50.816409183626455
29275,10.86069091787485,53.94371974789423
29276,13.907166668082832,39.688002022481726
29277,-2.3551354489885084,50.03169668545303
29278,136.356802811274,34.842423827764584
29279,-0.8715184599626958,49.31960601938934
29280,2.1293633344806455,51.57115693770833
29281,4.157465196651238,51.37420278160903
29282,-5.647078995885766,38.50273831739233
29283,14.25946676554961,55.17187935307233
29284,115.569469100803,-31.893225831900892
29285,5.302478114290083,40.83096926252676
29286,24.348970514656852,40.282980762352956
29287,2.7319952314861773,52.78353156906633
29288,3.680578733518073,52.03875368681618
29289,3.0097462729692523,37.77225400389898
29290,10.976800891643222,53.997522560026624
29291,138.7668070742893,35.19765443519309
29292,-79.57735264030673,9.501172302662564
29293,4.2971976205111195,52.55201865441184
29294,0.27838192949664814,39.12936890092974
29295,10.043235015200604,41.95287007325108
29296,-77.39137799696897,36.232290330596335
29297,134.0856179475157,36.64631086742935
29298,-123.5724466824788,35.77722032611229
29299,-15.361521815251221,28.295411878660637
29300,27.262148499999984,-28.29890670000002
29301,29.283772328840058,40.84544922758102
29302,21.461029994580745,59.00685474277435
29303,13.479413801955813,40.146329005928536
29304,24.954321970635647,39.486498563113116
29305,-16.5570628945539,24.923914976120464
29306,-2.9035410758334503,39.449056927287714
29307,-76.86748347499771,34.02060013706055
29308,2.7108108625291556,50.15887753657076
29309,115.66443662041982,-31.93814749026737
29310,-4.009387573667889,48.81369037887681
29311,18.70123067501673,38.97978726106053
29312,4.358694874823974,51.438528089765825
29313,6.7440324811830585,54.20926470309285
29314,5.904283687899592,53.98835966448203
29315,4.518960735517568,52.904050859953685
29316,-7.249244705986758,35.47114048488263
29317,3.8339370671729007,52.5580509747258
29318,103.91888956011488,8.11785593817181
29319,26.41352481755655,37.1652337306545
29320,0.9595362481494676,50.70464390897876
29321,1.0170184888637532,50.70179360969305
29322,104.74337514739746,9.312102159145958
29323,-2.7359131291812604,48.21630992234716
29324,6.019988042639086,52.7053199073454
29325,7.59142710604832,53.663351363438835
29326,6.962565346549832,53.12640930643254
29327,132.62001764385818,-35.843997651403264
29328,9.877281375443625,55.31141982856766
29329,123.4612628376283,27.739536854649288
29330,116.08770979516268,6.042475185909472
29331,4.560932714368482,52.72005889570712
29332,-110.23340761066903,24.4388426797143
29333,0.27818382545154646,39.02761005885535
29334,2.089599308213497,52.667443757000584
29335,2.5487386209771876,51.43241717395761
29336,11.087602631684708,57.25196223081022
29337,14.873994865940267,57.89531818055021
29338,-7.28528731309524,34.516959164285694
29339,-0.9434341491051174,48.785043342075085
29340,174.03148693301245,-40.869163491132156
29341,0.212160170711376,39.52218241398559
29342,-122.44304987338447,47.34506786491647
29343,126.60107539841977,37.04211881621439
29344,8.381835025013546,41.61743974648145
29345,4.427216379112516,52.15921910291694
29346,136.14784441274895,34.01138190500203
29347,4.565425854169115,51.95607293368211
29348,7.193949300864098,39.90264370051096
29349,10.205990442249448,42.594671398719974
29350,12.757195838194004,54.75193982995936
29351,3.5464922490902797,52.126527436516525
29352,3.3859615949591415,51.47648270292707
29353,-93.94241704321297,29.867136271667345
29354,-122.5007152776166,47.339558954922396
29355,128.11201232662782,36.49274673498316
29356,-11.451730373755488,37.072023241721865
29357,8.688225064613333,54.77889696121181
29358,-72.19920289999999,20.690205800000008
29359,16.76002149781038,54.23116280292222
29360,12.584829395463444,55.1159276885265
29361,152.57447133400575,-29.50888061018483
29362,-75.7928712898681,35.25267141525506
29363,-6.039311656691662,44.41008340356533
29364,27.261724181818167,-28.30167170454548
29365,3.0042409928689886,51.23624915789323
29366,-9.89173922173537,35.279759933498966
29367,-3.6504427266257387,49.16948973526448
29368,-64.67939072857143,-15.794786514285711
29369,5.9602081278391665,53.97464505598415
29370,103.22749819653956,11.188134839880508
29371,31.29560696324988,35.37401019126285
29372,-1.81327076678766,49.379567678301186
29373,-89.61911775128394,25.046107287469898
29374,3.3028534867091173,51.22110816694243
29375,-121.82012604936673,35.826397007396075
29376,-79.80359064415723,27.88243712938491
29377,-123.61947191090825,44.636550111997146
29378,2.4174209416826,51.82145826937447
29379,115.67432496432474,-32.043592265700376
29380,138.35446135938122,34.54008058292849
29381,5.2113945597725015,53.0544654112789
29382,1.6454112402485395,49.999061290863466
29383,-74.02926904137185,39.98575155488799
29384,0.2419848323072946,50.962329022597835
29385,2.8735294843778787,51.918063404414376
29386,1.2977673891911856,45.60041108239622
29387,110.91877033146194,-18.3715153158804
29388,4.929145205650979,52.13053865974789
29389,-2.5529169498246156,50.10290228933754
29390,14.312072790549614,55.18951329057232
29391,5.242999567747872,53.67219278591019
29392,9.605107425798343,43.825977276113825
29393,19.8823889257093,37.85494238952867
29394,-102.45696378190944,17.43391065184061
29395,0.7866968814800466,48.223888905729666
29396,13.381270404358988,40.00011485451421
29397,123.86335251614678,29.492803558240457
29398,-3.408008737976678,48.1587882407883
29399,4.61050858193882,53.78302306284296
29400,-2.3551359989885086,50.03169693545303
29401,-2.9426266597335324,49.760533397168864
29402,0.4802627027697697,50.70667563876552
29403,3.4636223585896757,53.472233014603205
29404,10.585665458363192,55.96550233301367
29405,0.9339491991446842,51.67906440777804
29406,10.130450646177467,57.378088702138065
29407,-75.85262422442064,10.595229057843287
29408,-7.96367178489384,51.40331688529463
29409,-1.3856260635453774,50.56057704807252
29410,2.2743956213625474,51.757265050257104
29411,2.10948430781504,50.7274268161268
29412,12.394403137691834,54.93899362759913
29413,174.31088044275373,-41.29841787673914
29414,3.1281240453711208,39.464366366475744
29415,-0.12779571315752497,50.516768084426616
29416,10.353341707176703,41.506298705998944
29417,-78.5940395516574,27.02107096135598
29418,136.35883297794066,34.84498803776459
29419,1.0936211829215747,50.816409183626455
29420,4.154835371651237,51.378585131609036
29421,2.3965015238819807,52.500492937388465
29422,10.86069091787485,53.94371974789423
29423,4.941230135423916,52.86018897419389
29424,2.042760876523765,47.756778546854164
29425,18.799192084668263,57.32419689653689
29426,2.0972502055433018,51.541093805556194
29427,2.137173224820053,51.28385337456734
29428,121.148419681579,0.5955224697368424
29429,13.907166668082832,39.688002022481726
29430,31.812618530633532,35.305607357023746
29431,-52.502529153729974,36.23516654562128
29432,7.550453837899859,53.753955106202675
29433,-0.8551066306854412,49.32764403402478
29434,-5.647079129219099,38.50273817072567
29435,3.7507564115640992,52.370293026048046
29436,-11.451730373755488,37.072023241721865
29437,15.630574614580883,56.42299387525977
29438,138.7668070742893,35.19765443519309
29439,24.214887343871553,40.272696304852964
29440,2.089599308213497,52.667443757000584
29441,-7.249243699883858,35.471139740000304
29442,4.601975281938821,53.76894151284296
29443,-74.56084001114375,39.10562101321282
29444,27.26633279999999,-28.29812640000002
29445,2.7319952314861773,52.78353156906633
29446,-15.361521815251221,28.295411878660637
29447,126.59710899008641,37.04527924954771
29448,0.48944445276976956,50.70385121626552
29449,10.041318843772032,41.951124420870116
29450,-79.57735264030673,9.501172302662564
29451,-123.57085961581214,35.777213092778965
29452,-88.92806953128391,24.3448878274699
29453,5.304279582623415,40.823586034193426
29454,0.2669991919966479,39.13537838426308
29455,13.907166668082832,39.688002022481726
29456,-118.5562911760753,33.33860219822967
29457,-77.39137799696897,36.232290330596335
29458,-123.61677879090824,44.63753603199714
29459,115.67432496432474,-32.043592265700376
29460,-74.02914604137185,39.986509354887986
29461,13.381270004358989,40.00011515451421
29462,-76.90451593561656,33.941212917679394
29463,115.66442030958648,-31.938146902350706
29464,134.08585584751572,36.64297896742934
29465,-16.545967814553904,25.063150816120466
29466,18.69955127501673,38.97952966106053
29467,4.358694874823974,51.438528089765825
29468,5.959159927839166,53.97404065598415
29469,3.8339370671729007,52.5580509747258
29470,6.856720729309087,54.21675960745623
29471,5.873109619566259,53.9773887411487
29472,4.518960735517568,52.904050859953685
29473,103.91756183748333,8.123461542663819
29474,0.8626617281835374,50.70993061141369
29475,0.920143968897823,50.707080312127985
29476,26.429667780556805,37.22205565718901
29477,-2.580997146660983,48.25929705514263
29478,104.74174225989748,9.319822800812625
29479,6.019988042639086,52.7053199073454
29480,8.701280647946664,54.72098407787848
29481,7.538511634452708,53.6411588275214
29482,6.962565346549832,53.12640930643254
29483,132.62940104385817,-35.843851026403264
29484,10.976800891643222,53.997522560026624
29485,9.877700075443624,55.31169112856765
29486,123.68776042245672,27.839279884864983
29487,138.35509375938122,34.540728682928496
29488,116.08770502849603,6.042470869242805
29489,4.5682340376835,52.72324450820712
29490,0.2793715357545768,39.027136189764434
29491,3.5464923893428058,52.12652774872612
29492,-110.2288749581742,24.436608222323834
29493,11.087602631684708,57.25196223081022
29494,2.5520201209771876,51.43208377395761
29495,4.289614051383908,52.5481486033896
29496,15.026009981133857,57.95646522255529
29497,-7.287278113095242,34.5151415642857
29498,174.0316487692305,-40.86904871356805
29499,5.126111270666063,53.0370680219112
29500,-122.44304987338447,47.34506786491647
29501,0.212160170711376,39.52218231398558
29502,9.7674167667657,41.839751765001374
29503,7.279151628625228,39.90874171352037
29504,4.427215183279182,52.15921936680583
29505,4.565425854169115,51.95607293368211
29506,10.205990442249448,42.594671398719974
29507,18.799192084668263,57.32419689653689
29508,-75.85262422442064,10.595229057843287
29509,30.408828162839903,35.7103530640408
29510,-93.94241704321297,29.867136271667345
29511,27.26605208181817,-28.299197704545477
29512,-72.20420272,20.68388432000001
29513,29.283772328840058,40.84544922758102
29514,-122.5007152776166,47.339558954922396
29515,-0.9835392491051174,48.86249934207509
29516,21.460625783469638,59.00255655944101
29517,12.585066429446128,55.115957114716984
29518,-9.89811482173537,35.39353443349896
29519,16.7656091593887,54.234862413283665
29520,-75.88721976243424,35.12083095670526
29521,152.57701553400574,-29.50813361018483
29522,24.96619548086463,39.490892400763116
29523,-3.993577473667889,48.81917197887681
29524,110.90750093146197,-18.367033115880403
29525,121.10322620000005,0.6474415000000004
29526,10.130450646177467,57.378088702138065
29527,9.605107425798343,43.825977276113825
29528,0.7866963064800467,48.22388925572967
29529,-121.82600631603341,35.83116920739607
29530,-2.3551359989885086,50.03169693545303
29531,2.415572891521569,51.82212477460797
29532,-3.636667856784469,49.1749611058994
29533,2.0429717765237654,47.75652414685417
29534,3.4636223585896757,53.472233014603205
29535,1.6454117402485395,49.99906091394038
29536,103.22689279653956,11.187562039880511
29537,-2.5310201389912828,50.10271648100421
29538,0.2419848323072946,50.962329022597835
29539,0.9339491991446842,51.67906440777804
29540,10.353341407176702,41.50630020599894
29541,3.0042409928689886,51.23624915789323
29542,136.147705312749,34.01177220500204
29543,-79.80359064415723,27.88243712938491
29544,-64.67163902857145,-15.790339214285714
29545,128.11201232662782,36.49274673498316
29546,3.131153945371121,39.46448586647574
29547,4.938710835423916,52.85929217419389
29548,-52.50312255372998,36.23620024562128
29549,-102.46567184381419,17.438081637554898
29550,12.757195838194004,54.75193982995936
29551,10.86069091787485,53.94371974789423
29552,136.2573200840292,34.866597507550075
29553,2.088975132717472,51.52571865745086
29554,-5.647079129219099,38.50273817072567
29555,2.8686992758064505,51.916289385128664
29556,1.2973953308578523,45.59969371739622
29557,4.929144948766921,52.13053866626963
29558,7.550453837899859,53.753955106202675
29559,-0.8609929778533609,49.33503235480173
29560,2.1375783048200536,51.27859595456735
29561,5.242999567747872,53.67219278591019
29562,31.43488746351808,35.77873098795112
29563,3.3859615949591415,51.47648270292707
29564,1.1006187372072889,50.817434963626454
29565,-7.948485333703364,51.405379580532724
29566,14.379618165549614,55.22130805307233
29567,2.1223228143604946,50.72572642267226
29568,19.886468592572044,37.853708381097306
29569,123.7297479632056,29.40136640529927
29570,-78.49186315165741,27.10859496135598
29571,-1.3856260635453774,50.56057704807252
29572,-2.919133203864357,49.76023079389825
29573,8.38838271864991,41.61929607284509
29574,10.51799207502986,55.971690716347005
29575,-6.043115817882138,44.40554707189865
29576,-3.451897097976678,48.15362132578829
29577,12.394403137691834,54.93899362759913
29578,174.3062701427537,-41.297904076739144
29579,-1.81327076678766,49.379567678301186
29580,2.7108108625291556,50.15887753657076
29581,-0.11769351011975812,50.518552255773095
29582,3.3443963867091173,51.255470366942426
29583,2.2743956213625474,51.757265050257104
29584,4.164940494292747,51.37294295991092
29585,2.427109903731479,52.481811293101956
29586,13.907166668082832,39.688002022481726
29587,-123.57085961581214,35.777213092778965
29588,-74.58397341114375,39.10518661321282
29589,-2.527901138991283,50.10398348100421
29590,-3.987081673667889,48.82083737887681
29591,-15.36152251525122,28.295411978660642
29592,2.5510453209771877,51.431915073957605
29593,9.7674167667657,41.839751765001374
29594,4.289614051383908,52.5481486033896
29595,13.381270404358988,40.00011485451421
29596,2.427109903731479,52.481811293101956
29597,134.0796537475157,36.63878146742935
29598,10.976800891643222,53.997522560026624
29599,5.304854182623415,40.82290480419342
29600,2.7319952314861773,52.78353156906633
29601,11.836658348824303,55.69057708616722
29602,0.48944445276976956,50.70385121626552
29603,3.7486523115640993,52.369741526048045
29604,29.283772328840058,40.84544922758102
29605,-123.61676129090826,44.638197631997144
29606,115.67432496432474,-32.043592265700376
29607,-74.02914604137185,39.986509354887986
29608,-76.90433393561656,33.94128761767939
29609,115.66441421526828,-31.93814507621434
29610,18.69955127501673,38.97952966106053
29611,4.358694874823974,51.438528089765825
29612,0.1858331798022851,39.52165844731892
29613,6.929663770740185,54.23981215030102
29614,4.518960735517568,52.904050859953685
29615,3.7501524970046294,52.530825532941115
29616,5.872279419566258,53.9755004411487
29617,103.91922277748337,8.124842942663818
29618,6.019988042639086,52.7053199073454
29619,2.276646621362547,51.7568228502571
29620,26.432851567733163,37.25733945955734
29621,0.8313752133117425,50.71189807013164
29622,0.8888574540260282,50.70904777084593
29623,-2.5883058861364607,48.26484294530499
29624,104.7643157432308,9.268805467479291
29625,7.503448507483012,53.642122285627465
29626,132.64021464385817,-35.84438402640326
29627,9.878543175443621,55.305934628567655
29628,116.08771532849605,6.0424996692428055
29629,123.6900553277742,27.840396236007834
29630,4.587516053491696,52.732075756438
29631,-6.043115785739279,44.405547031184376
29632,0.28480931190842307,39.13266348745674
29633,11.087602631684708,57.25196223081022
29634,-7.288733313095243,34.513742364285704
29635,15.026296781133858,57.954286322555305
29636,8.554159029897932,54.58876308461095
29637,174.03164746923048,-40.86905431356804
29638,-110.19487661111938,24.466241329940676
29639,-122.44304987338447,47.34506786491647
29640,-7.968171071064872,38.10756928760581
29641,2.4155728278852053,51.82212462612312
29642,126.57929661341974,37.056657769547726
29643,7.3699001249125,39.917875014390546
29644,10.130450646177467,57.378088702138065
29645,4.427215941612515,52.15921965204392
29646,4.565425854169115,51.95607293368211
29647,27.264500681818166,-28.300042104545472
29648,10.205990442249448,42.594671398719974
29649,-75.85262422442064,10.595229057843287
29650,-93.94241704321297,29.867136271667345
29651,10.037625143772035,41.94378937087013
29652,1.6386668902485395,49.996376613940384
29653,5.073565653999396,53.02404440524454
29654,21.458038583469637,59.00011965944102
29655,-122.5007152776166,47.339558954922396
29656,16.53424013300858,54.213968619462754
29657,14.415268565549612,55.22593185307232
29658,-77.3913341806899,36.23234733059634
29659,152.57701983400574,-29.507572110184828
29660,-75.87895106211043,34.959896546656275
29661,24.96619548086463,39.490892400763116
29662,128.11201232662782,36.49274673498316
29663,30.311443837198876,35.73913408711773
29664,0.7866958364800467,48.223888679062995
29665,-3.636667856784469,49.1749611058994
29666,-79.57735264030673,9.501172302662564
29667,3.0042409928689886,51.23624915789323
29668,27.26526779999999,-28.297062200000017
29669,-64.67990892857144,-15.788204014285716
29670,-79.80359064415723,27.88243712938491
29671,3.4636223585896757,53.472233014603205
29672,-102.46671604381419,17.438317537554894
29673,4.939893035423916,52.859675574193886
29674,136.147705312749,34.01177220500204
29675,-118.52935872033609,33.33016990429028
29676,2.0630163756716344,47.769994603596025
29677,103.22614159653956,11.18708863988051
29678,31.338185639127836,35.81317438307308
29679,5.242999567747872,53.67219278591019
29680,9.605107425798343,43.825977276113825
29681,2.089599308213497,52.667443757000584
29682,-3.453957964643345,48.15322994245496
29683,6.962565346549832,53.12640930643254
29684,12.4080359043585,54.94441016093246
29685,123.72974666614677,29.401380624907123
29686,-0.11549316011975813,50.51845610577309
29687,-9.833677618402039,35.700101800165626
29688,3.34439639919032,51.25547042198003
29689,5.961823227839167,53.97553725598414
29690,1.1021233102670625,43.777127683918565
29691,10.86069091787485,53.94371974789423
29692,4.1649406942927465,51.372942659910926
29693,-121.83872291603343,35.84804747406274
29694,0.9349149991446842,51.68199950777804
29695,-1.81327076678766,49.379567678301186
29696,2.7108108625291556,50.15887753657076
29697,3.3859615949591415,51.47648270292707
29698,-2.3551359989885086,50.03169693545303
29699,-5.647078995885766,38.50273831739233
29700,1.2976942844292807,45.60200687453909
29701,7.550453837899859,53.753955106202675
29702,-78.44321637665742,27.26753119885598
29703,8.46171538971218,41.626380302607004
29704,-72.19967872000001,21.37098042000001
29705,10.521903519474302,55.972806291346984
29706,0.2419848323072946,50.962329022597835
29707,3.1297159953711207,39.45727458647574
29708,4.929145248766921,52.13053856626962
29709,1.101768737207289,50.81813336362646
29710,-7.942881733703364,51.406429180532726
29711,2.1340330037651505,50.73157705588769
29712,19.881831525456434,37.85487439180446
29713,-0.9828259491051173,48.86231564207508
29714,10.353342007176702,41.50629980599894
29715,-1.3856260635453774,50.56057704807252
29716,136.2573200840292,34.866597507550075
29717,2.137606304820053,51.28143865456735
29718,121.10515330000004,0.6523093000000005
29719,12.757195838194004,54.75193982995936
29720,110.90379103146195,-18.3662240158804
29721,174.3064245427537,-41.300235401739144
29722,3.5464919686410514,52.1265281045156
29723,2.8647613758064505,51.91348693512867
29724,-52.503088625158554,36.23760451704985
29725,-2.919133203864357,49.76023079389825
29726,-0.8612244778533609,49.33564775480172
29727,2.087466236548279,51.52067375152112
29728,13.377104521025656,39.99295902269603
29729,-15.361521815251221,28.295411878660637
29730,2.5487386209771876,51.43241717395761
29731,138.72947847181288,35.18765757771096
29732,29.283772328840058,40.84544922758102
29733,8.515666691858181,54.52432078512548
29734,-7.9843168337418104,34.083212414913426
29735,-102.45189711048086,17.431518863269183
29736,1.3282747766960423,45.634807649158645
29737,126.61401653286421,37.02983757748423
29738,3.5064804431910432,52.106578748026216
29739,2.7319952314861773,52.78353156906633
29740,-122.44304987338447,47.34506786491647
29741,-75.88316943299206,10.588772775112567
29742,24.06837662910326,40.13577715644162
29743,3.1722419701413793,42.16389538876675
29744,3.7507564115640992,52.370293026048046
29745,1.1307674140765862,43.79039169062185
29746,7.550453837899859,53.753955106202675
29747,0.518159133603103,50.717294127932185
29748,-7.268490413095241,34.5347397642857
29749,138.35446135938122,34.54008058292849
29750,1.5875904910792278,52.240088683499216
29751,10.215698437313428,42.58890692112274
29752,10.048356415200606,41.94817777325108
29753,-93.94241704321297,29.867136271667345
29754,-122.5007152776166,47.339558954922396
29755,21.462200894580747,59.00731414277435
29756,16.76002135306038,54.231163060338886
29757,-75.93925416211044,35.02074696665627
29758,152.57447133400575,-29.50888061018483
29759,-77.3913341806899,36.23234733059634
29760,24.96300988086463,39.49106660076311
29761,-3.6260234196812946,49.184981715820044
29762,-64.71004610000001,-15.8013923
29763,-79.57735264030673,9.501172302662564
29764,2.089599308213497,52.667443757000584
29765,103.22901834653956,11.188868039880509
29766,3.3030706867091175,51.22076886694243
29767,2.2198565421332237,51.72082440370321
29768,115.67432760887019,-32.04359132418522
29769,-123.64089297340828,44.63306847449715
29770,-74.02850092701289,39.99141912975978
29771,-76.99570182077947,33.74806645346191
29772,133.99452514751567,36.65728206742935
29773,9.772847631693015,41.86340514027942
29774,115.664410767541,-31.938151145658786
29775,19.206226633012676,39.11800088804144
29776,4.3587217783754575,51.43855095060328
29777,54.75528532011169,25.10968279829219
29778,6.761781541907217,54.20697254290968
29779,5.820021688800494,53.95134516583339
29780,4.518960735517568,52.904050859953685
29781,3.7929446541474863,52.585177636631606
29782,103.93090709623335,8.129915211413818
29783,104.91942260739742,8.874494739145954
29784,26.40655085248089,37.28962459915788
29785,0.8313752133117425,50.711898570131645
29786,0.8888574540260282,50.70904827084593
29787,6.019988042639086,52.7053199073454
29788,-2.5883058861364607,48.26484294530499
29789,10.976800891643222,53.997522560026624
29790,133.09701164441935,-35.94018164706653
29791,9.859435708776957,55.30358106190099
29792,1.64541126796658,49.99906155886527
29793,123.50475060873124,27.74433643780615
29794,7.364769912294474,53.57956578685199
29795,116.08771286182935,6.04247082757614
29796,4.590493956955389,52.73451545159206
29797,0.9339491991446842,51.67906440777804
29798,0.08479404153143251,50.861527341831554
29799,5.597202682623415,40.81502393419342
29800,10.130450646177467,57.378088702138065
29801,8.734460868469071,54.40518551414279
29802,27.26174498181817,-28.301659404545475
29803,-88.95340063128391,24.273904227469906
29804,0.33885816179446826,39.16633149805482
29805,11.087602631684708,57.25196223081022
29806,-121.85288279782628,35.87942618973373
29807,-6.043904015024997,44.404354186898665
29808,-74.56343734927209,39.10523428497752
29809,2.335652107617537,51.968499476688386
29810,11.833174771532427,55.669245353493494
29811,30.31012373719888,35.74434928711773
29812,15.040518935772624,57.98675618300231
29813,136.2573200840292,34.866597507550075
29814,121.61016800000007,0.4092526000000001
29815,0.7866973171943323,48.22388873251537
29816,-7.858521281132402,37.02307540878629
29817,-72.10040811999998,21.33078242000001
29818,0.1858331798022851,39.521658547318914
29819,27.261046999999984,-28.299236600000018
29820,174.0314870330125,-40.86916399113215
29821,-9.82149741173537,35.70682757349897
29822,-110.12310909065323,24.542329604962106
29823,123.79280161614678,29.45887665824046
29824,2.7108108625291556,50.15887753657076
29825,5.962871427839167,53.97614165598415
29826,128.1120119932945,36.49274756831649
29827,3.4636223585896757,53.472233014603205
29828,2.120542297907308,47.78153189598908
29829,3.0042409928689886,51.23624915789323
29830,-78.25158587665739,27.41207079885599
29831,3.3859615949591415,51.47648270292707
29832,-79.80633778774697,27.882265126820815
29833,3.1400613001330253,39.46459240457098
29834,-118.3100889635436,33.157118970489954
29835,174.2335743427537,-41.38353602673915
29836,-1.81327076678766,49.379567678301186
29837,4.427216854112515,52.1592191695836
29838,-0.12774082469291087,50.51719176261534
29839,8.691600692007619,41.67236644313138
29840,136.14784441274895,34.01138190500203
29841,-7.902693205638911,51.41734741429234
29842,2.1434365815429284,50.7328163058877
29843,12.371326594143866,54.907520507841724
29844,-0.949980075771784,48.783402387780214
29845,-0.859677377853361,49.33532665480172
29846,110.84986343146197,-18.372481815880406
29847,19.902043282179886,37.821327162077694
29848,-52.50214850039664,36.23725285895461
29849,-2.905687822789088,49.771468133835526
29850,1.0557251337154134,50.83591809703528
29851,6.962565346549832,53.12640930643254
29852,10.86069091787485,53.94371974789423
29853,4.565425854169115,51.95607293368211
29854,9.607664625798343,43.833098676113835
29855,4.943818835423915,52.860102474193894
29856,31.335869189127834,35.81615268307307
29857,10.35334144207032,41.50629906472234
29858,7.376818524912499,39.91643648105721
29859,14.429680957216275,55.271854369401126
29860,-1.3856260635453774,50.56057704807252
29861,-2.3551359989885086,50.03169693545303
29862,2.0977114702944992,51.520307440876
29863,10.583229902302584,55.95795958543791
29864,4.155166794292747,51.378673659910916
29865,-5.597079963852374,38.538064401745345
29866,-3.4510467979766783,48.15331307578829
29867,5.273051418676233,53.66128381816513
29868,2.86023547580645,51.91035933512866
29869,4.929145205650979,52.13053865974789
29870,5.036055691142255,53.01779846759148
29871,2.112415519105767,51.27176653313877
29872,12.732900113326748,54.73441858116241
29873,1.1279309174099195,43.79243333062186
29874,13.913138302960215,39.70804048801369
29875,5.597202682623415,40.81502393419342
29876,-122.44304987338447,47.34506786491647
29877,138.72947847181288,35.18765757771096
29878,3.7507564115640992,52.370293026048046
29879,-2.4846262839876916,50.10638907617425
29880,126.56691516255904,37.084656653775305
29881,120.94561260397491,24.6620185911127
29882,-79.57735264030673,9.501172302662564
29883,54.75528532011169,25.10968279829219
29884,0.04070483943532088,39.08920554413861
29885,2.5487386209771876,51.43241717395761
29886,-7.28630821309524,34.5160430642857
29887,29.283772328840058,40.84544922758102
29888,-121.85517269782628,35.888646689733726
29889,24.96619548086463,39.490892400763116
29890,-77.3913341806899,36.23234733059634
29891,8.306417143161404,54.3024421031187
29892,13.381270004358989,40.00011485451421
29893,3.6954950740736283,52.03409632403841
29894,133.99504354751568,36.65533006742935
29895,1.3281994258697114,45.63492823858441
29896,10.976800891643222,53.997522560026624
29897,11.087602631684708,57.25196223081022
29898,-15.361521815251221,28.295411878660637
29899,0.32687399127767847,39.16968111950436
29900,7.550453837899859,53.753955106202675
29901,15.055145432214928,58.00056551768181
29902,174.0316549330125,-40.86902159113215
29903,136.2573200840292,34.866597507550075
29904,4.42721551244585,52.159219169583615
29905,7.469387538235082,39.92569826608947
29906,4.565425854169115,51.95607293368211
29907,10.195736260567532,42.60494072430771
29908,-75.85262422442064,10.595229057843287
29909,4.941299535423916,52.85920567419389
29910,-93.94241704321297,29.867136271667345
29911,10.051077643772034,41.94251882087013
29912,14.494177423882944,55.29416641940113
29913,-122.5007152776166,47.339558954922396
29914,21.459358283469633,59.00468930944102
29915,16.760021896060383,54.23116298333888
29916,-76.27766010611099,35.134270579431046
29917,152.57524253400575,-29.508908010184832
29918,-64.70429970000002,-15.799351499999998
29919,-3.6304049609511355,49.19989489280416
29920,27.265231299999993,-28.298456000000023
29921,103.22852809653956,11.185538039880509
29922,3.3443965867091174,51.25547056694243
29923,-110.07287525981297,24.59620339667715
29924,115.67432760887019,-32.04359132418522
29925,-123.5986190202114,44.56143918903178
29926,2.2171117087998904,51.72139780370322
29927,-74.02926904137185,39.98575155488799
29928,3.546492130439487,52.12652755911573
29929,31.336763539127833,35.81547218307308
29930,-76.90181522077947,33.86102018203334
29931,115.664410767541,-31.938151145658786
29932,27.265620081818174,-28.30058730454548
29933,1.64541126796658,49.99906132194219
29934,-7.884078723416689,51.42005151095899
29935,2.427109903731479,52.481811293101956
29936,19.20426613301268,39.11777663804144
29937,-71.94939092,21.233979220000002
29938,4.3587217783754575,51.43855095060328
29939,6.874469575039622,54.21442993936846
29940,2.089599308213497,52.667443757000584
29941,-74.5865707834967,39.104799949683404
29942,-118.2976565722936,33.14882423352567
29943,0.6034237328792778,50.76252888530385
29944,0.18604165110057813,39.521384381839965
29945,3.733264013314153,52.52618790579826
29946,4.518960735517568,52.904050859953685
29947,103.92022022309324,8.125124852248742
29948,5.81409265546716,53.94734796583339
29949,11.834166660613624,55.674152074760286
29950,104.92468835989746,8.879608400812623
29951,3.4636223585896757,53.472233014603205
29952,0.7374935681644392,50.62459277085522
29953,0.794975808878725,50.62174247156951
29954,6.019988042639086,52.7053199073454
29955,26.4040833997855,37.29763335507292
29956,-2.588305550422175,48.26484278340023
29957,10.130450646177467,57.378088702138065
29958,128.11201232662782,36.49274673498316
29959,6.829593742743963,53.47788270661987
29960,-88.84448554906169,24.261323029692125
29961,123.65919746320559,29.367440005299283
29962,-1.81327076678766,49.379567678301186
29963,133.2535636444194,-35.99189369706653
29964,136.3079461207847,34.10799099607346
29965,2.1128317991057677,51.27024931313878
29966,174.2961539427537,-41.309120276739144
29967,1.7763072952977281,52.45158241451199
29968,5.273051418676233,53.66128381816513
29969,9.859087925443623,55.30273042856766
29970,-7.849869781132401,37.02300810878629
29971,-8.027283076598954,33.906323843484856
29972,-0.859677297853361,49.33532619480173
29973,116.08770582849604,6.042472269242805
29974,30.31111143719888,35.74270038711773
29975,123.68932969745673,27.840339184864973
29976,6.962565346549832,53.12640930643254
29977,2.847555982473117,51.89839287512866
29978,-120.98575063043303,39.14319968696413
29979,-8.014812580777747,38.08330812746214
29980,4.59335566788302,52.733243735375844
29981,2.4278956240438085,51.820389570251606
29982,-6.044891384548806,44.402593430232
29983,-3.615529547770135,48.19244611895822
29984,2.7108108625291556,50.15887753657076
29985,3.0042409928689886,51.23624915789323
29986,5.012817081142254,53.01522232759148
29987,3.3859615949591415,51.47648270292707
29988,3.1721248573208656,42.16604046876674
29989,4.164940494292747,51.37294295991092
29990,4.929144948766921,52.13053866626963
29991,10.578883502302585,55.95531478543791
29992,0.7866972171943323,48.22388883251537
29993,5.966934627839167,53.97840645598415
29994,8.722151986642949,41.681315565318
29995,19.906122949042636,37.82009315364632
29996,-79.80633778774697,27.882265126820815
29997,0.040223232693660196,50.848892639410245
29998,3.136098800133025,39.46104060457098
29999,12.732900113326748,54.73441858116241
30000,2.1329897969275446,50.733678676217366
30001,12.373599778478315,54.911750245146074
30002,-0.9315336757717838,48.82033238778022
30003,0.9339491991446842,51.67906440777804
30004,9.607664625798343,43.833098676113835
30005,-0.12214201315752499,50.51805783442662
30006,10.35334124207032,41.50630026472234
30007,-9.817733811735371,35.76010379349897
30008,9.772847631693015,41.86340514027942
30009,-2.9134336477890876,49.765451642168856
30010,2.096519926114278,51.52570693142927
30011,1.0934649287154135,50.83131308703528
30012,110.806044031462,-18.386667715880407
30013,-52.503022687063314,36.23598211228794
30014,-2.3551359989885086,50.03169693545303
30015,121.11937720000003,0.7001907000000006
30016,10.86069091787485,53.94371974789423
30017,2.119909197907308,47.78237319598909
30018,-78.2309929766574,27.405764098855983
30019,4.198697619272971,52.54068609964916
30020,-1.336682313532889,50.573327119844286
30021,-5.593767063852374,38.537028401745346
30022,151.84608001656548,-30.919247885048552
30023,7.550453837899859,53.753955106202675
30024,8.734087385135737,54.40798513080946
30025,136.2573200840292,34.866597507550075
30026,-79.57735264030673,9.501172302662564
30027,-110.06381655481171,24.605816598946475
30028,2.5520201209771876,51.43208377395761
30029,2.398341312599696,52.47210506076087
30030,138.72947847181288,35.18765757771096
30031,29.283772328840058,40.84544922758102
30032,103.918503947447,8.124451677773548
30033,-15.36152251525122,28.295411978660642
30034,-121.04309299709966,39.254023986964135
30035,13.381270404358988,40.00011485451421
30036,-74.58777871349669,39.10463436254055
30037,10.976800891643222,53.997522560026624
30038,13.563717694202662,39.81345591247667
30039,5.372196682623415,40.811752304193426
30040,-0.011104923898012391,39.08257486413861
30041,-7.288733313095243,34.513742364285704
30042,2.21936270879989,51.720955603703224
30043,-122.44304987338447,47.34506786491647
30044,3.1724928573208655,42.16671276876675
30045,-7.830134424955149,51.433614358651305
30046,3.707542033121248,52.026050715705075
30047,-0.9307930757717838,48.82014463778021
30048,0.18604165110057813,39.521384381839965
30049,6.019988042639086,52.7053199073454
30050,6.517611767764006,53.38556860764532
30051,133.2616935444194,-35.99259159706653
30052,9.858124825443623,55.30124992856767
30053,123.6900513027742,27.840396536007834
30054,116.08771532849605,6.0424996692428055
30055,-1.81327076678766,49.379567678301186
30056,11.087602631684708,57.25196223081022
30057,0.02748203998425894,50.850155499405695
30058,0.3193083876726918,39.171385402332696
30059,15.07450383221493,57.999776652681795
30060,174.0166526692305,-40.86770021356804
30061,126.54643149589236,37.08911697044197
30062,4.427215941612515,52.15921965204392
30063,-2.4251276629742606,50.10972181382992
30064,4.565425854169115,51.95607293368211
30065,-88.54561505815259,23.90927715595475
30066,7.470129538235081,39.92561756608947
30067,10.195736260567532,42.60494072430771
30068,-75.87453284353009,10.587974524002256
30069,10.047383943772033,41.935183770870125
30070,-93.94241704321297,29.867136271667345
30071,30.964477654960625,35.996259955949974
30072,21.549921280674607,59.01115338428574
30073,-122.5007152776166,47.339558954922396
30074,-76.3364907924158,35.47596597916573
30075,-71.95191552000001,21.23418632
30076,16.53424016092525,54.2139688556976
30077,-77.3913341806899,36.23234733059634
30078,152.57701983400574,-29.507572110184828
30079,-46.70556177500002,-22.020779962500015
30080,25.150220196648352,39.43913457459645
30081,-102.41827167238561,17.409562048983464
30082,-78.2372276766574,27.39733809885598
30083,-3.6269958409511354,49.20199053280417
30084,-64.70383860000001,-15.793902900000003
30085,103.25072979653956,11.08222133988051
30086,3.34439639919032,51.25547042198003
30087,-1.0798975649840437,39.10066714408274
30088,-123.5986003202114,44.56210018903178
30089,115.67432760887019,-32.04359132418522
30090,-74.02914604137185,39.986509354887986
30091,10.86069091787485,53.94371974789423
30092,-18.604062270193037,40.01151396716262
30093,123.65919726614676,29.367440524907124
30094,3.4636223585896757,53.472233014603205
30095,8.298329195345355,54.255417054357004
30096,-76.90163322077947,33.861094882033335
30097,19.972113355663783,58.1169397608081
30098,5.004221563523206,53.01184239497243
30099,27.266960281818168,-28.299290504545475
30100,133.98856094751568,36.64975266742935
30101,115.664410767541,-31.938151145658786
30102,10.130450646177467,57.378088702138065
30103,1.1064158517179312,50.83239605869457
30104,12.437641791728833,39.606648490411054
30105,4.3587217783754575,51.43855095060328
30106,29.785566518643332,35.71447144048569
30107,19.30831827031427,39.117405628589786
30108,-52.50298875849188,36.23738638371652
30109,15.26971759599087,56.280876117774994
30110,2.089599308213497,52.667443757000584
30111,0.7866961721943325,48.22388860584871
30112,1.6386665903475324,49.99637719241838
30113,6.874468984442888,54.21443050607536
30114,21.338329271284415,58.46378547553542
30115,12.732900113326748,54.73441858116241
30116,4.518960735517568,52.904050859953685
30117,128.11201232662782,36.49274673498316
30118,9.607664625798343,43.833098676113835
30119,5.813262395467159,53.94545992583339
30120,120.7464743034987,24.479336244148413
30121,-79.80633778774697,27.882265126820815
30122,3.546491536101369,52.126527993087024
30123,-5.593766930519041,38.537028548412
30124,121.10925640000005,0.6231526000000005
30125,19.901485881927027,37.821259164353485
30126,1.7863791767262995,52.449752280940544
30127,5.273051418676233,53.66128381816513
30128,-3.9991896844497243,48.828333181362765
30129,2.427895560407445,51.820389421766755
30130,11.830516180570335,55.676638552833886
30131,27.266625999999984,-28.29664050000002
30132,-6.045586810739283,44.40139505618438
30133,14.611608410787705,55.33596701166305
30134,6.962565346549832,53.12640930643254
30135,174.2952350427537,-41.310071601739146
30136,3.733264013314153,52.52618790579826
30137,2.846900949139784,51.89319650333378
30138,4.64889469168147,52.748319627856475
30139,-3.70424344253204,48.180644106577276
30140,0.9349149991446842,51.68199950777804
30141,-8.015363600008515,38.08411661400061
30142,-9.81338795769088,35.789121283185516
30143,26.4040833997855,37.29763335507292
30144,0.7003959595505126,50.628595220967284
30145,0.7578782002647982,50.62574492168156
30146,4.942481735423916,52.85958907419389
30147,-1.336682313532889,50.573327119844286
30148,1.1290886674099196,43.79257098062186
30149,-2.6165708068387867,48.26078994718901
30150,-8.025453276598954,33.908169043484854
30151,4.1530115989934675,52.546534196241474
30152,-2.3551359989885086,50.03169693545303
30153,5.965886427839166,53.97780205598415
30154,104.9259220432308,8.879975267479288
30155,4.1649406942927465,51.372942659910926
30156,3.1648376864595558,39.48650601069343
30157,1.328127263726854,45.63652411858442
30158,2.1397980979073083,47.79445209598908
30159,3.0042409928689886,51.23624915789323
30160,3.3859615949591415,51.47648270292707
30161,2.1002687334536128,51.52976338385487
30162,10.61829314674703,55.897313960437906
30163,-118.30009865479359,33.15255314852567
30164,4.929145248766921,52.13053856626962
30165,0.6228405937001732,50.77146375563967
30166,-7.8545034811324,37.08350120878629
30167,-0.11549316011975813,50.51845610577309
30168,10.35334174207032,41.50630016472234
30169,9.772847631693015,41.86340514027942
30170,8.728712631642948,41.68372043198467
30171,136.1350415391106,34.01534246105111
30172,2.1128597991057676,51.27309201313878
30173,110.79216503146199,-18.396388173023265
30174,2.130435619149766,50.73825292621736
30175,12.387232545144979,54.91716677847941
30176,2.7108108625291556,50.15887753657076
30177,-2.9134335977890875,49.76545049216887
30178,-0.8612244778533609,49.33564775480172
30179,-0.9307930757717838,48.82014463778021
30180,-102.41827167238561,17.409562048983464
30181,10.040787649486319,41.904221292774885
30182,-7.268490413095241,34.5347397642857
30183,12.64324348429248,41.021357954187785
30184,3.722113942645058,52.021730012133645
30185,2.398341312599696,52.47210506076087
30186,15.24625727015754,56.27618062944163
30187,3.7507564115640992,52.370293026048046
30188,13.502387180241858,54.86276758012702
30189,2.5475117209771874,51.43215417395761
30190,3.0042409928689886,51.23624915789323
30191,10.86069091787485,53.94371974789423
30192,-0.14466452137033609,51.87041731956777
30193,13.544486852716576,39.81200328716601
30194,18.50891107238651,57.21502525497606
30195,1.777244270297728,52.45106487451198
30196,1.326311436696042,45.63318210915864
30197,-120.97294393043302,39.14098048696413
30198,-77.3913341806899,36.23234733059634
30199,1.1269782674099194,43.78761753062186
30200,19.958930535663786,58.109225100808096
30201,3.168486559427094,42.15848129352866
30202,13.377104521025656,39.99295902269603
30203,-76.99570182077947,33.74806645346191
30204,133.38344214751567,36.77149956742935
30205,136.2573200840292,34.866597507550075
30206,19.59697778388569,39.14806818930407
30207,4.3587217783754575,51.43855095060328
30208,6.761781341907217,54.206972742909684
30209,5.810140650467159,53.95305595833338
30210,4.545173445415428,52.908490070440784
30211,103.93057293814505,8.130164650303103
30212,104.91942260739742,8.874494739145954
30213,0.6466763383467514,50.63161662736028
30214,0.7041585790610371,50.62876632807456
30215,26.4040833997855,37.29763335507292
30216,6.019988042639086,52.7053199073454
30217,-2.6193122997444624,48.26447260112987
30218,5.014419781730008,52.97879835867847
30219,10.976800891643222,53.997522560026624
30220,133.86403544441941,-36.08738338456654
30221,3.733264013314153,52.52618790579826
30222,9.840258908776956,55.29415245356767
30223,123.50884885316015,27.739878693022757
30224,116.08771286182935,6.04247082757614
30225,5.597202682623415,40.81502393419342
30226,-15.361521815251221,28.295411878660637
30227,0.3181206773696615,39.17185927142361
30228,11.087602631684708,57.25196223081022
30229,123.79280221614675,29.45887745824046
30230,14.880841381697971,57.931838311685105
30231,-2.386735155414737,50.119048050258506
30232,173.96085811926383,-40.93601955319724
30233,0.28774543243036715,39.518455331757075
30234,126.55881567089241,37.07895718710864
30235,4.427216854112515,52.1592191695836
30236,7.475003767689626,39.94245618608948
30237,4.482620865144467,51.934566656375644
30238,-75.91824977570812,10.575477462846955
30239,10.195736260567532,42.60494072430771
30240,-93.94241694668318,29.86713615632918
30241,29.283772328840058,40.84544922758102
30242,120.57030215459429,24.383813818950284
30243,2.089599308213497,52.667443757000584
30244,30.84432619171062,36.113531661199964
30245,21.48624374178571,59.01414191761908
30246,-71.93840981999999,21.363440120000003
30247,136.3204355313436,34.11581003807377
30248,-122.5007152776166,47.339558954922396
30249,16.76002220617404,54.23116386971951
30250,-76.49162289265466,35.017220369316696
30251,152.57447133400575,-29.50888061018483
30252,-88.53394368739237,23.74809228668575
30253,-74.5646456792721,39.10506529783467
30254,27.262015581818172,-28.302371504545476
30255,25.20140618857182,39.46048300772391
30256,174.28783274275375,-41.33779132673914
30257,-64.7062946,-15.800629399999998
30258,-3.627389789125739,49.20541602550258
30259,103.2879273398729,10.97740068654717
30260,-8.032696576598953,33.90457754348486
30261,-7.835841181132403,37.025865208786286
30262,-6.043905065024994,44.404353895232
30263,3.2415453867091175,51.09094296694243
30264,-123.63831548259445,44.64524336363704
30265,19.902043082179887,37.82132696207769
30266,115.67433085432475,-32.04359181509432
30267,1.0931220102724337,50.84800071312585
30268,-3.9911486573903376,48.83371361048154
30269,10.130450646177467,57.378088702138065
30270,12.36155319910632,54.88836453088648
30271,-1.81327076678766,49.379567678301186
30272,-74.02543008008377,39.96356320266824
30273,-118.29628747229359,33.148218033525666
30274,8.73715168398213,41.67948786039473
30275,10.330089002302584,55.78232978543792
30276,11.818711036711184,55.67753012752451
30277,0.6084033029617502,50.77347398955707
30278,14.695277890549617,55.38041500273448
30279,29.530987629216753,35.762518182172364
30280,2.7108108625291556,50.15887753657076
30281,6.962565346549832,53.12640930643254
30282,128.4875809445468,36.4210091911175
30283,-3.7013321758653728,48.1807271399106
30284,-8.017044171963747,38.090940552983454
30285,-18.539496720193032,40.14353996716262
30286,4.9992118168565405,53.00377530973434
30287,-78.25088257665739,27.41750069885599
30288,4.139539214292746,51.372647373244256
30289,12.732900113326748,54.73441858116241
30290,1.6454112826007263,49.99906178308615
30291,2.1174324979073087,47.78599629598908
30292,9.77409211928364,41.87139385499651
30293,3.3859615949591415,51.47648270292707
30294,-1.101311122769132,39.07424536840918
30295,5.966934627839167,53.97840645598415
30296,2.8389150124731173,51.884747251667115
30297,2.9831967858901614,53.180943699458496
30298,-7.782181874090249,51.44514656593034
30299,3.1767661989595566,39.49861474069343
30300,27.26104559999999,-28.299238400000014
30301,10.353341202070318,41.50629868472234
30302,-2.905687822789088,49.771468133835526
30303,2.1003317730676097,51.539429019204356
30304,21.338329271284415,58.46378547553542
30305,2.1267078969275444,50.73665317621737
30306,-79.89464238774697,27.571567626820812
30307,0.032749289984258974,50.849633049405696
30308,0.8659852158113509,51.65734924944471
30309,8.25455535571242,54.22320753925659
30310,-46.73405287500002,-21.97959936250001
30311,-0.12774082469291087,50.51719176261534
30312,2.2166418421332237,51.7215590894175
30313,121.12329180000005,0.6854280000000006
30314,110.783833731462,-18.415484973023265
30315,3.5464918165505974,52.126527325087956
30316,115.664410767541,-31.938151145658786
30317,9.609338122862454,43.8321231400106
30318,-9.791016791024212,35.79673054651885
30319,-1.2672937011299874,50.592016773196995
30320,2.112415519105767,51.27176653313877
30321,13.913138302960215,39.70804048801369
30322,0.7866973171943323,48.22388873251537
30323,5.273051418676233,53.66128381816513
30324,4.929145168150979,52.13053872462885
30325,4.943818835423915,52.860102474193894
30326,-52.50214850039664,36.23725285895461
30327,4.120159668558685,52.54304885750629
30328,-2.3551359989885086,50.03169693545303
30329,-0.859676877853361,49.335327154801725
30330,4.641387380699785,52.739725893570764
30331,2.4127064826824722,51.87288382043298
30332,-5.593767063852374,38.537028401745346
30333,5.597202682623415,40.81502393419342
30334,13.499821996908524,54.86389898488893
30335,-7.317881561002647,35.67490591118533
30336,-118.25137117822268,33.13054175526001
30337,-79.57735264030673,9.501172302662564
30338,136.2407387402546,34.117925862589644
30339,-7.582244623369604,44.81077119491409
30340,3.1676992427604267,42.15785896019532
30341,2.2138970087998904,51.72213248941751
30342,3.7265370593117244,52.02045423713364
30343,10.330031102302584,55.78260178543792
30344,-18.5631027368597,40.134868633829285
30345,4.941299535423916,52.85920567419389
30346,-77.3913341806899,36.23234733059634
30347,120.81237978379114,14.61052776881867
30348,-0.8536703992704873,50.555569944744974
30349,133.38396054751573,36.769547567429356
30350,136.25851547152922,34.861979345050074
30351,2.7319952314861773,52.78353156906633
30352,10.976800891643222,53.997522560026624
30353,-15.361521815251221,28.295411878660637
30354,-16.54596743899835,25.063151505009355
30355,29.283772328840058,40.84544922758102
30356,-46.788250300000016,-22.081933733333344
30357,12.58933139476048,41.050981635175404
30358,2.7163299154349745,52.99921652871859
30359,1.3280128008056087,45.63539018948184
30360,13.381270004358989,40.00011485451421
30361,-2.854903214632725,49.76593202879944
30362,-76.99986635077947,33.73933443012857
30363,19.673114844704408,39.145053929362554
30364,4.3587217783754575,51.43855095060328
30365,6.874469575039622,54.21442993936846
30366,4.545173445415428,52.908490070440784
30367,0.6024626284470351,50.63034936974451
30368,0.6599448691613206,50.62749907045879
30369,103.91984860689507,8.126284706553104
30370,5.81350730046716,53.95004110833337
30371,0.31358086681290914,39.517256570533135
30372,104.91829021989746,8.933344120812622
30373,26.4040833997855,37.29763335507292
30374,-2.6113085187920815,48.27015763922511
30375,3.7486523115640993,52.369741526048045
30376,6.019988042639086,52.7053199073454
30377,4.422950630188919,52.82101978854234
30378,133.93687574441938,-36.11285423456654
30379,3.733264013314153,52.52618790579826
30380,9.841985308776959,55.29372605356767
30381,116.08770582849604,6.042472269242805
30382,123.68738212069474,27.832613159383353
30383,0.3181214107029949,39.17185960475694
30384,11.087602631684708,57.25196223081022
30385,2.5362066209771874,51.432326473957616
30386,-0.07095242389801239,39.07974033080527
30387,27.26668618181818,-28.299682804545476
30388,14.915894597257342,57.96080163801244
30389,-7.286505813095241,34.5157999642857
30390,174.29494274275373,-41.30986857673915
30391,173.8601882442639,-41.09676367819725
30392,-122.44304987338447,47.34506786491647
30393,126.5502431825591,37.076598147108626
30394,-109.85271527161623,24.828347459237833
30395,4.42721551244585,52.159219169583615
30396,8.763572132784127,41.68715929091468
30397,10.195736260567532,42.60494072430771
30398,7.568616867624979,39.9279358054915
30399,123.65919771614675,29.367440258240457
30400,4.402082922433624,51.91237421571574
30401,-75.91929338176872,10.561828611331803
30402,10.130450646177467,57.378088702138065
30403,-71.92114242000001,21.63655312000001
30404,-93.94241663396865,29.867134965599526
30405,-122.5007152776166,47.339558954922396
30406,30.734476293730822,36.23516882736158
30407,21.483116730674602,59.01155963428574
30408,16.760022175459756,54.23116268757664
30409,-76.42955773000351,34.97554140660025
30410,152.57524253400575,-29.508908010184832
30411,4.120159898993467,52.54304879624147
30412,-74.58777891349669,39.10463086254055
30413,-1.1115340727691319,39.070474667218704
30414,1.1454133446826469,43.791867621530955
30415,25.251444145432124,39.47499731474024
30416,10.039897778057746,41.901781540393934
30417,-1.81327076678766,49.379567678301186
30418,-64.69509130000002,-15.7984031
30419,-3.624135563728913,49.20999784058195
30420,103.28239778987289,10.977203886547175
30421,-2.25001569064201,50.13855991075634
30422,29.334807578366632,35.83486241039158
30423,12.732900113326748,54.73441858116241
30424,-0.04371548803700275,51.860395352901094
30425,-8.017044171963747,38.090940552983454
30426,3.159870596166481,50.866020362136226
30427,0.03262550323727105,50.85911018012858
30428,-123.62013467294422,44.72292473135361
30429,115.6750434033125,-32.043562366484
30430,4.1493129142927465,51.36691667324426
30431,-74.02506958675045,39.963614789334905
30432,115.66467891660953,-31.937893763489786
30433,1.106721516427621,50.854900922119995
30434,12.364264152671538,54.893106418190825
30435,10.86069091787485,53.94371974789423
30436,21.31136767277337,58.45126758464641
30437,8.191629251019565,54.147164219561716
30438,-8.030668876598954,33.90410844348486
30439,5.965886427839166,53.97780205598415
30440,4.6413872321283565,52.739725979285055
30441,2.1128317991057677,51.27024931313878
30442,3.1867031107242623,39.52380630539931
30443,-52.503022687063314,36.23598211228794
30444,120.75786939268951,24.480285199902657
30445,110.77962823146203,-18.41977887302326
30446,-79.88215536190341,27.586348139083288
30447,3.5464919568031235,52.12652763729754
30448,4.9291447349384185,52.13053962197184
30449,2.1199090979073087,47.78206489598909
30450,-0.8609921778533609,49.33503285480173
30451,1.6454112826007263,49.99906154616306
30452,11.81959610095361,55.67625604464573
30453,121.11062120000005,0.6244929000000001
30454,5.273051418676233,53.66128381816513
30455,2.7108108625291556,50.15887753657076
30456,0.6365389666461939,50.79346178754389
30457,27.265715999999994,-28.29654960000002
30458,-7.583033950730037,51.45715621850874
30459,14.830363157216278,55.43455515273449
30460,19.906122749042638,37.820092953646316
30461,-3.831389698052593,48.89907682190711
30462,2.8389150124731173,51.884747251667115
30463,-7.825671081132401,37.02342670878629
30464,2.089599308213497,52.667443757000584
30465,-78.2287096766574,27.40469409885598
30466,2.137737909427544,50.744642676217374
30467,0.8659852158113509,51.65734924944471
30468,-121.0118093970997,39.29512878696413
30469,-0.12028616488166294,50.51897300339214
30470,-9.790472391024212,35.80369404651886
30471,2.10282467306761,51.539939619204354
30472,6.962565346549832,53.12640930643254
30473,0.7866967421943325,48.22388908251538
30474,128.48758127788014,36.42100835778416
30475,9.609338122862454,43.8321231400106
30476,-88.28468528739235,23.83250288668575
30477,10.35334100207032,41.50629988472234
30478,9.77409211928364,41.87139385499651
30479,4.989773902570826,53.002318995448626
30480,-1.2666859011299871,50.592032773197
30481,18.85179821719903,57.34264758477418
30482,13.913138302960215,39.70804048801369
30483,3.3859615949591415,51.47648270292707
30484,-2.3551359989885086,50.03169693545303
30485,2.438822888329523,51.82217232382303
30486,-6.045587526215472,44.40139546356534
30487,-5.593767063852374,38.537028401745346
30488,-3.740131093770135,48.15822388130454
30489,0.03262550323727105,50.85911018012858
30490,2.718363413037198,52.77876849019669
30491,3.1681686427604263,42.159792060195315
30492,5.372196682623415,40.811752304193426
30493,13.913138302960215,39.70804048801369
30494,8.680122977784125,41.68273045758135
30495,1.1465254946826469,43.792074671530955
30496,-77.3913341806899,36.23234733059634
30497,-79.57735264030673,9.501172302662564
30498,-102.41615345095704,17.40765478469775
30499,13.381270404358988,40.00011485451421
30500,3.7215677664545814,52.01975304070508
30501,13.504291891118482,54.865424388730915
30502,136.67950315327013,34.41309214543878
30503,-7.317868869038361,35.67491332070914
30504,123.65919736614677,29.36744055824046
30505,11.087602631684708,57.25196223081022
30506,-2.3551359989885086,50.03169693545303
30507,2.5385133209771875,51.43182437395762
30508,-76.44203699035205,34.9164081926196
30509,152.57701983400574,-29.507572110184828
30510,-7.890932621963747,38.06234643952191
30511,25.301446368514135,39.488687062198665
30512,-3.624135563728913,49.20999784058195
30513,12.49168418712534,41.13771159374441
30514,-64.70081450000002,-15.793386400000005
30515,103.28237258987288,10.976863886547173
30516,3.1598703086476836,50.866020017173824
30517,4.117172598993467,52.542056796241475
30518,-123.62011717294423,44.7235863313536
30519,115.67504320331251,-32.043561966484
30520,10.86069091787485,53.94371974789423
30521,-74.02506958675045,39.963614789334905
30522,-77.06055675372606,33.59250033840222
30523,174.29402384275375,-41.31081990173915
30524,133.3789080475157,36.76564006742935
30525,-1.1083505727691318,39.06967166721871
30526,19.67434404470441,39.14511842936256
30527,4.358721760728399,51.43855109766209
30528,19.901485681927028,37.821258964353476
30529,-16.544556748998346,25.064738485009357
30530,6.874468984442888,54.21443050607536
30531,5.8126771404671596,53.94815256833338
30532,4.545259080682532,52.91271558011891
30533,103.91270147022838,8.130837728219772
30534,104.9195239032308,8.933710987479289
30535,-0.04371548803700275,51.860395352901094
30536,3.0042409928689886,51.23624915789323
30537,6.05927762045137,52.723628808587634
30538,26.40412672315732,37.305420965761854
30539,27.267594781818172,-28.299775604545474
30540,0.6028091455491547,50.65440634060213
30541,0.6602913862634402,50.65155604131642
30542,-2.4862748914873696,48.431299032258906
30543,4.394161939772253,52.80425767937568
30544,134.0069399444194,-36.14739023456654
30545,10.976800891643222,53.997522560026624
30546,9.868473245284893,55.28473899642481
30547,123.68208185424703,27.83162980520638
30548,116.08772032849603,6.042497269242806
30549,4.942481735423916,52.85958907419389
30550,29.236990761699964,35.868510510391594
30551,-15.361522986679791,28.29541237866064
30552,0.3193083876726918,39.171385402332696
30553,2.089599308213497,52.667443757000584
30554,-7.288733313095243,34.513742364285704
30555,0.35138908173494066,39.51597459914963
30556,12.732900113326748,54.73441858116241
30557,14.95099251310879,57.97198985661751
30558,10.130450646177467,57.378088702138065
30559,4.142760914292747,51.36835567324425
30560,173.8602279943707,-41.09574979229982
30561,-109.77637947620968,24.909028959677226
30562,120.81319071712447,14.610057802152001
30563,-122.4430525221849,47.34505781032567
30564,-74.5877786277824,39.10463440986198
30565,126.50380671355006,37.05839089242395
30566,2.7563484707607806,52.90224204320322
30567,110.76590693146203,-18.422387673023263
30568,4.427216141612515,52.159219762043925
30569,1.056486540098507,50.863989887752915
30570,-1.81327076678766,49.379567678301186
30571,0.7866963721943324,48.2238884558487
30572,4.334078112100013,51.89350755110942
30573,10.195736260567532,42.60494072430771
30574,7.574885405580904,39.93959921371085
30575,1.6386669532936502,49.9963796429006
30576,3.3856338042636533,51.415485024543614
30577,2.241096308708926,51.76387535662996
30578,-75.95585567642375,10.541442287562308
30579,-2.1597898984011805,50.14569727329223
30580,128.48758127788014,36.42100835778416
30581,-18.648880121731494,39.994308730239545
30582,-88.2780269080273,23.815786785892097
30583,9.77409211928364,41.87139385499651
30584,-71.91284122,21.781686420000007
30585,-3.7421920604368015,48.1578324479712
30586,1.3285546186627513,45.637664299481855
30587,115.66467891660953,-31.937893763489786
30588,5.965886427839166,53.97780205598415
30589,3.6760323080210826,52.52370185580473
30590,2.134126997907309,47.794830395989095
30591,-93.94241663396865,29.867134965599526
30592,-7.832802481132401,37.08624720878629
30593,27.266624399999987,-28.29664220000002
30594,21.31136767277337,58.45126758464641
30595,2.164319778148366,50.762598623136135
30596,3.189125542867119,39.5194371003993
30597,4.929145230771752,52.130539613638504
30598,-0.11549329821499624,50.51845655339214
30599,-9.764151491024212,35.84668804651886
30600,136.25851547152922,34.861979345050074
30601,3.7486523115640993,52.369741526048045
30602,121.10930280000007,0.6213884000000001
30603,-79.88215536190341,27.586348139083288
30604,0.8669510158113506,51.6602843494447
30605,29.283772328840058,40.84544922758102
30606,9.624510904997532,43.82500715490629
30607,-0.860725377853361,49.335583854801726
30608,-121.89102361114521,35.95630897557067
30609,18.85179821719903,57.34264758477418
30610,4.646810748795023,52.74107424595172
30611,2.1128597991057676,51.27309201313878
30612,-118.13113903596837,32.99715457959364
30613,5.273051418676233,53.66128381816513
30614,-121.00248603025119,39.40251980114594
30615,-52.42365145849189,36.38264708371651
30616,10.049710535200605,41.88210276182251
30617,2.438822958026493,51.82217204200485
30618,-5.593766930519041,38.537028548412
30619,6.962565346549832,53.12640930643254
30620,-3.824893898052593,48.90074222190711
30621,2.7108108625291556,50.15887753657076
30622,4.973116661300986,52.98754619941688
30623,-1.2666859011299871,50.592032773197
30624,2.0392694762494283,51.54189595329527
30625,-6.045586777405948,44.401395422851046
30626,11.815061067620277,55.68001645297906
30627,0.6597917825022636,50.80357925901999
30628,8.203282740019565,54.147272757228386
30629,-8.035665276598955,33.90571074348485
30630,30.72308890432589,36.31137740138192
30631,-78.2364910766574,27.39978809885598
30632,-122.5007152776166,47.339558954922396
30633,16.53424026032462,54.21396885993538
30634,-7.340424770616055,51.43552343759461
30635,12.391537619338203,54.903955351524154
30636,-0.8536703992704873,50.555569944744974
30637,3.546491536101369,52.126527993087024
30638,2.8389150124731173,51.884747251667115
30639,10.35334130207032,41.50630018472234
30640,120.75556879268952,24.478968899902657
30641,14.936882670311515,55.46551685213925
30642,21.483252330674603,59.00740683428574
30643,8.680997977784125,41.68341185758135
30644,-7.704106121963746,38.00726413952191
30645,54.72088321406827,25.109488079783883
30646,2.6917809558535253,52.69336397626121
30647,-5.910683129107142,35.65286409001985
30648,-109.71576989714606,24.972518050146306
30649,5.790050216051986,40.7694264708338
30650,2.496090437771071,51.428214691588316
30651,3.0952193714161265,42.12221997467906
30652,-7.883329047664558,35.34601051263629
30653,-71.59763921999996,21.365597020000006
30654,1.6397516641995884,50.00397720338399
30655,2.295508695997742,51.787572638968456
30656,-2.8702935644265244,39.2271612127603
30657,14.886823163034627,56.120065421078515
30658,126.39617193149104,36.811491303789396
30659,12.46465542600563,54.90778352078521
30660,-77.40793126250809,36.21627332605089
30661,-79.57735264030673,9.501172302662564
30662,27.270522981818168,-28.30610910454548
30663,13.016018852684148,55.20597983898524
30664,1.2275114188884673,45.532071838981395
30665,13.490583801101964,39.33568540764901
30666,134.61593741660656,36.972320083792994
30667,10.991018872353218,54.00217504501933
30668,116.0867883530731,6.04194544587691
30669,-2.355135486085283,50.031697103194965
30670,-15.361521276355179,28.29541632172935
30671,20.35863119303708,58.012701800711184
30672,0.03568718473765751,39.06347250326547
30673,123.47326751712868,29.33897722841523
30674,-102.73120556890349,17.485645232925226
30675,4.599009818353959,52.105100512846974
30676,4.257033899940564,51.86088199631447
30677,7.4446099614509675,39.96877130198825
30678,-76.154666510593,10.474447451473482
30679,10.263171387130432,42.50394875210094
30680,29.283772328840058,40.84544922758102
30681,-93.94241880795813,29.8671329562545
30682,30.59906107932589,36.511588226381896
30683,-122.5007152776166,47.339558954922396
30684,21.72339902511905,59.101323817619075
30685,-76.69109656316932,35.31484615817118
30686,136.50411643033448,34.37088331811921
30687,16.86780481583768,54.23689841516876
30688,152.54088822552276,-29.633689135629364
30689,-0.5874470106094125,48.79366086009425
30690,-0.6133321618703367,39.76625248799924
30691,25.284585268514128,39.488814762198665
30692,-3.5658535688602537,49.21502730210803
30693,103.31684809498407,10.991086592951342
30694,-64.48681722857147,-15.902482914285711
30695,3.1336412850346433,50.81355347631473
30696,-123.49240537504454,44.67535556283578
30697,6.962565529395835,53.12640907231948
30698,115.67504277919558,-32.04355682185836
30699,-73.97361118943803,40.08135285401795
30700,10.86069091787485,53.94371974789423
30701,-18.493126012190682,40.18658017425315
30702,3.0042409928689886,51.23624915789323
30703,-77.25948563787348,33.118833347706875
30704,4.093647377565693,52.12220517566179
30705,4.3757148450896,51.42736765909559
30706,19.562258549957495,39.086845289105156
30707,0.46392832987328264,51.89821356100418
30708,5.72905388638424,54.02590168167324
30709,6.889187047533188,54.41865032545294
30710,19.871615191082782,37.84850121348721
30711,4.545259080682532,52.91271558011891
30712,0.43581150379368483,50.63633831661504
30713,0.4932937445079703,50.63348801732933
30714,104.1698588569188,8.339770508987298
30715,120.79973015365853,14.608449134146333
30716,0.9699620404967593,39.58093613231609
30717,6.059277669978371,52.7236288187356
30718,26.40412672315732,37.305420965761854
30719,105.03809413379156,8.736667206445501
30720,-2.4673620501727953,48.443214330318824
30721,152.4719081990239,-28.433364235435032
30722,-47.10620420000002,-22.633574033333336
30723,134.36374069106535,-36.19210577730495
30724,3.558911681128425,52.339848580471156
30725,9.641536562329325,55.199428180029315
30726,4.15493294116634,52.74773792776995
30727,123.29826693787795,27.63940003289367
30728,-74.54320215925614,39.108252031664776
30729,-52.49649143064293,36.307898436101816
30730,10.130450646177467,57.378088702138065
30731,-7.626764661160533,44.90594936183223
30732,136.2722374948927,34.87299757240607
30733,0.8171655785695364,39.28682857621416
30734,27.268154619999983,-28.30526580666669
30735,9.571516144735792,43.8797653876992
30736,10.038483166763832,41.97432617905038
30737,-79.89115707445897,27.55475673045366
30738,3.0752498659897043,39.45214308423012
30739,4.127310175413195,51.37234789940671
30740,14.110221391316081,57.622519666806035
30741,-3.774080160227501,48.969379055904376
30742,12.765129590939287,54.700886821672704
30743,4.9873929365306875,52.145182131708204
30744,-17.06851875765714,24.072881710985758
30745,-121.87252664242025,36.142707340490375
30746,8.24270747781498,54.08286953128211
30747,3.3856338042636533,51.415485024543614
30748,120.78137752000002,-0.2615248519999993
30749,128.1734881297693,36.47177553606161
30750,11.964592236850867,41.72016871248509
30751,23.067173444569754,59.29649969448921
30752,173.83089601944462,-41.13181432238094
30753,-1.7594757938285717,50.19126482176339
30754,-8.561970799058662,36.61147492790338
30755,20.20718220148485,57.917829591774904
30756,173.7701936131463,-40.99863935532887
30757,120.29033344631381,24.207546086844197
30758,10.542185152198913,41.51710936583854
30759,1.0586613576813584,50.76072331361324
30760,0.7842654392073193,48.22107108663875
30761,2.1496579060180947,51.313887209905516
30762,110.79439513146203,-18.4028772563566
30763,-117.86659116621732,33.04556101019537
30764,2.710810685337717,50.158877513738155
30765,-121.17517772954169,39.6156373724483
30766,-0.8214456716717468,49.34174418742716
30767,1.89040929893812,52.02915338997259
30768,5.291049295082842,53.66560156385056
30769,-1.831208847101725,49.40805804923107
30770,0.6577062004106778,50.84787995365235
30771,4.415469248067133,52.843057971531856
30772,11.88726546302479,55.79394129944311
30773,29.02537555767312,36.09815743656606
30774,3.632774087021843,52.190241847048775
30775,2.089599308213497,52.667443757000584
30776,-88.36783650589452,24.239323937165523
30777,2.131885745360405,47.78898742852465
30778,9.824946726715758,42.13134097836414
30779,1.9379710756817639,51.53461181301453
30780,3.8339174479112104,52.60079070630532
30781,2.808997589356728,51.87598996008959
30782,-7.717115084376732,33.9219850213564
30783,-122.44303858040543,47.34504479016179
30784,-6.8983350489845865,51.48599404622917
30785,14.874093269382449,55.52973019654505
30786,1.9171445917911527,50.546600339642964
30787,-1.300403908801489,50.41840051443503
30788,0.6482183773570109,51.390315227534565
30789,-0.03215120022189676,50.602133681287285
30790,-9.965953492496071,35.4601681932288
30791,-78.18347518028708,27.504401311347607
30792,11.053261061412115,57.140725059775534
30793,-3.6839858131192553,48.20575217140079
30794,115.6649222292402,-31.937845032639355
30795,6.001105980494396,53.95154718177377
30796,4.879349033909972,52.89517192643024
30797,4.182675817605606,52.54474536188637
30798,-1.2411642011299875,50.596319889863665
30799,5.292070989547821,53.02340788622605
30800,-6.131188566869299,44.35188134030399
30801,-5.592469064905004,38.5415607926757
30802,-79.57735264030673,9.501172302662564
30803,-5.914977229107142,35.64824041501985
30804,-2.8794247765477365,39.21850795821485
30805,3.168831157714662,37.798655192787
30806,-12.17843823249476,35.09954752281131
30807,20.66905002253262,58.135142179258175
30808,-15.361521691739794,28.295416098652428
30809,-52.497313417309606,36.30619498943514
30810,-74.54320199348075,39.10825199637066
30811,126.36179737137944,36.83201551484505
30812,-109.64683289841652,25.046153937851624
30813,-102.72715383358603,17.482560479750624
30814,134.61720461660659,36.97089278379298
30815,18.12287249682926,40.470252816891964
30816,10.263171387130432,42.50394875210094
30817,2.425108982664409,51.83850428896846
30818,29.283772328840058,40.84544922758102
30819,152.75132444902388,-28.609260156863602
30820,25.586829560404407,39.48024983530447
30821,-64.49745832857145,-15.895920514285708
30822,-121.17672942954168,39.6190423724483
30823,27.27529208181817,-28.30414740454548
30824,-73.97337369610469,40.08064664068462
30825,4.876829733909973,52.89427512643024
30826,-117.87569977144084,33.119289599433024
30827,0.9699620404967593,39.580936032316096
30828,-17.057059957657142,24.20850171098575
30829,-7.514644517249779,38.36860891796031
30830,5.468470716051986,40.75903377083381
30831,1.2278259111705012,45.53183952180633
30832,2.4579203377710708,51.42564619158832
30833,14.110671591316079,57.62419646680604
30834,1.6397516641995884,50.00397712646091
30835,4.987392844864021,52.1451823067082
30836,173.76976131314635,-40.99896015532886
30837,-122.44303858040543,47.34504479016179
30838,4.242345030103177,51.87319810195984
30839,7.700239762403346,39.93789849902288
30840,-76.154666510593,10.474447451473482
30841,-93.94241880795813,29.8671329562545
30842,-122.5007152776166,47.339558954922396
30843,29.71719294482958,37.0511338059558
30844,10.130450646177467,57.378088702138065
30845,21.718669714007937,59.09811523428574
30846,16.8678052577413,54.23689813700309
30847,-76.69109656316932,35.31484615817118
30848,152.54201092552276,-29.63282323562937
30849,136.86543661539636,34.588063779016096
30850,-77.40793126250809,36.21627332605089
30851,-0.6140315418703364,39.768765267999235
30852,120.80015242032519,14.608299556368557
30853,-3.5767011547347956,49.33197388903567
30854,103.31607864498406,10.989993092951343
30855,3.174967685034643,50.84825497631473
30856,-123.47514035504454,44.68124949950245
30857,115.67504530658687,-32.04355680403227
30858,-18.493126012190682,40.18658017425315
30859,10.86069091787485,53.94371974789423
30860,13.490583601101964,39.335685707649006
30861,-77.61974771141713,32.403483258119806
30862,4.0855889608990275,52.124660875661796
30863,3.0959300547494593,42.12350464134572
30864,0.026534618070990862,39.0625573318369
30865,19.742728650983143,39.09591746551542
30866,4.204609473797964,52.53720397486398
30867,4.3757148450896,51.42736765909559
30868,6.945528421512761,54.42237857170719
30869,20.014955630805378,37.81585271952553
30870,4.600437668437635,52.8924582830974
30871,5.703564241426974,54.022547098168964
30872,104.15974079150213,8.334512844403964
30873,0.3798308659224718,50.61645240598507
30874,0.43731310663675727,50.61360210669936
30875,26.40412672315732,37.305420965761854
30876,-2.3128207101083356,48.49104848593402
30877,105.0393361462916,8.740540948112171
30878,4.140090808784151,51.36547168556623
30879,6.214977287827696,52.795739070354365
30880,4.168337154499675,52.74237206610328
30881,3.0042409928689886,51.23624915789323
30882,134.9213888346551,-36.253182070894695
30883,136.2777417881525,34.87005621967003
30884,-7.6347876018104905,44.90616733564843
30885,-7.750491928821178,33.91813528246752
30886,9.466370985600486,55.25144628743248
30887,27.269694519999984,-28.30333050666669
30888,123.33968189212868,29.247645428415225
30889,-1.5577889695155098,50.18331060312413
30890,-8.566142799058662,36.603062627903384
30891,2.089599308213497,52.667443757000584
30892,116.08677299354932,6.041941359924529
30893,123.47923086287794,27.736047966227005
30894,11.900026367386584,41.752814099330315
30895,0.46392832987328264,51.89821356100418
30896,17.375771126916387,57.03272597541172
30897,23.067173444569754,59.29649969448921
30898,-79.8584131875815,27.55229575944119
30899,3.077979365989705,39.45122988423012
30900,3.556807581128425,52.33929708047115
30901,110.788748531462,-18.4030565563566
30902,5.297291637862839,53.02447625289272
30903,27.955700226810315,36.33244739285285
30904,3.8361957473132104,52.601131813635966
30905,-88.38080190589453,24.38529683716552
30906,11.108439649167217,57.12046776275402
30907,12.765129590939287,54.700886821672704
30908,-1.300403908801489,50.41840051443503
30909,-2.9812991371123654,49.691164259850304
30910,3.3856338042636533,51.415485024543614
30911,0.7842648642073194,48.22107143663876
30912,6.000057780494395,53.95094278177376
30913,1.0586613576813584,50.76072331361324
30914,128.1734881297693,36.47177553606161
30915,8.28161664648422,54.07062503633194
30916,4.5990095183539585,52.105100476180304
30917,2.8049576560233955,51.87396529342293
30918,0.7341466380931226,50.9072385421498
30919,10.062257266763833,41.95073041238372
30920,2.1500741860180947,51.31236998990552
30921,11.885015459290452,55.793754780194995
30922,0.8137795073308399,39.28767375049724
30923,-6.90698782368877,51.48422989935327
30924,173.83701740777792,-41.12585788238095
30925,-1.8500224684500397,49.422325929006355
30926,2.1317671620270717,47.78996997852464
30927,10.542184556087802,41.51710993083853
30928,20.178219801484847,57.9122702917749
30929,-1.2405564011299872,50.59633588986366
30930,-0.8222569516717466,49.34026594742716
30931,15.035873426049118,55.59575200654504
30932,1.9171445917911527,50.546600339642964
30933,0.6482183773570109,51.390315227534565
30934,5.291049295082842,53.66560156385056
30935,-78.16518368028707,27.491292911347603
30936,12.419024875987056,54.73808147236482
30937,10.991018872353218,54.00217504501933
30938,120.47922861774238,24.301994101129907
30939,120.78551072000008,-0.3049792519999996
30940,3.632774527274368,52.19024215925836
30941,2.710810685337717,50.158877513738155
30942,115.66492232924021,-31.937849432639354
30943,-0.023363645234130002,50.60308110131285
30944,-9.95639485916274,35.4751726932288
30945,-2.355135486085283,50.031697103194965
30946,1.9263405461603424,51.98224814552814
30947,6.962565529395835,53.12640907231948
30948,-3.389488567446199,49.21031916041479
30949,9.571516144735792,43.8797653876992
30950,9.824946726715758,42.13134097836414
30951,4.40737114568618,52.841718595817554
30952,1.949576652954491,51.53522716301453
30953,-121.87173324242026,36.14321414049037
30954,-6.1307959860954915,44.35216596947066
30955,-5.592469064905004,38.5415607926757
30956,-3.7023682631192547,48.203354628067466
30957,18.123010496829266,40.46984511689196
30958,-7.515195536480547,38.36941740449877
30959,2.4506627377710712,51.42230919158832
30960,3.095558254749459,42.12278824134572
30961,4.204609473797964,52.53720397486398
30962,-77.40793126250809,36.21627332605089
30963,20.66905002253262,58.135142179258175
30964,-0.0035586485956758994,39.07054460267023
30965,104.15982509150213,8.334783644403965
30966,14.240268872846906,55.854415511456374
30967,0.647985777357011,51.39128912753456
30968,17.591222845830533,57.10581828753292
30969,1.6330074641995882,50.00129232646091
30970,126.3549320118966,36.8331016057535
30971,134.62158931660662,36.973412683792986
30972,4.085194560899027,52.12386957566179
30973,4.144044526106986,51.364773352495355
30974,4.600437668437635,52.8924582830974
30975,0.16507409699363154,50.54790130272676
30976,0.22255633770791722,50.54505100344104
30977,6.297834917028954,52.83694849849481
30978,26.40412672315732,37.305420965761854
30979,105.0762088462916,8.62345704811217
30980,-2.3128212351083355,48.49104929426735
30981,4.165133911166342,52.74392580276995
30982,134.9273854346551,-36.25413247089469
30983,1.2278217147419295,45.532591478949186
30984,9.446260585600486,55.27336478743248
30985,123.47804449041762,27.736047157369864
30986,11.843841884835351,41.79335342633223
30987,116.08677579354934,6.041956359924528
30988,-74.56633519348074,39.107821096370664
30989,-0.3849026208912636,48.929166583385246
30990,5.464904682718653,40.76876922416714
30991,-15.361521802921594,28.295415674862184
30992,0.8137795073308399,39.28767375049724
30993,120.80092942032519,14.607862456368554
30994,-5.9204198041071425,35.65831720668652
30995,14.118105169160865,57.627532430429135
30996,4.987392949030688,52.14518254004154
30997,173.76979956825312,-40.99793829443141
30998,0.9875822660025512,39.576734183592365
30999,-121.19803599620833,39.60552227244828
31000,-122.44303858040543,47.34504479016179
31001,2.718363413037198,52.77876849019669
31002,4.242345030103177,51.87319810195984
31003,3.2595465043813294,37.77289909445367
31004,8.011107412765261,39.901200276776216
31005,3.3856338042636533,51.415485024543614
31006,10.251762076156224,42.519220021125
31007,-76.20126509098301,10.457705073055427
31008,12.765129590939287,54.700886821672704
31009,-93.94241880795813,29.8671329562545
31010,29.283772328840058,40.84544922758102
31011,28.977165944751672,37.724797027910256
31012,16.641990464760465,54.21969456756005
31013,2.435086522664409,51.840369868968466
31014,-122.5007152776166,47.339558954922396
31015,21.71966841400794,59.09325503428574
31016,-79.57735264030673,9.501172302662564
31017,2.040012326018095,51.20061604990552
31018,-76.69133503816933,35.31357590817118
31019,6.000057780494395,53.95094278177376
31020,152.54317802552276,-29.63113603562937
31021,137.04652934480814,34.68498223195727
31022,-0.6071146085370033,39.769033467999236
31023,25.941400111883436,39.4194781020951
31024,10.130450646177467,57.378088702138065
31025,135.6505406747733,34.66784915332913
31026,103.31207309165073,10.987954526284677
31027,-18.55769156219068,40.054554174253155
31028,-64.50242962857145,-15.891285614285714
31029,-3.571749154734795,49.33398255570235
31030,3.632774256572614,52.19024221504784
31031,3.1749673254920365,50.848254010518986
31032,9.571516144735792,43.8797653876992
31033,-123.47512285504456,44.68191109950245
31034,10.058563566763834,41.94339536238371
31035,115.67504943783688,-32.043559916532274
31036,-73.9733066961047,40.080312940684614
31037,11.108439649167217,57.12046776275402
31038,13.490583601101964,39.335685707649006
31039,-6.138129531646403,44.34659828060542
31040,-77.87429499487398,31.597182691124008
31041,-8.565892599058662,36.67035822790338
31042,3.0059606510331105,51.23523731283289
31043,115.66492587924022,-31.93784880763935
31044,-88.38649140589452,24.386465637165525
31045,9.824946726715758,42.13134097836414
31046,10.542186180446777,41.51711032186417
31047,-3.7044291297859218,48.20296324473413
31048,1.913149162822898,50.54904118130964
31049,-1.2766092438310463,50.186553603162984
31050,-2.9507773131969226,49.70443210889507
31051,-1.2405564011299872,50.59633588986366
31052,0.46392832987328264,51.89821356100418
31053,23.067173444569754,59.29649969448921
31054,-0.3227430487747014,50.78973854469719
31055,-7.721441997075174,44.65941298926704
31056,19.98155136358818,39.15122671131374
31057,3.556807581128425,52.33929708047115
31058,110.73722183146201,-18.427575256356597
31059,3.1037195788468477,39.43917482708727
31060,-52.41794218873818,36.45285996086371
31061,4.383247712352847,52.824153745817554
31062,-79.8584131875815,27.55229575944119
31063,8.300894280278396,54.041612614451594
31064,-7.790330628821181,33.91062298246751
31065,2.0524069745270714,47.815322928524644
31066,4.3757148450896,51.42736765909559
31067,-1.937137590672262,49.37996541874995
31068,10.991018872353218,54.00217504501933
31069,120.78462862000008,-0.30635692699999983
31070,-117.90271741294852,33.12917640291821
31071,173.83547588277798,-41.13097723238095
31072,5.296738723654271,53.662354178136276
31073,0.7454675093676323,50.91491459342431
31074,27.269215019999983,-28.302409406666687
31075,20.08877265148485,57.89421519177488
31076,12.413900423648188,54.73261010625168
31077,-0.86117711500508,49.312860634093816
31078,1.9495768196211578,51.53522696777643
31079,6.945530117949236,54.422383543613165
31080,120.40140553572485,24.271086097182536
31081,26.76946451908686,36.64982114568384
31082,-2.4323079231341116,49.57260369982139
31083,10.86069091787485,53.94371974789423
31084,2.710810685337717,50.158877513738155
31085,-9.961573309162738,35.5005625932288
31086,1.0586613576813584,50.76072331361324
31087,1.9263407211603425,51.98224824552815
31088,0.7842645942073194,48.22107070997208
31089,3.8361957473132104,52.601131813635966
31090,2.089599308213497,52.667443757000584
31091,-1.300403908801489,50.41840051443503
31092,4.8912518339099735,52.89768892643025
31093,-0.020626620234130005,50.60281407631286
31094,-78.16786280082279,27.48982230599046
31095,-2.3551349360852827,50.031696853194966
31096,-121.88448654242029,36.14904884049037
31097,5.704448721426974,54.02331005816896
31098,-5.592468931571672,38.54156093934236
31099,6.962565529395835,53.12640907231948
31100,128.1734881297693,36.47177553606161
31101,2.654917852967839,51.832048073978484
31102,5.304821129529506,53.035990792892726
31103,11.864031709171407,55.794483581980714
31104,19.9973104617696,37.812751967758174
31105,4.599010035020626,52.105100254751726
31106,-6.850685828926865,51.49927738192469
31107,15.059292769483456,55.602890671191496
31108,3.257651737714662,37.774711427787004
31109,-9.956419792496071,35.47844674322881
31110,-0.01901288192900922,39.071148469336904
31111,-7.458104509557471,38.379415976934666
31112,19.855463564169884,57.837164896146305
31113,1.2872711971493367,45.530663173764005
31114,27.273372499999983,-28.306431000000025
31115,-5.929040929107143,35.648204090019846
31116,12.755345971994373,54.70155813695467
31117,-1.300403908801489,50.41840051443503
31118,10.130450646177467,57.378088702138065
31119,2.4276539503569587,51.41950326924235
31120,-74.54110214293205,39.10774951172573
31121,134.72214721660657,36.93865898379299
31122,-8.53714769905866,36.62451092790338
31123,-10.757501396482661,39.48307989935164
31124,105.18009202545826,8.15838125811217
31125,-2.355135486085283,50.031697103194965
31126,-15.361520379041384,28.295415540471723
31127,5.694051316051986,40.761624170833805
31128,-121.87252664242025,36.142707340490375
31129,9.571516144735792,43.8797653876992
31130,29.283772328840058,40.84544922758102
31131,136.9876609111512,34.69339803696887
31132,4.3757148450896,51.42736765909559
31133,0.987590842925628,39.576730998976984
31134,19.966333574022464,37.895388360149056
31135,6.907675616699855,54.451263612536266
31136,5.682485522924753,54.02967559268072
31137,4.600437668437635,52.8924582830974
31138,-102.72083160501461,17.479711794036337
31139,104.19002714113194,8.273840596762621
31140,26.405166131570276,37.31335064519591
31141,4.134280946106986,51.37050261249536
31142,0.3404224179603926,50.6091722653646
31143,0.39790465867467817,50.60632196607889
31144,-2.3085833699895826,48.497277873916865
31145,6.297834917028954,52.83694849849481
31146,4.159713906550957,52.745663028731485
31147,135.63817960111388,-36.438442923424155
31148,9.417620120278848,55.27222618883597
31149,116.08628980812635,6.041619510764129
31150,123.28969151818099,27.64130617228761
31151,0.8125917970278098,39.288147619588145
31152,3.632774087021843,52.190241847048775
31153,3.3856338042636533,51.415485024543614
31154,14.11356163582753,57.624132090429136
31155,4.98739265960761,52.14518237016974
31156,-1.0677579199523322,50.21635192429058
31157,173.77019844231302,-40.998642055328865
31158,-122.44303858040543,47.34504479016179
31159,-0.2932538196286373,48.888990217223636
31160,126.37673805222293,36.785792365807836
31161,134.50114605526656,34.42032890359384
31162,4.1100463208567755,51.83752147577862
31163,8.165818657131258,39.93533931494102
31164,10.253434114563607,42.51575609573197
31165,2.429102422664409,51.84030306896845
31166,-18.493126012190682,40.18658017425315
31167,-93.94241880795813,29.8671329562545
31168,-76.51952330098473,10.292558188280601
31169,-122.5007152776166,47.339558954922396
31170,27.73592755946834,38.52100122644755
31171,16.867804241488333,54.23689808325463
31172,21.719104294007938,59.104942844285745
31173,-77.40793126250809,36.21627332605089
31174,1.6397516641995884,50.00397720338399
31175,6.001105980494396,53.95154718177377
31176,13.827006973471256,39.43974323867011
31177,-76.69303076316932,35.313469858171175
31178,152.54088822552276,-29.633689135629364
31179,-79.57735264030673,9.501172302662564
31180,26.04985159692346,39.40246999792632
31181,-3.5774041190205095,49.33098319617853
31182,103.31143169165072,10.988837726284675
31183,10.06459246676383,41.95392967905038
31184,123.47326741712868,29.33897722841523
31185,-64.52562022857146,-15.894874314285708
31186,3.133207885034643,50.81423127631472
31187,-78.18744244695374,27.509784178014275
31188,1.8197140751206589,50.973699990986105
31189,115.67504530658687,-32.04355680403227
31190,-123.47825957504455,44.68144331283578
31191,-73.97337369610469,40.08064664068462
31192,6.962565529395835,53.12640907231948
31193,13.490583801101964,39.33568540764901
31194,110.61351173146205,-18.576299868856594
31195,-77.98964635656725,31.429898410203535
31196,-7.832030095487847,33.8945830074675
31197,-1.2411642011299875,50.596319889863665
31198,-0.4833400566299661,50.739505737236115
31199,4.402771602352846,52.840349234388995
31200,3.558911681128425,52.339848580471156
31201,17.93615584210037,57.236891081342456
31202,11.108439649167217,57.12046776275402
31203,-117.7706712807821,32.98576189688743
31204,27.26622911999998,-28.305593706666688
31205,120.02772406429625,24.086850882896826
31206,120.79661112000004,-0.24312312699999952
31207,120.79972820921408,14.608448234146334
31208,-2.8823347213558885,49.723786150641644
31209,5.296738723654271,53.662354178136276
31210,-0.9912210113613134,50.130660112410744
31211,2.710810685337717,50.158877513738155
31212,115.6649222292402,-31.937845032639355
31213,0.7454675093676323,50.91491459342431
31214,1.9235753211603424,51.979938745528145
31215,24.787653051838053,37.188267400349694
31216,10.86069091787485,53.94371974789423
31217,-121.1693709011534,39.50281889195379
31218,-88.65579310589452,24.42114923716552
31219,-0.8946166256111409,49.263639401972604
31220,0.46392832987328264,51.89821356100418
31221,1.985886217065239,51.56713875964866
31222,-3.702863654347325,48.20383729736571
31223,4.089604560899027,52.124137975661796
31224,3.7858967144570412,52.55387603981182
31225,2.480795582159758,51.7933400661502
31226,9.825433112408325,42.13450878269406
31227,5.309153810547822,53.0466322500722
31228,15.150741086049118,55.622013846545045
31229,1.949419372346708,50.571343267817575
31230,173.89365569444465,-41.023221855714276
31231,128.1734881297693,36.47177553606161
31232,10.542185315056056,41.51710951726711
31233,20.12363986966667,57.86616565904763
31234,-0.6143686618703367,39.76837318799924
31235,13.862928293580554,55.678226873976286
31236,23.067173444569754,59.29649969448921
31237,-6.781208213593532,51.51741727859135
31238,0.6482183773570109,51.390315227534565
31239,54.711668493609956,25.110952603232814
31240,4.597874147520627,52.10880569562474
31241,12.406652576038306,54.723204038508854
31242,1.0685582576813584,50.76313516361324
31243,20.559923779288685,39.24185228500152
31244,0.7842654392073193,48.22107108663875
31245,-79.86596825014662,27.643385908061067
31246,-1.937137590672262,49.37996541874995
31247,-7.84101931874184,44.8259672609337
31248,3.109493328846847,39.44334750708727
31249,4.893735871409974,52.89952295143024
31250,8.29571088604732,53.990715571794716
31251,2.089599308213497,52.667443757000584
31252,-0.029573301186510914,50.60155994059856
31253,-6.138522433535965,44.34631460697065
31254,-5.592469064905004,38.5415607926757
31255,10.991018872353218,54.00217504501933
31256,2.133113828693738,47.906605245191315
31257,-52.496772217309605,36.305593989435145
31258,11.795807366263922,41.84989395633224
31259,11.867518417623785,55.79210948686166
31260,3.095232171416127,42.12228587467906
31261,-0.03968807511082738,39.07718694357933
31262,-5.9417450291071425,35.63601694835319
31263,-0.3251123064167923,48.96623114956988
31264,-117.77187225242312,33.01628466400075
31265,19.35029726366597,39.024254979884525
31266,-12.325000526282782,34.71755391559065
31267,-121.87272074242026,36.14179574049037
31268,54.711668493609956,25.110952603232814
31269,-2.9808693169291867,39.13377356125711
31270,5.468470716051986,40.75903377083381
31271,2.4100339307917413,51.41785585619888
31272,27.269873419999985,-28.304729606666687
31273,-1.0166100597472865,50.227735629574546
31274,3.3161512057671017,37.76815943297024
31275,-77.40793126250809,36.21627332605089
31276,-3.5767011547347956,49.33197388903567
31277,-64.52289542857146,-15.888645514285708
31278,103.31218239165071,10.988477426284676
31279,3.174967685034643,50.84825497631473
31280,115.67504530658687,-32.04355680403227
31281,-123.4791961717112,44.68485539950244
31282,-73.9732506961047,40.081404440684615
31283,13.490583601101964,39.335685707649006
31284,13.827006973471256,39.43974323867011
31285,-78.02385262757736,31.31140926333485
31286,134.7241717166066,36.93557548379299
31287,120.78061592000006,-0.32842892699999965
31288,4.0855889608990275,52.124660875661796
31289,20.556656029288682,39.23572036000152
31290,4.3757148450896,51.42736765909559
31291,6.9640171490127605,54.45499194212386
31292,19.97430719088521,37.89287205171768
31293,4.600437668437635,52.8924582830974
31294,104.17992129738195,8.26860664051262
31295,5.611944377967487,53.98621440917643
31296,6.297834917028954,52.83694849849481
31297,105.1861812779583,8.162807219778838
31298,26.405166131570276,37.31335064519591
31299,0.31673092207450915,50.633322249023976
31300,0.3742131627887946,50.630471949738265
31301,-2.306818479989582,48.49778277391687
31302,-8.53939239905866,36.632807227903385
31303,4.168338053217622,52.74237266706482
31304,10.130450646177467,57.378088702138065
31305,135.7031854011139,-36.47113652342415
31306,9.398877684564564,55.36455015847885
31307,116.08627751526923,6.041611066478413
31308,123.47135350984763,27.725803322287607
31309,-15.361520863778088,28.29541423262388
31310,0.8137795073308399,39.28767375049724
31311,5.013926682662056,52.156351559951936
31312,0.987590842925628,39.576730898976976
31313,14.129577916971598,57.6393966475266
31314,173.7697526785309,-40.99898707776475
31315,-18.493126012190682,40.18658017425315
31316,126.3526399891503,36.792043943275516
31317,-122.44303858040543,47.34504479016179
31318,120.39156835435227,24.275575649143317
31319,-7.84100890374184,44.82961742260038
31320,8.327625159491506,39.95649573896793
31321,120.80015132032518,14.608298456368555
31322,4.073377741465191,51.8297000619045
31323,0.46392832987328264,51.89821356100418
31324,-70.78021694941174,22.249590655294117
31325,-74.56701736946432,39.10816959797007
31326,10.231166260826683,42.535992929891556
31327,-2.355135486085283,50.031697103194965
31328,-76.54466503463762,10.270638910741917
31329,-93.94241880795813,29.8671329562545
31330,123.29266379212868,29.14580022841523
31331,-11.199621190136263,39.374062856593916
31332,29.283772328840058,40.84544922758102
31333,10.063708166763833,41.94743491238371
31334,23.067173444569754,59.29649969448921
31335,134.1209320973154,34.351938868919106
31336,1.820119955120659,50.96945557098611
31337,-122.5007152776166,47.339558954922396
31338,-79.57735264030673,9.501172302662564
31339,27.38610029956268,38.9408393434287
31340,173.89235390777793,-41.023347915714275
31341,21.717175694007942,59.09986629428573
31342,2.429102422664409,51.84030306896845
31343,-7.986225107464761,33.85045643668829
31344,-76.69303076316932,35.313469858171175
31345,1.963555713372349,50.58193941012526
31346,-0.614187808537003,39.772961167999235
31347,-0.6793623642172676,50.70220285642037
31348,16.873392133391956,54.24059780508895
31349,6.000057780494395,53.95094278177376
31350,136.9247639546432,34.7010741634732
31351,152.54317372552276,-29.631697535629367
31352,-78.16370555320374,27.49359681551427
31353,24.208608593902003,37.37470483696317
31354,4.949720442243307,52.94638563476357
31355,1.2869452111705004,45.52923339180633
31356,2.089599308213497,52.667443757000584
31357,11.483364893730334,42.175385841519784
31358,-2.8823350015978235,49.723786182093264
31359,12.973683198367915,55.240671227840295
31360,3.556807581128425,52.33929708047115
31361,-102.72438333358603,17.48094797975062
31362,1.987451867065239,51.56744065964867
31363,26.337558140646482,39.428449607373125
31364,3.140145308476477,39.47139002190208
31365,4.395896327664201,52.83895442098239
31366,-79.87025158347996,27.63699627472774
31367,-52.497313417309606,36.30619498943514
31368,110.52822463146207,-18.65503246885659
31369,17.923977542100378,57.232081581342456
31370,-1.937137590672262,49.37996541874995
31371,20.10682526966667,57.871647959047635
31372,-0.8873159574629925,49.257402206417055
31373,4.144054646106985,51.364771912495364
31374,1.9263405461603424,51.98224814552814
31375,5.296738723654271,53.662354178136276
31376,0.7631646193383068,50.92479762128355
31377,10.542184993944945,41.51710998226711
31378,13.66437542691389,55.59512644064294
31379,12.418466720787919,54.74390786628149
31380,2.7183157958853794,52.77682333306065
31381,0.2696779439307943,50.53634260095164
31382,128.1734881297693,36.47177553606161
31383,2.710810685337717,50.158877513738155
31384,2.4525363321597577,51.7918141161502
31385,9.825433112408325,42.13450878269406
31386,11.108439649167217,57.12046776275402
31387,0.8107989789284323,48.23224045142095
31388,0.7046096584715622,51.41203245245717
31389,-121.20451638782008,39.56400048528712
31390,8.296726631639656,53.98843727382725
31391,4.597873651687293,52.10880610951364
31392,-88.53034630589453,24.401018337165524
31393,1.0685582576813584,50.76313516361324
31394,-4.327441975876096,47.76244648115808
31395,6.962565529395835,53.12640907231948
31396,3.7858967144570412,52.55387603981182
31397,115.66492232924021,-31.937849432639354
31398,-0.022479320234129997,50.60301347631285
31399,3.3860976042636532,51.41553985787695
31400,-1.2405564011299872,50.59633588986366
31401,-5.592469064905004,38.5415607926757
31402,10.86069091787485,53.94371974789423
31403,10.469130320687434,55.60411177759878
31404,2.133713828693738,47.90761614519131
31405,-6.142463186095491,44.34286521947066
31406,10.991018872353218,54.00217504501933
31407,11.818186498936917,55.76599650231621
31408,5.321720656005697,53.059135352123484
31409,1.6397521641995882,50.003976826460914
31410,-6.687978933917737,51.538444327759905
31411,15.18306554604911,55.64655870654505
31412,2.429102422664409,51.84030306896845
31413,4.949720442243307,52.94638563476357
31414,-9.93711193344845,35.51793860231972
31415,138.66294199939279,35.222267179599775
31416,-8.545902199058661,36.69405452790338
31417,115.6640738623698,-31.93648812255378
31418,173.895333270278,-41.02382966988095
31419,13.490583601101964,39.335685707649006
31420,3.0965036547494593,42.123732941345715
31421,-76.69326913816931,35.31219990817117
31422,3.6327741465726135,52.19024230838117
31423,2.760887550223879,52.784207744241805
31424,-77.40793126250809,36.21627332605089
31425,151.58383724606367,-31.06671979718903
31426,-78.02410532757736,31.312328263334848
31427,4.085194560899027,52.12386957566179
31428,9.573372496577598,43.8819360457218
31429,54.71166869360995,25.110953103232813
31430,104.17340519484227,8.273045786703099
31431,8.369078711006658,39.951764805634596
31432,10.231166260826683,42.535992929891556
31433,3.950724446160603,51.79208945838503
31434,-76.65344818100874,10.219174963338135
31435,-93.94241880795813,29.8671329562545
31436,29.283772328840058,40.84544922758102
31437,27.341180049562677,38.99873867200013
31438,-122.5007152776166,47.339558954922396
31439,21.71545159400794,59.09672199428574
31440,136.94834037934962,34.711601104673065
31441,6.000057780494395,53.95094278177376
31442,16.64199042353767,54.219694447246404
31443,152.54317802552276,-29.63113603562937
31444,-0.7951584121124745,50.26090168157285
31445,26.337558140646482,39.428449607373125
31446,0.46832247987328257,51.89806728600418
31447,-64.52416662857144,-15.882941614285713
31448,103.31207309165073,10.987954526284677
31449,-3.5762819458520108,49.351159371636406
31450,3.1749673254920365,50.848254010518986
31451,-123.48097757171121,44.68493639950245
31452,115.6758145364116,-32.04354832834837
31453,-73.9733066961047,40.080312940684614
31454,-74.56701716946432,39.108173097970074
31455,-4.335427175876096,47.77249433115808
31456,134.7288369166066,36.93947528379299
31457,10.130450646177467,57.378088702138065
31458,120.74165742000007,-0.39450145199999936
31459,20.991876934155002,39.24265589852232
31460,4.3757148450896,51.42736765909559
31461,19.973447523769597,37.89355917909152
31462,6.96401928989368,54.454997564029846
31463,23.067173444569754,59.29649969448921
31464,4.600437668437635,52.8924582830974
31465,134.03347201637743,34.34946989428471
31466,5.611986257967487,53.98605486917644
31467,0.994686103046384,39.57958461856833
31468,6.266289875362287,52.79254172682815
31469,26.405166131570276,37.31335064519591
31470,0.19649662295611103,50.66394866064623
31471,0.3127644826786612,50.65952214262773
31472,-2.090595927375648,48.61958395676002
31473,104.50231826886737,6.708309737960654
31474,4.1651335897544195,52.743926233699014
31475,120.31482841720943,24.243137577714748
31476,-77.97015156748948,27.376248372657127
31477,136.36250067020484,-36.61518359962968
31478,-18.43940926219068,40.157792174253146
31479,9.427871984564563,55.33129195847885
31480,123.46910494123347,27.725913526892004
31481,116.08555282973353,6.040884217490318
31482,-102.72542753358603,17.48118387975062
31483,12.969671496810642,55.24645225213887
31484,5.466669247718653,40.76641699916714
31485,-15.361520655206654,28.29541441262388
31486,0.8071619739975066,39.288506350497244
31487,-11.243636857899421,39.352685110017795
31488,-70.08273501512603,23.540554506722692
31489,24.055819755475717,37.37367815417972
31490,-5.936426544345241,35.644966825734144
31491,2.30110913756317,51.392971325524734
31492,-0.6785015641064029,50.7514942374625
31493,10.099712583430499,41.86856932905038
31494,14.097547602057938,57.702737492738535
31495,5.039260464407378,52.168355954200734
31496,3.0059606510331105,51.23523731283289
31497,3.159954415619335,39.478753765711616
31498,173.77437203491976,-40.97384549443141
31499,-79.57735264030673,9.501172302662564
31500,18.18206462869863,40.48669323975232
31501,110.51855823146208,-18.651107068856593
31502,-79.87025158347996,27.63699627472774
31503,2.089599308213497,52.667443757000584
31504,13.827006973471256,39.43974323867011
31505,6.962565529395835,53.12640907231948
31506,-121.24558158782007,39.67293465195378
31507,-7.881513347075173,44.71420143926704
31508,2.0543536411937384,47.93296909519131
31509,-1.2405564011299872,50.59633588986366
31510,3.3536023080926833,37.7669751286513
31511,-0.8775341907963257,49.24705013975038
31512,5.296738723654271,53.662354178136276
31513,120.80092942032519,14.607862456368554
31514,11.377021576049572,42.18444558049496
31515,5.32881194886284,53.06888149855207
31516,0.8258277298915674,50.94125955297588
31517,9.825433112408325,42.13450878269406
31518,1.9263407211603425,51.98224824552815
31519,123.29266323379535,29.14580086174856
31520,-88.39053710589452,24.218232537165527
31521,-80.20483752020832,25.442945105381195
31522,-122.44303858040543,47.34504479016179
31523,13.519124446714166,55.54819044312229
31524,0.7043770584715621,51.41300635245717
31525,3.7858967144570412,52.55387603981182
31526,128.1734881297693,36.47177553606161
31527,4.597954026687293,52.10902168808506
31528,-2.8823350015978235,49.723786182093264
31529,3.3868809736889403,51.355371943049356
31530,11.108439649167217,57.12046776275402
31531,1.0877285769321312,50.772370716867556
31532,-8.084756060798092,33.822826923354974
31533,0.8368530449640881,48.24443119246261
31534,0.4644794553433064,50.63828335535049
31535,-1.937137590672262,49.37996541874995
31536,2.710810685337717,50.158877513738155
31537,2.4245685321597583,51.790311999483535
31538,8.311193149817113,53.989282697915975
31539,4.2706194700884454,52.71643168319274
31540,-2.3551349360852827,50.031696853194966
31541,-121.90306577884883,36.18542354620465
31542,-5.896966034902706,44.58800189646676
31543,-5.592468931571672,38.54156093934236
31544,1.993380501269174,50.604496119053834
31545,10.86069091787485,53.94371974789423
31546,1.2883030147419294,45.53289274894919
31547,10.465886665131878,55.602192752598775
31548,1.633007166710694,50.00129536873691
31549,10.991018872353218,54.00217504501933
31550,11.81614033381787,55.77178180910193
31551,17.940523642100377,57.231343981342455
31552,126.38539620109407,36.7659625598516
31553,-0.024486470234130003,50.60468162631286
31554,10.54218634330392,41.51711047329274
31555,19.99695466069231,57.83007580199634
31556,-0.6081104085370033,39.76918936799923
31557,2.007157294843016,51.570459819966125
31558,1.8201475551206594,50.96921027098611
31559,4.137502646106984,51.366210912495355
31560,3.556807581128425,52.33929708047115
31561,-6.665229528362181,51.54081323331547
31562,-52.41794218873818,36.45285996086371
31563,12.417222813287914,54.74437577294815
31564,15.209578639483452,55.661171821191516
31565,10.09466131767958,41.903358733354416
31566,5.790050216051986,40.7694264708338
31567,-7.84122571874184,44.82800516093371
31568,150.97023574268792,-30.457792474315546
31569,27.26648919999999,-28.30788120000002
31570,-76.69303206316933,35.31347065817118
31571,3.0969794714161263,42.11903247467906
31572,29.283772328840058,40.84544922758102
31573,-69.16871700571426,24.037374991428578
31574,-12.356780648794194,34.60023394766827
31575,-4.340487144057914,47.76167951070352
31576,126.38504743442738,36.759540026518266
31577,138.66192443272612,35.22031189626644
31578,8.421476031364598,39.98376967789411
31579,10.256644352633614,42.51945299837162
31580,-93.94241876645332,29.867132736928216
31581,-122.5007152776166,47.339558954922396
31582,27.22923757456268,39.14564487200013
31583,21.84897005761905,59.162452887619075
31584,137.04972855287934,34.81663194548265
31585,16.867803882228703,54.236897791610176
31586,6.001105980494396,53.95154718177377
31587,152.54207475052277,-29.632295960629367
31588,22.275790405423695,58.97678340824602
31589,5.296738723654271,53.662354178136276
31590,-77.40793126250809,36.21627332605089
31591,-0.876929022618474,50.520442425952815
31592,26.33437254064648,39.42862380737313
31593,-3.5819369101377254,49.3481600121126
31594,103.3146830610158,10.98978195453864
31595,-64.61340682857143,-15.82968201428572
31596,3.1336412850346433,50.81355347631473
31597,115.6758104051616,-32.04354521584837
31598,13.490583801101964,39.33568540764901
31599,-76.67734711898821,36.402044828412514
31600,-78.15584422757735,31.079888634763424
31601,134.72214721660657,36.93865898379299
31602,4.093647377565693,52.12220517566179
31603,121.22674982000004,-0.6514266519999998
31604,54.711668493609956,25.110952603232814
31605,21.022922162809962,39.291228725130516
31606,4.375714645089601,51.42736835909559
31607,6.907674380056175,54.45126280504876
31608,0.4730750798732826,51.89793345267084
31609,3.0059606510331105,51.23523731283289
31610,19.966333395644085,37.89538836285176
31611,4.600437668437635,52.8924582830974
31612,-102.68138784155308,17.466219546920954
31613,5.609900630681566,53.988547324546545
31614,104.19170063927407,8.273950376362189
31615,-8.52460299905866,36.62808602790338
31616,26.405166131570276,37.31335064519591
31617,6.297834743209023,52.83694836200006
31618,-0.6250904230608125,39.75756860609448
31619,0.19649651563882525,50.66394932370461
31620,0.3127643753613753,50.6595228056861
31621,104.62444481636736,6.814632576293989
31622,-2.088303589042315,48.62059319509334
31623,-2.355135486085283,50.031697103194965
31624,4.159726614403425,52.74565716717725
31625,136.5018531202048,-36.68838982462969
31626,9.388754233349024,55.240093915107906
31627,18.089492165960532,40.44352750558566
31628,116.08630906721801,6.041609756241948
31629,123.28640510202715,27.631668145749146
31630,-74.54328713523972,39.108117033264186
31631,3.632774375593271,52.19024194323924
31632,-18.374843712190682,40.28981817425315
31633,-0.26999247640836477,48.91168878960446
31634,-15.361520173050735,28.295412369686172
31635,120.12252437911418,24.160425976762372
31636,0.8059742636944764,39.28898021958814
31637,123.42624961712869,29.237132028415232
31638,-79.57735264030673,9.501172302662564
31639,-11.243636857899421,39.352685110017795
31640,20.35863119303708,58.012701800711184
31641,-5.99296352545635,35.60249952628969
31642,2.2399264529472815,51.3752304574798
31643,14.09294140205794,57.698477592738534
31644,-121.1926760211534,39.560839651953785
31645,23.99880354857917,37.3390917990073
31646,13.827006973471256,39.43974323867011
31647,10.991018872353218,54.00217504501933
31648,1.9988918111898093,50.60554487083956
31649,5.039260451907378,52.168355545867406
31650,173.77020184231299,-40.99864415532887
31651,-79.86935338347996,27.639730874727732
31652,2.7897801702102627,52.76197097574237
31653,6.962565529395835,53.12640907231948
31654,1.2890310638160036,45.52747590709734
31655,27.26534841999998,-28.30509640666669
31656,-88.71833491029014,24.398794203099587
31657,1.6397516641995884,50.00397720338399
31658,3.3868809736889403,51.355371943049356
31659,-122.44303858040543,47.34504479016179
31660,15.230598079510411,55.67158157579303
31661,-73.97361118943803,40.08135285401795
31662,3.755605739635442,52.547284336488794
31663,4.597857262520627,52.10968273229141
31664,9.573372496577598,43.8819360457218
31665,0.9855510273700725,39.57613901040555
31666,-8.087971860798094,33.8189949566883
31667,4.296270095802731,52.734550478907025
31668,-121.89547867884883,36.18760459620466
31669,-6.177113155361363,44.313180251487275
31670,-6.636795223468002,51.54739597577579
31671,10.86069091787485,53.94371974789423
31672,2.710810685337717,50.158877513738155
31673,3.15683817742489,39.495214531128276
31674,10.483559720687433,55.60964537759879
31675,2.1267945286937384,47.91112004519131
31676,9.818586565429856,42.08546996857028
31677,11.366882423293914,42.18961382358825
31678,-77.98719791348024,27.397245787173265
31679,-1.2672937011299874,50.592016773196995
31680,134.03222481637744,34.34750689428472
31681,11.826761835411274,55.76864644049387
31682,3.558911681128425,52.339848580471156
31683,17.95593100210037,57.26629838134245
31684,10.542185369617052,41.51710909829275
31685,20.001734640692312,57.82775014199635
31686,110.51893553146206,-18.640008768856596
31687,0.6428201272480684,50.72349539106476
31688,10.130450646177467,57.378088702138065
31689,-52.49649143064293,36.307898436101816
31690,11.96472339762076,54.41565943669464
31691,2.0419284946414633,51.587536703214155
31692,5.323591300547822,53.06781313188539
31693,1.84119841996237,50.97592467697807
31694,-76.65412035548432,10.213205090812217
31695,0.7037999084715619,51.41809360245716
31696,128.1734879297693,36.47177693606161
31697,8.252461205793992,53.95366068337252
31698,120.75035357349978,14.67663271033681
31699,-79.94308600854163,25.057177007047866
31700,-2.830818431752714,49.74591976024483
31701,11.108439649167217,57.12046776275402
31702,13.332550313380832,55.47031957645563
31703,-1.937137590672262,49.37996541874995
31704,2.4131717970864983,51.784508150490865
31705,3.9583694403719134,51.799926776475395
31706,-0.029590112721896773,50.601745918787294
31707,-0.859340394129659,49.23919787975039
31708,1.0940123744321313,50.77719474936755
31709,4.134280946106986,51.37050261249536
31710,-5.592469064905004,38.5415607926757
31711,-123.49647610171121,44.686009399502446
31712,0.8361332315070875,48.244244262336416
31713,0.8392995507249006,50.94306948630921
31714,2.089599308213497,52.667443757000584
31715,3.401964403413491,37.80307267036228
31716,1.7952740153094369,52.17697634966502
31717,1.2890311352445747,45.52747554995448
31718,-78.05937802757735,31.191210863334856
31719,-88.71745211029014,24.366685803099585
31720,-79.94308600854163,25.057177007047866
31721,9.573372496577598,43.8819360457218
31722,-8.49395643655866,36.85432815707005
31723,-5.990572525456351,35.604435726289694
31724,-18.374843712190682,40.28981817425315
31725,-76.69303206316933,35.31347065817118
31726,150.97370959730745,-31.81407067270715
31727,-12.372935348794194,34.58851364766827
31728,-79.87459967014662,27.703005148061067
31729,29.283772328840058,40.84544922758102
31730,104.1810094231756,8.269160433369764
31731,-15.361520338435353,28.29541269660925
31732,27.270431819999985,-28.304389806666688
31733,138.6616995993928,35.220686879599775
31734,-77.40793126250809,36.21627332605089
31735,18.08782401048434,40.44647661796661
31736,-2.355135486085283,50.031697103194965
31737,4.087796860899028,52.12430907566179
31738,120.75499422000004,-0.32790685199999925
31739,54.711668493609956,25.110952603232814
31740,4.16739104901849,52.74420556598713
31741,13.827006973471256,39.43974323867011
31742,4.995986803751684,52.96035360408886
31743,173.76976974231297,-40.998964655328855
31744,-0.21601452847966557,49.042908537505774
31745,123.29264501712869,29.14569462841523
31746,-122.44303858040543,47.34504479016179
31747,-0.902632717629258,50.51774094709245
31748,126.34848471371309,36.7962514600897
31749,3.9376415900014052,51.7928727470148
31750,8.421476031364598,39.98376967789411
31751,10.23668217588772,42.53548680155657
31752,-93.94241876645332,29.867132736928216
31753,27.22923757456268,39.14564487200013
31754,-122.5007152776166,47.339558954922396
31755,16.867804582228704,54.236897691610174
31756,137.05192985287934,34.81903164548265
31757,6.001105980494396,53.95154718177377
31758,152.5431974505228,-29.631430060629373
31759,5.296738723654271,53.662354178136276
31760,26.337558140646482,39.428449607373125
31761,23.99880354857917,37.3390917990073
31762,-64.61088262857143,-15.825510714285715
31763,-3.5812339458520115,49.349150704969745
31764,103.31419715387295,10.986112897395788
31765,3.1749671850346433,50.84825517631472
31766,115.65048587335941,-32.01320750128805
31767,13.490583801101964,39.33568540764901
31768,3.09750895474946,42.120441941345725
31769,15.229640779510405,55.67064767579303
31770,134.7237512166066,36.936650883792986
31771,-69.32613433512603,24.376115926722687
31772,21.119085954244085,39.31017099105373
31773,4.375166804396959,51.427236061692994
31774,3.567052832049854,37.76472333490775
31775,0.9855510273700725,39.576138910405554
31776,6.964017489612946,54.45499125905915
31777,19.97430701250683,37.892872054420394
31778,4.600437668437635,52.8924582830974
31779,5.56372981942591,53.98807825067775
31780,0.13843496752220774,50.66465720351072
31781,0.25470282724475796,50.660230685492216
31782,3.0059606510331105,51.23523731283289
31783,26.405166131570276,37.31335064519591
31784,-2.005625919042315,48.66852904418426
31785,104.63228486886737,6.812552137960656
31786,6.297834743209023,52.83694836200006
31787,136.50184912020478,-36.68928802462969
31788,9.414968285228722,55.236234872852265
31789,123.47183851869379,27.726976795749152
31790,116.08629500769422,6.041607170289567
31791,2.8298693804656505,52.749712880840534
31792,110.51427943146206,-18.646338768856594
31793,1.0950394880337304,50.91757610547477
31794,-11.242866970341817,39.33568820587033
31795,5.468470716051986,40.75903377083381
31796,120.2404310567021,24.21519027976459
31797,-74.56642036946432,39.10768259797007
31798,-77.95090858445587,27.37998638302692
31799,-0.6264572030608125,39.76062318609448
31800,134.05630122748855,34.34699786888789
31801,1.6397516641995884,50.00397712646091
31802,12.932142259103465,40.81620872447495
31803,3.1559107774248902,39.49723343112827
31804,3.6327747009107316,52.19024208107655
31805,0.8059749970278096,39.28898055292148
31806,8.673400924718056,54.84091039868098
31807,23.10022756262531,59.30642648671144
31808,-5.592468984905005,38.5415606526757
31809,10.474036820687434,55.607109127598775
31810,0.47970089653994935,51.89777058600418
31811,-6.633648380134669,51.54787911244245
31812,3.556807581128425,52.33929708047115
31813,2.0261536807280183,50.62365597653342
31814,2.1593081885238075,51.350567469485604
31815,10.86069091787485,53.94371974789423
31816,4.59785652085396,52.10968278229141
31817,14.093391602057942,57.70015439273853
31818,21.841861746507938,59.16081455428574
31819,10.130450646177467,57.378088702138065
31820,8.218799708734814,53.92589121921782
31821,-52.497313417309606,36.30619498943514
31822,-1.2666859011299871,50.592032773197
31823,1.8415579999623706,50.97306795697806
31824,11.821910135603583,55.768473442316214
31825,17.925037942100374,57.25782118134246
31826,0.8392995507249006,50.94306948630921
31827,2.888844213629472,52.76151223099322
31828,120.7565850834998,14.782905120336812
31829,-0.8582834941296591,49.23869407975039
31830,-76.67196577068785,10.205561843001437
31831,1.9243963461603426,51.98038287886148
31832,-123.47355819723916,44.689830223850265
31833,-121.19853242115342,39.561940651953776
31834,-8.096767960798093,33.815149056688306
31835,19.907713207751133,57.72992519611399
31836,0.703567308471562,51.41906750245717
31837,128.1734881297693,36.47177553606161
31838,5.039260360240712,52.1683557208674
31839,2.089599308213497,52.667443757000584
31840,-2.7837659612370738,49.75165415103987
31841,1.090484182266738,50.789612824168074
31842,12.852534119764318,55.30547523040792
31843,-102.6849395701245,17.467455732635237
31844,11.885288444219322,54.38728743879323
31845,0.8361331315070878,48.24424436233641
31846,3.8035266354146624,52.57405377480049
31847,-1.981050664191113,49.312629977636846
31848,2.3787748230965993,51.779952018167634
31849,9.818586565429856,42.08546996857028
31850,11.35444454672079,42.15362816953716
31851,3.3868809736889403,51.355371943049356
31852,13.258229146714168,55.44821614312229
31853,-121.89825702884882,36.189831630490374
31854,-6.177114149694392,44.313180397927624
31855,6.962565529395835,53.12640907231948
31856,2.710810685337717,50.158877513738155
31857,2.128312628693738,47.90932184519131
31858,-0.02694686190079666,50.60267157631285
31859,4.126160677780753,52.53495533612314
31860,-79.57735264030673,9.501172302662564
31861,11.015562826188004,54.011025042820386
31862,-73.97337369610469,40.08064664068462
31863,10.54218514850594,41.51710926329275
31864,11.108439649167217,57.12046776275402
31865,2.0422372232128922,51.58787173178559
31866,5.323591332196173,53.067813031885386
31867,4.144054646106985,51.364771912495364
31868,-76.6781482189882,36.40375152841252
31869,5.415319825142896,40.72199524992472
31870,110.51418403146207,-18.646447268856594
31871,-9.873660645353217,35.67142982612924
31872,-0.902632717629258,50.51774094709245
31873,4.998891903751685,52.96085670408886
31874,-5.9971055004563505,35.60228741795636
31875,126.36302128352327,36.80004470839065
31876,29.283772328840058,40.84544922758102
31877,20.66905002253262,58.135142179258175
31878,137.04747595287935,34.818325945482655
31879,5.296738723654271,53.662354178136276
31880,18.137782210484342,40.48093581796661
31881,3.0982637547494596,42.12054544134573
31882,-0.2153012284796655,49.042724837505766
31883,2.089599308213497,52.667443757000584
31884,0.9855510273700725,39.576138910405554
31885,-0.390594289482711,50.33171485701252
31886,173.76974905853092,-40.99899507776475
31887,-122.44303858040543,47.34504479016179
31888,138.66294199939279,35.222267179599775
31889,3.9498016769704885,51.79805865939245
31890,8.434258673586822,39.99164145456077
31891,-93.94241876645332,29.867132736928216
31892,18.306284039833287,38.65436376575146
31893,2.8981243850580434,52.76020600242179
31894,27.172656821621505,39.22353150729425
31895,-122.5007152776166,47.339558954922396
31896,6.000057780494395,53.95094278177376
31897,16.642022488859528,54.2197041373987
31898,152.5443645505228,-29.62974286062937
31899,-77.40793126250809,36.21627332605089
31900,26.337558140646482,39.428449607373125
31901,-69.46060003512602,24.607099026722693
31902,-3.576632045852011,49.35652312163642
31903,-64.6092360285714,-15.81702081428572
31904,3.632774256572614,52.19024221504784
31905,103.31183595387294,10.987910597395787
31906,3.1749667254920366,50.84825381051899
31907,10.130450646177467,57.378088702138065
31908,-2.355135486085283,50.031697103194965
31909,115.83887104011932,-32.0166596776983
31910,27.271957099999987,-28.30093760000002
31911,13.827006973471256,39.43974323867011
31912,13.490583601101964,39.335685707649006
31913,-88.35044630589455,24.25976213716553
31914,-5.592468771571672,38.541560619342356
31915,-0.619540269727479,39.76089138609448
31916,134.72813591660662,36.93917078379299
31917,4.081712560899026,52.12527827566179
31918,-79.57735264030673,9.501172302662564
31919,1.3497498147419293,45.52602112394919
31920,54.71166869360995,25.110953103232813
31921,120.73933862000005,-0.4071282519999995
31922,21.121544354244083,39.31029999105373
31923,4.375166804396959,51.427236061692994
31924,0.47970089653994935,51.89777058600418
31925,7.007179613574653,54.47813231968393
31926,19.97344754539122,37.89355928179421
31927,4.606608168437636,52.89053984309739
31928,104.17340712817563,8.273044253369767
31929,12.926305816155416,40.79348586761492
31930,5.466217097698225,53.96872948208397
31931,0.01268344654400704,50.508197329703115
31932,0.12895130626655726,50.50377081168461
31933,104.63473076886737,6.812445537960655
31934,26.405166131570276,37.31335064519591
31935,-1.980786392943414,48.678958101218875
31936,6.297834743209023,52.83694836200006
31937,-74.56642016946432,39.107686097970074
31938,11.108439649167217,57.12046776275402
31939,137.55732995310106,-36.89289591546483
31940,12.55798255138354,55.09550540163005
31941,4.16520281371546,52.74392838222716
31942,-102.6876231701245,17.466610032635234
31943,9.53471925645828,55.40064516971309
31944,123.46910507456681,27.72591319355867
31945,116.08629475769422,6.0416268702895675
31946,-1.9811265775244462,49.31259563763684
31947,134.05422960747165,34.34407272488451
31948,120.85644082053683,15.05455182774422
31949,-77.94151798445586,27.369931983026923
31950,-15.361521218330086,28.2954117535898
31951,0.8071619739975066,39.288506350497244
31952,17.719524542100377,57.156158081342454
31953,4.597214336687293,52.11038150725173
31954,120.42530845955926,24.321405597621737
31955,123.2926633671287,29.14580052841523
31956,-121.90776862884883,36.20006903049037
31957,3.0059606510331105,51.23523731283289
31958,3.3868809736889403,51.355371943049356
31959,-76.67883630232153,36.40365722841251
31960,-0.020297805234129985,50.60306997631285
31961,2.052944666414937,50.64707374845459
31962,-2.7837659612370738,49.75165415103987
31963,-1.2666859011299871,50.592032773197
31964,-12.235932760460862,34.5621889060016
31965,-6.6337523526346684,51.54827272137102
31966,2.084144617800932,51.325713505444625
31967,0.8361321865070878,48.244244035669745
31968,1.2893273661916254,51.02677946395222
31969,-76.77309630701205,10.098098119645272
31970,6.962565529395835,53.12640907231948
31971,10.86069091787485,53.94371974789423
31972,3.15359952742489,39.490245551128275
31973,3.771293402206163,52.262452885855595
31974,13.263569546714166,55.44912114312229
31975,3.556807581128425,52.33929708047115
31976,2.710810685337717,50.158877513738155
31977,10.180825265131878,55.64437250259876
31978,2.157363828693738,47.92099844519131
31979,-52.49727968873818,36.30759956086371
31980,9.818586565429856,42.08546996857028
31981,11.32205758535295,42.19208333361521
31982,-0.869835302437442,49.23486173757271
31983,1.7962327919423202,50.949440748707396
31984,-6.177113768900742,44.31317958111576
31985,11.077097231056872,54.03327923003387
31986,11.793116030434032,55.77037594890712
31987,21.954020932222228,59.21021085666669
31988,8.216599727186944,53.92710566461788
31989,19.89543555775113,57.740270546113976
31990,10.23668217588772,42.53548680155657
31991,2.049691953768448,51.58680230956336
31992,5.4470370306433775,53.109779777227004
31993,1.6330071549459881,50.001294837888175
31994,1.9263407211603425,51.98224824552815
31995,-123.47354069723917,44.69049182385026
31996,23.99880354857917,37.3390917990073
31997,14.09817690205794,57.70457839273853
31998,2.33134694322063,51.77152391159399
31999,-121.23224158782006,39.67398165195378
32000,8.673857007072781,54.844150608037864
32001,0.8392995507249006,50.94306948630921
32002,-8.119699860798093,33.80571742335498
32003,10.542186490172607,41.51711024662608
32004,11.740217935456537,54.333720270437425
32005,4.137502646106984,51.366210912495355
32006,12.853176891604871,55.31402817351932
32007,2.4417089828650784,51.84590073184472
32008,2.8655999230542273,52.7473857722659
32009,15.233807522944746,55.678618840439505
32010,128.1734881297693,36.47177553606161
32011,-11.242866970341817,39.33568820587033
32012,3.567071432049854,37.765157734907746
32013,1.092039637266738,50.79187498916807
32014,-73.9733066961047,40.080312940684614
32015,0.7047050418048955,51.422510469123836
32016,3.8084378282646854,52.580033229469116
32017,5.039260464407378,52.168355954200734
32018,23.10022756262531,59.30642648671144
32019,-0.3583589855938222,50.33738602756808
32020,-5.592468904905005,38.5415604726757
32021,3.09461840474946,42.12692089134573
32022,-8.47562893264925,41.99732078430498
32023,-2.355135486085283,50.031697103194965
32024,138.66192443272612,35.22031189626644
32025,18.28538888733329,38.66102330964034
32026,-80.04959036106264,24.727326470388203
32027,-69.47039870571426,24.601272691428576
32028,5.4111083203809915,40.75224247040091
32029,126.37121687785395,36.80975043575286
32030,-16.47997510931589,24.407936337983948
32031,29.283772328840058,40.84544922758102
32032,-74.57292626338658,39.02991625036209
32033,3.5927637748527648,52.170293029272756
32034,-15.36118469973567,28.29530132313234
32035,-6.039276905456351,35.56504382628969
32036,19.9228149684556,57.85012467590821
32037,0.5108461298732827,51.903160986004174
32038,-77.40793126250809,36.21627332605089
32039,121.22022542000005,-0.6860544519999999
32040,54.711668493609956,25.110952603232814
32041,6.297834743209023,52.83694836200006
32042,4.053003522946842,52.76309004020245
32043,137.93888237810103,-36.983860341935426
32044,-0.18222657847966559,48.965581237505766
32045,9.498966133601137,55.307181271855946
32046,123.28640521327712,27.631668934499142
32047,116.08631496249863,6.041603362491949
32048,120.93060547216477,16.328420558441895
32049,0.8059742636944764,39.28898021958814
32050,120.77732901237012,24.538223903541056
32051,2.0121591161255306,51.296733260424574
32052,14.076559072512486,57.71276699182945
32053,5.039260451907378,52.168355545867406
32054,173.77017477564632,-40.998653680328864
32055,-121.17371177115344,39.56328905195378
32056,3.9498016769704885,51.79805865939245
32057,8.512708391848259,40.029650480095036
32058,-93.94241923284517,29.867133191151797
32059,27.12620850537076,39.19470402863793
32060,-122.5007152776166,47.339558954922396
32061,-6.265260301068432,44.22565871411352
32062,6.076770411638861,53.97247265150485
32063,-9.845053188666286,35.78344695627107
32064,137.05027808968046,34.81543753653007
32065,16.867804082228705,54.23689799161018
32066,152.54693975380397,-29.622604538327533
32067,15.581861698131098,55.80223903268958
32068,5.296738723654271,53.662354178136276
32069,26.369171379312476,39.42443204797292
32070,-77.98958158157629,27.472480694319206
32071,-3.5822870101377258,49.3535237621126
32072,-64.68114672857143,-15.809151814285718
32073,103.31936360387296,10.990817397395785
32074,3.1336412850346433,50.81355347631473
32075,-0.6535956683877662,39.726295801365325
32076,116.06281637761933,-32.0468385151983
32077,13.469696741101963,39.34038729098234
32078,123.42624986712867,29.237131928415227
32079,-79.57735264030673,9.501172302662564
32080,1.351098360244575,45.53027222495448
32081,10.130450646177467,57.378088702138065
32082,18.09140706881768,40.44986495129994
32083,134.72040411660657,36.93776508379299
32084,1.2960764400214129,51.0343126034659
32085,4.176976577565694,52.1554400381618
32086,23.46954116310916,59.40774758947337
32087,-2.0010523387269776,49.32474242145963
32088,21.12583202091075,39.31789622438707
32089,3.558911681128425,52.339848580471156
32090,4.375166804396959,51.427236061692994
32091,1.8553102959232017,52.07352611889388
32092,7.0071822950561735,54.47813002671543
32093,19.966333395644085,37.89538836285176
32094,0.940392530769858,39.69739214208971
32095,1.6397516904429745,50.00397783927505
32096,-102.70232658155307,17.468229645809842
32097,4.606608168437636,52.89053984309739
32098,-2.7333095063059294,49.78506295519448
32099,5.464130795080255,53.971222063370334
32100,104.21830331692561,8.287619827119764
32101,12.929587459103466,40.807770324474944
32102,8.648451842980903,54.84835221032008
32103,2.0646422710303525,51.592934535158605
32104,-0.12036451963373461,50.417245304642854
32105,-0.004096659911184345,50.41281878662435
32106,3.0040058422563134,52.73570149320001
32107,110.51528433146208,-18.640753668856593
32108,3.0059606510331105,51.23523731283289
32109,-88.07233721029013,24.403870303099584
32110,12.563251720927873,55.10935114778512
32111,1.2753318008779988,50.96666751896525
32112,2.4454681952460304,51.847681090098675
32113,3.3868809736889403,51.355371943049356
32114,26.405166131570276,37.31335064519591
32115,-76.67734310873179,36.403649650207385
32116,-6.525678191995558,51.57702936891723
32117,2.114524728693738,47.90477859519131
32118,-121.90784674414992,36.207686122857325
32119,11.141552458590871,54.05520077973005
32120,2.0683617400260474,50.65854271512126
32121,-8.160646460798093,33.77872329002164
32122,9.817933736882678,42.081049512051976
32123,11.284419943916523,42.22370167892723
32124,134.05107792247165,34.332665154884516
32125,4.0512865926644945,39.394276440785134
32126,10.542185369617052,41.51710909829275
32127,19.97275619078144,57.75328116656854
32128,10.24340522615828,42.53099253359121
32129,-1.254053554752942,50.60031718793282
32130,13.087632699491941,55.38748316256674
32131,1.8063258119423207,50.94985046870739
32132,-123.50240082414393,44.68462812397696
32133,-1.9443652545291596,48.693407040281365
32134,8.166402377697802,53.90176215106424
32135,-122.44303858040543,47.34504479016179
32136,104.66362145636737,6.7019236962939885
32137,4.134280946106986,51.37050261249536
32138,0.7167004720103454,51.4377858781278
32139,21.962369743333333,59.22088994000003
32140,3.8084378282646854,52.580033229469116
32141,128.1734881297693,36.47177553606161
32142,2.3297825932206297,51.77177446159399
32143,4.597213957520626,52.11038112479141
32144,-11.242866970341817,39.33568820587033
32145,-52.49649143064293,36.307898436101816
32146,-0.8653422557707754,49.23203327757272
32147,12.856523432512535,55.33303805285599
32148,-12.372935348794194,34.58851364766827
32149,0.8392995507249006,50.94306948630921
32150,-0.029661837721896768,50.60167001878729
32151,13.787034293056351,39.30712955771726
32152,3.688245265924314,37.752511824193455
32153,11.153038011173182,54.10152693667506
32154,6.962565529395835,53.12640907231948
32155,0.8361332315070875,48.244244262336416
32156,23.998876112864878,37.33857214222158
32157,-76.86745563978488,10.067247694109756
32158,10.86069091787485,53.94371974789423
32159,9.991561620687433,55.64948942759877
32160,3.5225483080294526,52.027371723680204
32161,11.123161596278328,57.12078534919846
32162,11.679302375322607,55.593913839818505
32163,-73.9714619711047,40.07553976568462
32164,17.800599442100374,57.27386368134243
32165,2.7108107920684863,50.158877511392575
32166,6.25299035794209,53.2826633087288
32167,-2.7410534813059297,49.779045713527815
32168,-0.22233167847966556,49.04303723750577
32169,-15.361184834287288,28.295301351554677
32170,-5.592468904905005,38.5415604726757
32171,13.469696741101963,39.34038729098234
32172,5.185527720380991,40.74965207040091
32173,17.91957622966253,38.54185193174046
32174,27.27478719999999,-28.303259000000025
32175,11.631022790322602,55.535608819818506
32176,-4.340487044057914,47.76167971070353
32177,-77.96716634824296,27.461150560985867
32178,134.7237512166066,36.936650883792986
32179,29.283772328840058,40.84544922758102
32180,5.271274409160721,53.664483076497675
32181,3.6327746151964457,52.19024211917179
32182,26.37802407931248,39.424036947972915
32183,-9.830893569618668,35.799340306271084
32184,-122.92288418500391,35.58470119406941
32185,0.940392530769858,39.6973920420897
32186,7.007181565724057,54.478129491836924
32187,4.606608168437636,52.89053984309739
32188,104.2093366981756,8.282335703012622
32189,-0.23168890121378954,50.38563154885657
32190,-0.05616704924985994,50.37964118399899
32191,6.297834743209023,52.83694836200006
32192,26.405166131570276,37.31335064519591
32193,-1.9443652545291596,48.693407040281365
32194,104.6627770688674,6.697053237960656
32195,4.060020783752382,52.76194795329804
32196,139.12392160667244,-37.2202970876497
32197,9.514913433601137,55.306798771855945
32198,123.47183852994378,27.726977434499144
32199,116.08630090297484,6.041600776539567
32200,120.9281325734197,18.17951498410651
32201,4.59721369085396,52.11038124145808
32202,121.07724121312769,24.536487290207724
32203,0.8220887069484448,39.284722897365924
32204,2.089599308213497,52.667443757000584
32205,-2.0051508459334553,49.32447001230984
32206,1.910715283682082,51.254074677924
32207,-6.089055061370328,35.52012685397786
32208,14.077200072512488,57.715567491829454
32209,5.039260360240712,52.1683557208674
32210,-1.1966071724930378,50.41869552908906
32211,173.76973037564628,-40.99896918032885
32212,138.6616995993928,35.220686879599775
32213,126.36538792495975,36.867736596225676
32214,8.512708391848259,40.029650480095036
32215,3.9498016769704885,51.79805865939245
32216,-93.94241923284517,29.867133191151797
32217,-2.355135486085283,50.031697103194965
32218,27.270252919999983,-28.30299120666669
32219,27.12620850537076,39.19470402863793
32220,-122.45831812536044,47.202173246574596
32221,16.867804582228704,54.236897691610174
32222,-76.95098286296478,10.047831885097958
32223,10.130450646177467,57.378088702138065
32224,152.54896913951828,-29.6201173954704
32225,6.119320373305528,53.98379334317151
32226,137.05147458968048,34.81793868653007
32227,-77.40793126250809,36.21627332605089
32228,13.077229961030403,55.381483130515456
32229,-3.581584045852011,49.35451445496974
32230,-69.11524243512604,24.65208982672269
32231,23.46954116310916,59.40774758947337
32232,-64.66958872857143,-15.807296514285715
32233,103.31859415387295,10.989723897395786
32234,3.174967685034643,50.84825497631473
32235,-79.57735264030673,9.501172302662564
32236,116.06174052761934,-32.0454305151983
32237,123.29266406712868,29.145800028415227
32238,-79.97608557272929,24.774643868721537
32239,0.5108461298732827,51.903160986004174
32240,-74.56642069446433,39.10768279797007
32241,134.05311514204834,34.33041762155116
32242,23.998876112864878,37.33857214222158
32243,4.168918160899026,52.1578957381618
32244,-87.68313133089453,24.218058587165523
32245,-0.6549624483877662,39.72935038136532
32246,3.2515225539207693,52.689861974232684
32247,120.73500612000005,-0.4299614519999996
32248,-102.70587831012448,17.469465831524126
32249,-8.465453712411156,42.01249638906689
32250,3.556807581128425,52.33929708047115
32251,-1.2534457547529418,50.60033318793282
32252,3.094780388082792,42.128798958012396
32253,4.216848595997829,39.392885217451806
32254,21.169162538473476,39.338142806465925
32255,-52.497313417309606,36.30619498943514
32256,1.4106814361705011,45.528411833472994
32257,1.8780934228082466,50.94924043258916
32258,11.193868017541176,54.074662726366306
32259,21.95924273222223,59.218307656666695
32260,2.2513119796640297,50.7355979422615
32261,-0.8692463354031283,49.233226493087415
32262,2.0931641921705095,51.602390992861935
32263,4.375166804396959,51.427236061692994
32264,8.166182083450733,53.90124219547913
32265,-122.4429093899919,47.345004882267055
32266,1.6397516904429745,50.00397776235197
32267,0.878970585095571,50.95755125378427
32268,3.7212287871364342,37.74549186813285
32269,110.51146523146207,-18.64798266885659
32270,0.7253354720103452,51.44847147812779
32271,128.1734881297693,36.47177553606161
32272,2.3005301704136123,51.770096147558895
32273,8.613018684567772,54.86716103840453
32274,-8.195904830798092,33.756874486688304
32275,-11.242866970341817,39.33568820587033
32276,11.150003070165713,54.100115336362116
32277,1.9183055159948867,51.97433105791717
32278,-12.376364930460863,34.58467491600161
32279,-123.4814168286894,44.68933199670421
32280,0.8361326565070877,48.244244612336416
32281,-73.9713389711047,40.07629756568461
32282,13.787034293056351,39.30712955771726
32283,12.565962674493091,55.11409303508946
32284,18.14972878381768,40.48441465796661
32285,6.962565529395835,53.12640907231948
32286,1.3641030691602614,51.08042829695081
32287,-0.025090861900796665,50.60358637631285
32288,11.117536631922919,57.17917677820037
32289,-121.91077437748326,36.209338489523994
32290,5.466175273381582,53.96888868301423
32291,10.86069091787485,53.94371974789423
32292,12.932142259103465,40.81620872447495
32293,3.0059606510331105,51.23523731283289
32294,9.974258720687432,55.64262142759877
32295,9.817933736882678,42.081049512051976
32296,11.22128885615151,42.26623918161053
32297,3.3868809736889403,51.355371943049356
32298,10.24340522615828,42.53099253359121
32299,1.2943113555175605,50.97750276283998
32300,-6.265261195401462,44.22565902722055
32301,-76.68496123301749,36.41127183092167
32302,2.0968612419013586,50.67912134515236
32303,19.97430701250683,37.892872054420394
32304,3.713138553264686,52.565580904469115
32305,17.79479894210038,57.272758781342446
32306,2.7108107920684863,50.158877511392575
32307,2.110603628693738,47.89770129519131
32308,10.54218514850594,41.51710926329275
32309,19.988612076582303,57.774330095854246
32310,6.284824454322123,53.27960720049866
32311,4.144054646106985,51.364771912495364
32312,12.801277775489707,55.34366115266861
32313,-6.514714487233654,51.57983707526643
32314,15.906317298131098,55.90464453268958
32315,110.51146523146207,-18.64798266885659
32316,-2.970057851993289,38.975910949430194
32317,1.4103091861705008,45.527695733472996
32318,10.130450646177467,57.378088702138065
32319,-79.97062257272931,24.77344596872154
32320,-76.98705563047868,10.037952238490599
32321,12.768026111444525,54.70697298411378
32322,120.67522882000004,-0.5291231519999998
32323,1.8942412061820821,51.24733908292401
32324,134.72813591660662,36.93917078379299
32325,3.0953539880827923,42.129027258012385
32326,4.606608168437636,52.89053984309739
32327,5.048745137085017,52.9711523374222
32328,-12.378525535460863,34.582093531001604
32329,17.732856398412526,38.37875355049046
32330,-77.40793126250809,36.21627332605089
32331,26.385636245979143,39.42380108130626
32332,0.5522399307621287,51.90828763578679
32333,-64.70796562857144,-15.805133214285718
32334,-9.817851369618667,35.82055910627108
32335,-0.22161837847966553,49.04285353750576
32336,4.168523760899027,52.157104438161795
32337,4.375166804396959,51.427236061692994
32338,21.266911567078132,39.314045939024055
32339,-74.56642049446432,39.10768629797007
32340,19.97344754539122,37.89355928179421
32341,7.007179325796876,54.47813192357282
32342,5.466217645139824,53.96872903751972
32343,104.20284960317562,8.286499023012622
32344,-0.32015463623056967,50.31540610673193
32345,-0.14463278426664006,50.30941574187434
32346,26.405166131570276,37.31335064519591
32347,-77.96342754824295,27.454171160985865
32348,6.297834743209023,52.83694836200006
32349,-69.12273043512602,24.652690026722695
32350,-1.9396468127434452,48.69322015599564
32351,104.65959714472208,6.646625994499117
32352,4.0577775651160195,52.761664209538075
32353,141.31167309961762,-37.629755806503795
32354,9.509059146934469,55.35958518852262
32355,116.08629415297483,6.041621976539567
32356,123.4691049858168,27.72591373230867
32357,120.86942542341967,18.25227092577318
32358,0.8232756839181417,39.28424869494168
32359,-15.361185408939408,28.295300072513292
32360,121.14576545094677,24.466881715731017
32361,-1.2534457547529418,50.60033318793282
32362,-6.126453834465566,35.491906573501666
32363,0.957568089413365,39.69881395381427
32364,14.082272172512484,57.71781259182944
32365,5.039260464407378,52.168355954200734
32366,13.075564061030402,55.38128923051545
32367,27.27193899999999,-28.300759100000022
32368,2.1371483286937383,47.91053939519131
32369,-76.68804881635083,36.43163273092168
32370,126.37401280259715,36.87573202905239
32371,3.9527549944620377,51.80201572560448
32372,8.65503233338672,40.00048904009504
32373,-93.94241923284517,29.867133191151797
32374,-0.649593148387766,39.72808518136532
32375,29.283772328840058,40.84544922758102
32376,27.124354752429582,39.19293710678919
32377,-122.45831812536044,47.202173246574596
32378,16.641990066637305,54.219694426287596
32379,6.119320373305528,53.98379334317151
32380,137.04790188968047,34.81722763653007
32381,152.52466880737543,-29.688126986541825
32382,23.998876112864878,37.33857214222158
32383,16.073984331565438,55.966485587336045
32384,5.048863088116561,53.547490215904965
32385,1.6330071929540804,50.00129590462798
32386,-3.576632045852011,49.35652312163642
32387,-1.3182036644523538,50.41072485758076
32388,134.05443265613084,34.329665077454436
32389,-79.57735264030673,9.501172302662564
32390,103.31848485387295,10.989200997395788
32391,-2.3551349360852827,50.031696853194966
32392,3.174967677872989,50.84825420099517
32393,11.131209245577889,54.09148527193177
32394,-8.203160130798093,33.753959186688306
32395,-0.8750104354031281,49.23397102642075
32396,-6.265260670813485,44.22565807654344
32397,116.06067379458364,-32.044025377698304
32398,-85.21666952239892,24.487356195619128
32399,3.591583929790573,52.68655007135454
32400,-121.92147077748328,36.21512903952399
32401,3.556807581128425,52.33929708047115
32402,173.77427269968172,-40.97388874085998
32403,-121.22495843782008,39.67485195195378
32404,3.7212584871364345,37.74585216813285
32405,-123.48250006202274,44.69103234670421
32406,123.2926636171287,29.14580052841523
32407,2.3005301704136123,51.770096147558895
32408,3.713138553264686,52.565580904469115
32409,8.611467386234438,54.86760502340453
32410,18.145395746317675,40.48352367046661
32411,1.9202498909948866,51.97619642458383
32412,-102.70692251012447,17.469701731524125
32413,1.4383398550473592,51.110669267649726
32414,-11.242866970341817,39.33568820587033
32415,3.3868809736889403,51.355371943049356
32416,13.469696541101964,39.34038759098234
32417,-73.9695301711047,40.06858086568461
32418,10.86069091787485,53.94371974789423
32419,17.78927254210038,57.269710681342445
32420,12.877144755629098,40.75031143340439
32421,2.7108107920684863,50.158877511392575
32422,3.0059606510331105,51.23523731283289
32423,9.966920065131879,55.64306620259876
32424,9.817933736882678,42.081049512051976
32425,0.4697375308562004,49.09128217228944
32426,11.157385014770666,42.447857139042455
32427,10.24340522615828,42.53099253359121
32428,12.565962674493091,55.11409303508946
32429,1.3426063046257772,51.001728113140416
32430,2.151534235757542,50.71910651109427
32431,10.542186490172607,41.51711024662608
32432,19.987531009915635,57.771837862520904
32433,2.1014905055038424,51.603280913179404
32434,6.34669035761405,53.30663683658561
32435,4.137502646106984,51.366210912495355
32436,12.877123979203992,55.35018023469243
32437,-6.501372115805083,51.58202980383787
32438,4.249272325997827,39.4291084574518
32439,1.8791610228082463,50.94897053258916
32440,23.46954116310916,59.40774758947337
32441,128.1734881297693,36.47177553606161
32442,-8.077662205487597,41.83342448438644
32443,-52.41720865540485,36.45323759419705
32444,0.7298687720103452,51.4537934781278
32445,21.960241432222233,59.21344745666669
32446,-2.0051508459334553,49.32447001230984
32447,8.161646059655554,53.90649678533857
32448,4.597214036687293,52.110381307251735
32449,-0.02561466523412998,50.60114339631286
32450,13.787034293056351,39.30712955771726
32451,6.962565529395835,53.12640907231948
32452,0.8361323865070875,48.24424388566974
32453,0.878970585095571,50.95755125378427
32454,-122.4429093899919,47.345004882267055
32455,11.117536631922919,57.17917677820037
32456,11.22782025978079,54.08791708835538
32457,0.5522399307621287,51.90828763578679
32458,4.134280946106986,51.37050261249536
32459,1.6397516904429745,50.00397783927505
32460,11.293019607990729,54.113132068415055
32461,2.935643953121956,52.76681892137676
32462,1.4096694888160035,45.534346648764
32463,-15.361185845032889,28.29529425843652
32464,17.263998153293482,38.18747251223649
32465,-80.03456272808702,24.73431012833942
32466,134.72005561660657,36.937467983793
32467,1.8835561287627272,51.242468660544965
32468,-11.164610098966131,39.39892102011681
32469,-0.17622197847966553,48.95099463750577
32470,54.711668493609956,25.110952603232814
32471,-2.753352305140348,38.92715988993322
32472,19.966333404392987,37.89538826311423
32473,-6.151136282798899,35.466948508501666
32474,3.6327743013075575,52.190241885144005
32475,29.283772328840058,40.84544922758102
32476,-77.99832178157627,27.49436381098587
32477,-2.0659123912107664,49.15187528084484
32478,-3.5822870101377258,49.3535237621126
32479,21.95939634333333,59.22446154000003
32480,103.31433817053961,10.989676530729119
32481,3.1336412850346433,50.81355347631473
32482,-64.77739702857144,-15.806019214285715
32483,116.0620105143938,-32.04462979797382
32484,13.460420741101963,39.31144736876012
32485,4.176976577565694,52.1554400381618
32486,120.67266442000002,-0.47890885199999955
32487,3.092802269638349,42.13256853979017
32488,21.26755001707813,39.31940268902406
32489,4.375166919867453,51.427235908582944
32490,7.0071758326456886,54.478127497629785
32491,4.606608168437636,52.89053984309739
32492,0.9528262663364419,39.69851026919889
32493,104.22034769300217,8.289215212013819
32494,5.458435517521854,53.96799830630609
32495,104.96558683222207,6.470652686165783
32496,26.405166131570276,37.31335064519591
32497,-0.34750586551934404,50.303436297219925
32498,-0.17198401355541437,50.297445932362336
32499,-1.6139681627818363,48.9309948888079
32500,6.297834743209023,52.83694836200006
32501,4.053001767085716,52.763091533853604
32502,142.02719335537031,-37.76650467231076
32503,9.46851516534533,55.30406259534645
32504,123.2846771347057,27.632474863070573
32505,116.08630845765656,6.041579544496004
32506,126.415166826948,36.891094633447004
32507,121.00890486927825,18.631605138904487
32508,121.32508317316899,24.564967392675463
32509,0.8220879736151113,39.284722564032585
32510,-1.254053554752942,50.60031718793282
32511,14.139626807523676,57.74491105248956
32512,5.0392611757562324,52.16835475827449
32513,13.067593161030402,55.378952130515465
32514,2.102074995360405,47.88770981019132
32515,-69.12975393512603,24.658708726722693
32516,138.6619245761327,35.22031189063458
32517,3.9435846167265374,51.79753816899197
32518,8.870113005670934,39.99218435453804
32519,-121.17812164972486,39.562450351953785
32520,-93.94241159228683,29.867132538076675
32521,27.269703799999988,-28.303967100000023
32522,-12.372935348794194,34.58851364766827
32523,-122.45833399235921,47.20175057599084
32524,27.12620850537076,39.19470402863793
32525,-102.68745256488639,17.460034662476506
32526,-0.7218620305173958,39.70002187549231
32527,6.120368573305528,53.98439774317151
32528,12.768026111444525,54.70697298411378
32529,134.17511786779752,34.41831872356555
32530,-77.40793126250809,36.21627332605089
32531,110.51515973146208,-18.640515868856586
32532,137.05459368968047,34.81465403653007
32533,152.52930830737543,-29.68297968654182
32534,16.867804082228705,54.23689799161018
32535,11.258277311974842,57.22460141073638
32536,-79.57735264030673,9.501172302662564
32537,26.430816508479143,39.42551058130626
32538,4.9377110955436585,53.47701624985679
32539,-1.3221575014893907,50.41323460572891
32540,-5.592468904905005,38.5415604726757
32541,4.313551695997828,39.4456999774518
32542,1.8956302765582465,50.94215747008915
32543,-6.2887440023170464,44.20738743776831
32544,8.132542290195499,53.86330774771837
32545,4.597213957520626,52.11038112479141
32546,-52.49603868397627,36.30597162276848
32547,10.24340522615828,42.53099253359121
32548,-122.44292525699068,47.34458221168331
32549,-2.355135486085283,50.031697103194965
32550,-123.48353006202272,44.69174744670422
32551,12.929587459103466,40.807770324474944
32552,3.6647362871364346,37.76660605813286
32553,-0.8513929675826155,49.22925576834384
32554,173.7701552070749,-40.99864036842409
32555,1.5316874880982063,51.15854095394461
32556,0.9037684534989322,50.95851929832208
32557,1.9665353293282197,51.98356138258383
32558,23.72329464175131,59.486593508825415
32559,-9.760129365094858,36.05438662341394
32560,-73.9695971711047,40.068914565684615
32561,23.998876112864878,37.33857214222158
32562,128.16646042744776,36.47315376513733
32563,-8.136543874951883,41.95700745688644
32564,-0.03536739772189678,50.599603238787296
32565,18.09224553881768,40.44440547296661
32566,-3.483528870878237,43.786081691836486
32567,12.863215429831119,55.354840057935526
32568,3.63804735673926,52.68023068069725
32569,123.42624986712867,29.237131928415227
32570,0.7181788542325677,51.46925572173891
32571,3.713138553264686,52.565580904469115
32572,-8.208625430798092,33.74837112002163
32573,-82.02413407922347,24.685858581669894
32574,13.781679507350919,39.29103808748599
32575,12.565962674493091,55.11409303508946
32576,0.8361332315070875,48.244244262336416
32577,10.86069091787485,53.94371974789423
32578,3.0059606510331105,51.23523731283289
32579,9.817933736882678,42.081049512051976
32580,3.3868809736889403,51.355371943049356
32581,-121.90807804414993,36.225662709523995
32582,1.3651418159627735,51.01470286299389
32583,-74.54328746023972,39.10811723326419
32584,6.962565529395835,53.12640907231948
32585,2.13804281353532,50.73230886109427
32586,2.2795002161278983,51.76953593898747
32587,9.939180458922728,55.63825611350563
32588,-1.1132752184856134,48.0192556417908
32589,11.127432216801164,42.4659884103904
32590,-76.7755298246232,36.273841889806974
32591,17.822659042100373,57.298244881342434
32592,2.7108107920684863,50.158877511392575
32593,10.542185745621486,41.51710795396038
32594,19.976494359829058,57.767149265616155
32595,10.99126531886516,54.03022519384159
32596,2.1184414224735395,51.614949876902344
32597,6.3611710759656965,53.307322486585605
32598,8.697904243199819,54.87582716104449
32599,3.558911681128425,52.339848580471156
32600,-6.34330376182399,51.624121479469785
32601,16.74166716496015,38.09380923334759
32602,4.172933760899027,52.1573728381618
32603,138.66169974279936,35.220686873967914
32604,-64.76940972857146,-15.791591414285712
32605,134.7223606166066,36.935764383792986
32606,0.6079865966351445,51.916393308405844
32607,54.711668493609956,25.110952603232814
32608,-9.729856631761526,36.12631052341394
32609,-52.496579883976274,36.30657262276848
32610,-77.97769814824292,27.484011977652536
32611,29.283772328840058,40.84544922758102
32612,4.813077134797529,53.43980047043303
32613,3.0931941398682334,42.13664835680166
32614,-2.6030492948660977,38.96162186291681
32615,-69.13229096191174,24.663628930294113
32616,116.08629746479943,6.04157260021029
32617,-2.355135486085283,50.031697103194965
32618,2.2165848766760265,51.447928358325065
32619,3.9200916876636565,51.787913590198684
32620,8.87767649138522,39.991341783109476
32621,-93.94241159228683,29.867132538076675
32622,27.083024782037427,39.25216575197126
32623,-122.45833399235921,47.20175057599084
32624,1.6341067029918235,51.17345747362547
32625,137.05330728968048,34.81658828653007
32626,6.119320373305528,53.98379334317151
32627,152.53025490737542,-29.682322886541826
32628,16.867804582228704,54.236897691610174
32629,-77.40793126250809,36.21627332605089
32630,26.46662170591678,39.42065007783555
32631,2.2795002161278983,51.76953593898747
32632,21.956269332222227,59.22187925666669
32633,-3.5724427894417543,49.35744006437146
32634,103.3135687205396,10.98858303072912
32635,3.174967685034643,50.84825497631473
32636,116.04779707748905,-32.028135760473816
32637,13.460420541101964,39.31144766876012
32638,-79.57735264030673,9.501172302662564
32639,120.67148022000005,-0.5491408519999997
32640,21.26445316707813,39.31391693902406
32641,4.375166919867453,51.427235908582944
32642,110.51146383146208,-18.64798186885659
32643,-1.3910570435668521,50.38503368811279
32644,19.974307021255733,37.89287195468286
32645,4.606608168437636,52.89053984309739
32646,5.460480128381582,53.965665130514225
32647,7.007175642587207,54.47812739406253
32648,104.21188926635742,8.283778993921711
32649,8.080082038075057,53.85625783040371
32650,-0.5108979783034338,50.24233981876029
32651,-0.3353761263395043,50.23634945390271
32652,26.402526929159436,37.31807144952461
32653,6.297834743209023,52.83694836200006
32654,-1.3084002119843325,49.14823516318377
32655,104.99465804293636,6.3428492992610215
32656,12.768026111444525,54.70697298411378
32657,123.29266406712868,29.145800028415227
32658,-1.3221575014893907,50.41323460572891
32659,173.7697080048313,-40.99898488932152
32660,142.44199545537026,-37.88874573897742
32661,9.50224306534533,55.36632679534646
32662,4.060980741224909,52.760111395630155
32663,123.46997494261598,27.72592902731323
32664,1.6397521904429744,50.003977462351976
32665,121.04429596927828,19.047577038904496
32666,1.409128036170501,45.533651033472985
32667,121.90595804745992,24.890121170235865
32668,-74.56642069446433,39.10768279797007
32669,-2.0603449217336713,49.114118978543004
32670,-15.361185353259398,28.29529568564114
32671,10.86069091787485,53.94371974789423
32672,0.8232756839181417,39.28424869494168
32673,27.275110999999992,-28.30108090000002
32674,-80.42907143512987,25.337349435865814
32675,6.537540707614051,53.506831786585614
32676,-1.3749956547529414,50.454074787932825
32677,-5.592468904905005,38.5415604726757
32678,-6.167761907798898,35.453675129335
32679,1.884447488507955,51.22779276305882
32680,0.9528262663364419,39.69851016919888
32681,2.0618328293282198,51.94129873258384
32682,14.143598207523674,57.75002985248957
32683,-3.483528870878237,43.786081691836486
32684,12.776439208013517,55.34895053231146
32685,-0.2163270784796655,49.02845063750578
32686,5.039261084089566,52.168354933274486
32687,13.076561061030404,55.38159393051546
32688,3.556807581128425,52.33929708047115
32689,134.17776766779753,34.419961923565545
32690,1.9209447562085538,50.941026485802816
32691,13.781679507350919,39.29103808748599
32692,-0.8591907475826155,49.232706628343834
32693,-123.48581709484235,44.6961404658823
32694,0.9135753694786013,50.966010116644775
32695,4.564422349187294,52.11653509701364
32696,23.90622598654909,37.36587380537948
32697,3.632774741560082,52.1902421973536
32698,126.415166826948,36.891094633447004
32699,-122.44292525699068,47.34458221168331
32700,3.6652457871364343,37.76285895813285
32701,-121.18225061639151,39.564943251953785
32702,10.99126531886516,54.03022519384159
32703,-73.9694741711047,40.06967236568461
32704,3.713138553264686,52.565580904469115
32705,128.16646042744776,36.47315376513733
32706,9.546798003061763,43.89702403183442
32707,3.3868809736889403,51.355371943049356
32708,0.7317897542325674,51.48631592173891
32709,8.689488169423596,54.87602318272281
32710,2.102674995360405,47.88872071019132
32711,12.565962674493091,55.11409303508946
32712,18.149728838817676,40.48441457296661
32713,1.4395508514982345,51.03164770951822
32714,-12.376364930460863,34.58467491600161
32715,3.6937507771710343,52.68644681974768
32716,0.8361326565070877,48.244244612336416
32717,-102.69100429345781,17.461270848190793
32718,3.0059606510331105,51.23523731283289
32719,-0.7232288105173956,39.70307645549231
32720,-4.376730430738382,47.75609020985812
32721,2.170605274496178,50.75781825496093
32722,-0.02786920523412998,50.60117379631285
32723,-121.90687794414994,36.22527450952399
32724,-6.229151672989214,51.58685346936877
32725,6.962565529395835,53.12640907231948
32726,9.882113858922727,55.6235204706485
32727,-1.6235073634576558,47.672628543085004
32728,11.122520935848783,42.48268365443803
32729,11.258277311974842,57.22460141073638
32730,-6.288744525015459,44.20738781601958
32731,-76.77523803417351,36.33042280662095
32732,17.81342474210038,57.29506818134245
32733,12.931829059103464,40.815057524474945
32734,2.7108107920684863,50.158877511392575
32735,4.805778513775605,39.37524505800736
32736,-8.205888230798092,33.7505651866883
32737,10.542185245621486,41.51710895396037
32738,10.24340522615828,42.53099253359121
32739,-7.892704961797985,41.974992784688375
32740,-6.58239226301915,37.27157218753291
32741,9.817933736882678,42.081049512051976
32742,19.963899522361523,57.689345871590184
32743,2.174438598187224,51.61907850908126
32744,23.72329464175131,59.486593508825415
32745,-2.480034028688193,39.07277437121967
32746,-9.685547546544138,36.22718066602263
32747,16.416955531626815,38.0585272333476
32748,10.86069091787485,53.94371974789423
32749,-8.033187069584933,45.59656567807824
32750,-2.0603449217336713,49.114118978543004
32751,-69.13693046191175,24.661827030294116
32752,11.813931267787446,55.5766024968449
32753,138.66294214279935,35.222267173967914
32754,-80.2950280397537,25.12006572667276
32755,-77.97514764824292,27.477565877652534
32756,2.1650003473326667,51.20402945492433
32757,4.168523760899027,52.157104438161795
32758,54.71166869360995,25.110953103232813
32759,173.7697558112202,-40.99792880598819
32760,5.378343841522998,40.90810753622849
32761,-15.361185688274464,28.295295016296418
32762,-102.68594659345781,17.459833081524124
32763,1.8635304087998807,51.21765827021479
32764,2.129219695360405,47.90155881019132
32765,3.9595241440681743,51.83876407858844
32766,8.954807580075695,39.978335333258286
32767,-93.94241159228683,29.867132538076675
32768,29.283772328840058,40.84544922758102
32769,26.98551990109625,39.283004514122524
32770,-122.45833399235921,47.20175057599084
32771,16.641990066637305,54.219694426287596
32772,137.04973458968047,34.81587723653007
32773,6.106517533622988,53.984659474123895
32774,152.50601600737545,-29.76174748654182
32775,4.863622164041077,53.472427811918394
32776,26.5330928163136,39.426164541049836
32777,2.24426756725912,51.76914664236605
32778,22.03582743222223,59.27190585666668
32779,-3.567490789441755,49.35944873103812
32780,-64.76612472857146,-15.78730721428572
32781,103.32080736128037,10.989642227025415
32782,3.1749680778729883,50.848254000995176
32783,-0.7178595105173957,39.70181125549231
32784,-79.57735264030673,9.501172302662564
32785,116.25265997497284,-32.048308520773226
32786,-0.27476903645068,49.01672645127389
32787,13.460420541101964,39.31144766876012
32788,12.877144755629098,40.75031143340439
32789,134.72674531660664,36.93828428379299
32790,120.67067432000005,-0.5535709519999997
32791,21.27959136485591,39.31441549430184
32792,3.0955171648544972,42.15329006483737
32793,4.375166919867453,51.427235908582944
32794,-1.3221575014893907,50.41323460572891
32795,-80.58327623512987,25.45412373586581
32796,19.973447354140124,37.89355906539002
32797,4.650596494239881,52.8650242967736
32798,7.007178948998269,54.47812750913142
32799,5.460522020139823,53.96550572501973
32800,104.20528685469075,8.28371725558838
32801,1.0608565975683089,39.69992051069501
32802,26.402526929159436,37.31807144952461
32803,-0.5108978654305922,50.2423398875201
32804,-0.33537601346666285,50.23634952266252
32805,8.026960584898445,53.826797372911614
32806,1.7362762859307463,51.190916428302046
32807,105.26652004293638,6.28600279926102
32808,-0.9987888467578517,49.327475250283335
32809,6.266289701542356,52.79254159033339
32810,3.691259575885706,52.68763718816467
32811,1.4104519293760758,45.53729005890854
32812,0.6434233966351447,51.91794430840584
32813,4.057776016722746,52.761664393342045
32814,142.71446881753243,-37.952792974112555
32815,9.513030565345328,55.345492495346456
32816,-76.77814000841593,36.323760306620954
32817,116.08556073398312,6.040856844972194
32818,123.47232949621626,27.726935359213666
32819,121.02074746927823,19.035966938904497
32820,6.962565529395835,53.12640907231948
32821,122.15789347081777,24.943154879809903
32822,0.7678282839181415,39.255276274941686
32823,-1.4030289961984308,50.38143035828823
32824,-1.3749956547529414,50.454074787932825
32825,2.7108107920684863,50.158877511392575
32826,-2.3551349360852827,50.031696853194966
32827,0.9135753694786013,50.966010116644775
32828,10.24340522615828,42.53099253359121
32829,-0.8318946306412234,49.25904611314237
32830,12.781358633572644,55.35469962957303
32831,-2.522492407396363,49.84587423888499
32832,110.51260783146208,-18.649697968856586
32833,-6.160250374465567,35.465587296001665
32834,14.144710607523672,57.74811575248957
32835,-8.211780030798092,33.74854008668831
32836,5.039261188256233,52.16835516660782
32837,20.050122329266287,57.70410607575683
32838,6.5532407576140494,53.50876033658562
32839,12.968286461030402,55.340384330515455
32840,4.913777963775606,39.383349078007356
32841,134.1925667878232,34.41573724287602
32842,-12.293602020460861,34.4141326960016
32843,3.580286834821357,52.34829523153761
32844,-77.40793126250809,36.21627332605089
32845,4.564324522757611,52.1165793233851
32846,-52.41720865540485,36.45323759419705
32847,1.7875829727033992,50.8237637332255
32848,9.817933736882678,42.081049512051976
32849,11.095180106178102,42.50644806105186
32850,2.2043506977806016,52.00538831532192
32851,-123.4850073981757,44.69732822754896
32852,123.2926636171287,29.14580052841523
32853,3.6327744708583283,52.190242253143076
32854,126.41119778865597,36.884999196532405
32855,128.16646042744776,36.47315376513733
32856,-122.44292525699068,47.34458221168331
32857,3.718620945469768,37.80954578576443
32858,10.993428828925444,54.03189507107861
32859,2.1744387648538908,51.619078313843175
32860,-3.483528870878237,43.786081691836486
32861,1.6330071929540804,50.00129590462798
32862,23.711130563533217,37.430723755379475
32863,3.713138553264686,52.565580904469115
32864,17.807898342100383,57.29202008134245
32865,-5.991259548487129,38.58600013717714
32866,27.27193899999999,-28.300760600000018
32867,-121.16445138782008,39.58486585195378
32868,8.712000387875976,54.89682132165138
32869,-0.029876515234129975,50.602841646312854
32870,-4.394313635709143,47.76277003851309
32871,12.565962674493091,55.11409303508946
32872,23.72329464175131,59.486593508825415
32873,-74.56642077273813,39.10768643606531
32874,2.5004785952460304,51.87037589009868
32875,-7.647708071797983,41.88104073868838
32876,3.0059606510331105,51.23523731283289
32877,10.542186862288155,41.5171095372937
32878,9.546798003061763,43.89702403183442
32879,3.3868809736889403,51.355371943049356
32880,1.5028688781776554,51.04942948163868
32881,-73.97062107110469,40.06489326568462
32882,0.7317897542325674,51.48631592173891
32883,13.781679507350919,39.29103808748599
32884,18.145395801317676,40.48352358546661
32885,0.8368530449640881,48.24443119246261
32886,2.2315694755874476,50.804836364038295
32887,-5.592468771571672,38.541560619342356
32888,-1.912280545124322,47.48118466641833
32889,-6.053541337493309,44.444633069299044
32890,-6.150988174417785,51.57292915222592
32891,9.690764703367169,55.59474314564849
32892,11.23433760259984,57.18957719386139
32893,-121.91856184414993,36.229646659523986
32894,16.066448714960153,38.07612345556982
32895,11.52119928355788,54.20447397141472
32896,4.176976577565694,52.1554400381618
32897,121.16272672000005,-0.7973120520000001
32898,-1.3282390014893906,50.413720805728914
32899,10.86069091787485,53.94371974789423
32900,-76.77872863417352,36.35355850662095
32901,-78.0151099355445,27.48872271217634
32902,29.283772328840058,40.84544922758102
32903,137.05319642539473,34.81553891033959
32904,-69.13762103249998,24.66153129500001
32905,173.7701431928991,-40.99862342974277
32906,-15.261979713361036,28.372753800948928
32907,122.15328332415108,24.96496281314324
32908,110.51515833146208,-18.64051896885659
32909,2.0916922754262406,47.86955020106402
32910,138.6619245761327,35.22031189063458
32911,3.9836719144742947,51.862998447171314
32912,9.00446630439804,39.98316061776378
32913,-93.94297241886255,29.86743051169908
32914,26.888373954037434,39.323311035971265
32915,3.0059606510331105,51.23523731283289
32916,-122.41575913200529,47.063895937151976
32917,152.50379840737543,-29.76446948654182
32918,6.103515613622989,53.98399837412389
32919,16.867803882228703,54.236897791610176
32920,4.817101937052723,53.45180918743645
32921,26.586202949798462,39.43025426158013
32922,2.1694863029185454,51.74819895291111
32923,-14.830754491338482,25.069631872123608
32924,-0.7412349546540257,39.67048691537073
32925,22.039126643333333,59.279807740000024
32926,103.32581296842322,10.992417734168273
32927,-64.77038880000003,-15.7918879
32928,116.16015251696378,-32.209090152769015
32929,-3.4884499003911653,49.433166765833974
32930,3.133641585034643,50.813553276314735
32931,1.40944317845015,45.53475261705668
32932,116.25602732421525,-32.0525152310005
32933,12.928114059103466,40.802376624474945
32934,13.426958893040025,39.20692231428595
32935,10.99126531886516,54.03022519384159
32936,134.72005561660657,36.937467983793
32937,-1.412162366083264,50.3855815811903
32938,3.092565448187831,42.146252664837384
32939,-2.0019213488666083,48.95844447412541
32940,21.28057794426767,39.31999100018419
32941,54.71166972999972,25.110954224784535
32942,4.375166919867453,51.427235908582944
32943,-2.5647839044016343,38.9779915986344
32944,19.966333404392987,37.89538826311423
32945,7.007187184928216,54.478125477677395
32946,4.650596494239881,52.8650242967736
32947,5.4584354120187095,53.96799806243816
32948,104.22586647086659,8.289401626511305
32949,14.255017639330653,55.29864392676828
32950,26.402526929159436,37.31807144952461
32951,-0.6733442940146454,50.00931846084473
32952,-0.3851359587173825,50.02417440432048
32953,8.005687317120492,53.79841096202926
32954,-2.355135486085283,50.031697103194965
32955,-0.8308665644474316,49.44753067546064
32956,105.26592748626972,6.2645385859276885
32957,6.297834743209023,52.83694836200006
32958,4.08000901214561,52.76834300784795
32959,142.77089711753243,-37.910413974112565
32960,9.459313129234218,55.28798710367978
32961,123.28968133534326,27.63281043431623
32962,116.08631036861544,6.041571901231164
32963,121.06831241636154,19.45389458932116
32964,27.26983919999999,-28.303823600000023
32965,0.6434233966351447,51.91794430840584
32966,5.6074904748563315,40.90096248289515
32967,-80.54035343512989,25.348710435865804
32968,1.6397516904429745,50.00397783927505
32969,0.7877067201063391,39.27233003145949
32970,-1.3741787547529412,50.45349728793283
32971,-6.166821925179851,35.45823111258896
32972,3.6327745898789856,52.19024198133448
32973,0.9228927372468942,50.97405906936429
32974,-5.592468904905005,38.5415604726757
32975,6.962565529395835,53.12640907231948
32976,14.153713290857008,57.750376179156234
32977,-79.57735264030673,9.501172302662564
32978,12.773403984541263,55.34733478112393
32979,2.5153262692513003,51.894673388478125
32980,123.42624986712867,29.237131928415227
32981,11.247683642183175,57.194414824416945
32982,12.563689490158643,55.10986329778511
32983,-121.90185836141183,36.216231879523995
32984,5.039261371762926,52.16835447765068
32985,9.817933736882678,42.081049512051976
32986,-0.23537723645068007,48.939454151273885
32987,0.9822767218919972,39.69966260253222
32988,-121.10039779615342,39.46204645195378
32989,12.863245920121312,55.329602598697264
32990,-123.50274036643326,44.699312849426676
32991,-77.40793126250809,36.21627332605089
32992,4.544213691924277,52.120200834258114
32993,13.781679507350919,39.29103808748599
32994,3.741574500469767,37.798378132193
32995,-0.819750314709851,49.25719090104343
32996,-3.5167585777266415,43.78586522395085
32997,2.075726491929695,52.20055698612548
32998,23.711130563533217,37.430723755379475
32999,-122.44291265620663,47.34456834004462
33000,1.5440975974876852,51.061081122258344
33001,5.037594296370732,52.96442771980316
33002,-74.54328755629132,39.108117360248315
33003,0.710300246598074,51.48023522462657
33004,3.713138553264686,52.565580904469115
33005,-102.62587727957504,17.430626414759782
33006,-2.5018689155778513,49.859494032793734
33007,8.721030165699819,54.891595053544485
33008,-7.637273545332781,41.914797409970426
33009,0.8361332315070875,48.244244262336416
33010,-73.97082806443802,40.06630907901795
33011,1.8131719085497064,51.23497237854258
33012,10.542185745621486,41.51710795396038
33013,3.3868809736889403,51.355371943049356
33014,18.098895597151014,40.45241600629994
33015,2.2695969014696207,50.830526088292096
33016,126.41355462198932,36.88743906319907
33017,-1.8856448617909891,47.49665349141833
33018,2.7108107920684863,50.158877511392575
33019,11.758121564337669,55.560761898578505
33020,4.920028643140685,39.394941352451795
33021,-4.388389702375809,47.75233055517976
33022,2.174438598187224,51.61907850908126
33023,-6.2972170306824315,44.20105730291254
33024,3.5823909348213565,52.34884673153761
33025,-6.135855329854251,51.57590392368356
33026,17.812260708996927,57.293663939963125
33027,9.685528779756059,55.60717723037074
33028,-5.458165126908183,39.60872541177196
33029,20.124342817677878,57.698369808998606
33030,11.07450385415628,42.523336608983826
33031,10.269281684077646,42.51210231108652
33032,134.1904684851683,34.40839067318575
33033,6.571595614157328,53.504957313036364
33034,1.7616449436124904,50.827671375043664
33035,128.1711148613187,36.47210526637803
33036,-8.208625430798092,33.74837112002163
33037,-0.035384337282336364,50.599788893732345
33038,-52.496177330642944,36.309025536101814
33039,9.546798003061763,43.89702403183442
33040,24.42498592936703,59.74442810929579
33041,3.7107001023471087,52.68422324453698
33042,-12.356780648794194,34.60023394766827
33043,0.6434233966351447,51.91794430840584
33044,138.6619245761327,35.22031189063458
33045,120.68221472000003,-0.4925980519999996
33046,54.71166972999972,25.110954224784535
33047,-1.412162366083264,50.3855815811903
33048,-80.5618949351299,25.3501107358658
33049,-15.439298273174765,28.24069211728804
33050,3.0059606510331105,51.23523731283289
33051,13.424358130979984,39.23169521211203
33052,10.130450646177467,57.378088702138065
33053,29.283772328840058,40.84544922758102
33054,173.77013189289903,-40.99862572974277
33055,122.96490253546915,25.410681309222365
33056,16.077046031626818,38.056274166680936
33057,-11.164610098966131,39.39892102011681
33058,26.59829276146513,39.43086759991346
33059,-69.14144246191175,24.670762330294114
33060,14.255017639330653,55.29864392676828
33061,11.686976753135644,55.54342624205351
33062,-0.7419343346540256,39.67299969537073
33063,3.092053796521164,42.14828119150405
33064,-5.592468904905005,38.5415604726757
33065,-77.99147980221117,27.49750757884301
33066,4.0870275964951075,52.76720087807725
33067,143.44223838571423,-38.0572659104762
33068,9.476060229234218,55.28987140367978
33069,116.0863008519488,6.041569329564497
33070,123.48058142207339,27.731840031395592
33071,121.06772191636159,19.453923589321157
33072,0.7877074534396726,39.27233036479282
33073,5.057349096370732,52.970573119803156
33074,-1.3741787547529412,50.45349728793283
33075,-2.470344747290375,49.86428022551985
33076,14.15435429085701,57.75317667915624
33077,12.774954637330286,55.34781234241499
33078,5.039261280096259,52.16835465265068
33079,12.76054390173051,55.27935400789267
33080,3.762458714944827,52.69226079174463
33081,1.8307799485497063,51.23243747854257
33082,9.074194984170767,39.95342446276377
33083,3.999739892260175,51.90646532885096
33084,2.0971375084659853,48.00393094380083
33085,-121.12318529615341,39.47703835195378
33086,111.0832126689922,-18.775396971910432
33087,-93.94373443173832,29.868164162515455
33088,13.781679507350919,39.29103808748599
33089,26.888373954037434,39.323311035971265
33090,-122.41575913200529,47.063895937151976
33091,6.107565733622988,53.985263874123895
33092,16.867804582228704,54.236897691610174
33093,-79.57735264030673,9.501172302662564
33094,152.50474500737542,-29.763812686541822
33095,136.91969937874356,34.83550206293348
33096,4.767042782815891,53.42582840367948
33097,3.580286834821357,52.34829523153761
33098,-64.76629630000004,-15.788421799999997
33099,1.9718006081423325,51.67580701428222
33100,-3.4836678416610054,49.43552501424667
33101,22.03628403222223,59.27718290666669
33102,103.54755516562818,11.346262255286286
33103,3.175184385034643,50.847915976314724
33104,10.542185345621487,41.51710865396037
33105,-8.204446030798092,33.750296520021635
33106,116.19091094753287,-31.970186519860544
33107,12.932172116246322,40.81632435304637
33108,-6.335840156255119,35.310057556325525
33109,-12.429214555460863,34.42603499100161
33110,10.99126531886516,54.03022519384159
33111,-79.98083653975368,24.77959622667275
33112,1.6397516904429745,50.00397776235197
33113,134.7222017166066,36.93581128379299
33114,2.5153262692513003,51.894673388478125
33115,4.171126060899026,52.1575439381618
33116,-2.0019213488666083,48.95844447412541
33117,21.277481094267674,39.31450525018419
33118,-2.575634423742294,38.99382824171132
33119,-2.355135486085283,50.031697103194965
33120,4.375166919867453,51.427235908582944
33121,0.9749380460978772,39.69720957929939
33122,19.974307021255733,37.89287195468286
33123,126.3580440228004,36.93124756534454
33124,5.459116945847416,53.96497094997352
33125,-14.632664358005151,25.37493283879027
33126,4.650596494239881,52.8650242967736
33127,-1.886449261790989,47.496344491418334
33128,7.007186770175691,54.478125057605624
33129,-77.40793126250809,36.21627332605089
33130,104.21517894113174,8.284614782761304
33131,27.27530059999999,-28.300418400000023
33132,3.713138553264686,52.565580904469115
33133,3.6327746151964457,52.19024211917179
33134,3.3868809736889403,51.355371943049356
33135,12.565962674493091,55.11409303508946
33136,26.402526929159436,37.31807144952461
33137,12.559024065102044,39.68656562116511
33138,-1.3149049248992193,48.950679867566244
33139,-1.0266965896019562,48.96553581104199
33140,-74.56642079051592,39.1076829249542
33141,-0.27548233645068004,49.01691015127389
33142,-8.036817763174676,45.48124270756543
33143,8.030079090229854,53.85833826893062
33144,9.817933736882678,42.081049512051976
33145,-5.986585707102791,51.52025523955783
33146,2.3120636481362875,50.86580675662543
33147,-121.91160801141184,36.22531487952399
33148,105.26463302626975,6.247374305927687
33149,-0.16333496475706752,49.90624345797592
33150,6.297834743209023,52.83694836200006
33151,6.629440132443044,53.53470200017922
33152,-76.78746961750686,36.37921350662096
33153,-5.060631314527229,40.522642073914824
33154,10.249319507331752,42.528136114271476
33155,2.155008412589398,51.60951528245083
33156,1.7620612236124904,50.82615415504367
33157,128.17111506131872,36.47210386637803
33158,8.672025554409093,54.87703630786154
33159,5.350736470204179,39.32063719157879
33160,20.084412182568556,57.66245756501127
33161,134.14220341220127,34.42703819237989
33162,0.7178959465980738,51.490495724626584
33163,17.770098048996935,57.28036303996315
33164,-7.471209814550471,42.04776549908607
33165,4.627112765114754,52.12499394092479
33166,-52.49699931730961,36.30732208943515
33167,9.546798003061763,43.89702403183442
33168,18.14959073881768,40.48482207296661
33169,-123.4909157205999,44.70959508692667
33170,-73.9705905711047,40.06560286568461
33171,-102.63375397481312,17.434163467140735
33172,0.9268582671903968,50.97963173352388
33173,-0.04433761574695055,50.610057775543616
33174,-0.8197507347098509,49.25719064104342
33175,-3.5167585777266415,43.78586522395085
33176,0.8361331315070878,48.24424436233641
33177,23.711130563533217,37.430723755379475
33178,-122.44291265620663,47.34456834004462
33179,11.247683642183175,57.194414824416945
33180,3.7433242004697673,37.79421793219301
33181,2.2308905023410412,52.01868043653072
33182,-6.295900525015458,44.2019642993529
33183,24.559082665830807,59.80296832323117
33184,6.962565529395835,53.12640907231948
33185,123.29264536712869,29.14569472841523
33186,2.7108107920684863,50.158877511392575
33187,9.678470579756057,55.61665503037072
33188,11.070508790528528,42.45229183854306
33189,1.4092023258046475,45.534728201765674
33190,-4.401705503657861,47.74904956517976
33191,1.6247505270284983,51.09342708733892
33192,5.2713031624068005,40.8687307709167
33193,1.9099494960117747,51.20932417501837
33194,138.6393847075881,35.21439913946087
33195,-8.206550830798092,33.7500849866883
33196,134.72119681660664,36.93366488379299
33197,54.711669929999715,25.110954724784538
33198,-76.78764221750686,36.378987806620955
33199,0.9268582671903968,50.97963173352388
33200,-1.412162366083264,50.3855815811903
33201,149.2134421587896,-33.84566460929329
33202,-12.431375160460862,34.4234536060016
33203,120.65850522000004,-0.620298252
33204,3.0922161586264267,42.15048094097773
33205,-2.5693345868944677,39.018857098667844
33206,-0.27476903645068,49.01672645127389
33207,12.565962674493091,55.11409303508946
33208,10.130450646177467,57.378088702138065
33209,29.283772328840058,40.84544922758102
33210,111.0830802689922,-18.77567257191043
33211,4.168523760899027,52.157104438161795
33212,-8.059666063174678,44.541424707565426
33213,21.305021291984573,39.301822356576885
33214,-5.592468771571672,38.541560619342356
33215,4.375166919867453,51.427235908582944
33216,0.9796884460978771,39.69751007929939
33217,-69.14810596191174,24.66947573029412
33218,7.007185567768514,54.47812628683319
33219,19.973447354140124,37.89355906539002
33220,4.650596494239881,52.8650242967736
33221,9.817933736882678,42.081049512051976
33222,5.456423037605658,53.96253854447903
33223,104.21529409264689,8.284609576700696
33224,8.027633440229854,53.85801889393061
33225,0.5628305952614975,50.431491018716144
33226,26.401936860628293,37.327346553496234
33227,105.07008232626973,6.150487505927688
33228,-1.4292201184342852,48.71823441983631
33229,-1.1410117831370223,48.73309036331206
33230,6.297834743209023,52.83694836200006
33231,-0.5601416923270957,39.10843601719548
33232,4.077344607858745,52.767349674317266
33233,173.76969850911703,-40.998972792178655
33234,143.71380598571426,-38.1184996904762
33235,9.494680329234217,55.34945420367979
33236,116.08629205909165,6.041589315278783
33237,123.84967031127974,27.91851317206226
33238,14.255017639330653,55.29864392676828
33239,121.06739021636155,19.453481189321163
33240,123.25237543211716,25.47196858832995
33241,0.7888944304093696,39.271856162368586
33242,-15.439297842151488,28.240694351012998
33243,-1.3749956547529414,50.454074787932825
33244,12.775487093727802,55.34963747516862
33245,27.275301199999987,-28.300416700000017
33246,0.6434233966351447,51.91794430840584
33247,14.156855290857006,57.75404657915624
33248,12.679337401730509,55.266712932892666
33249,1.922160021181286,51.2501406777553
33250,5.039261384262926,52.16835488598401
33251,-1.5015550536362832,50.30667616652765
33252,2.1391210459659855,48.13338640630082
33253,3.979667423152941,51.94801021179696
33254,10.86069091787485,53.94371974789423
33255,9.238084074594655,39.980016344011695
33256,5.058531296370734,52.97095651980316
33257,-79.57735264030673,9.501172302662564
33258,-77.98548153554451,27.489084812176344
33259,-93.94415970753641,29.868712550481973
33260,13.781679507350919,39.29103808748599
33261,15.695191919126815,37.96936931668093
33262,3.713138553264686,52.565580904469115
33263,-122.37389030761506,46.928054094469054
33264,26.886820429667686,39.321206314122534
33265,16.642022488859528,54.2197041373987
33266,-6.460282524588454,35.24075066132553
33267,6.106517533622988,53.984659474123895
33268,152.50601600737545,-29.76174748654182
33269,136.91612667874358,34.83479101293348
33270,-0.7365650346540256,39.67173449537072
33271,4.799291681558703,53.462779173788334
33272,-11.164610098966131,39.39892102011681
33273,26.610082727338146,39.43158586201664
33274,2.5213103692513004,51.89474018847814
33275,1.9792707567540335,51.693349158624045
33276,-3.478715841661006,49.43753368091335
33277,103.8072587989615,11.589034388619618
33278,3.762458714944827,52.69226079174463
33279,22.03582743222223,59.27190585666668
33280,1.6330074904429746,50.001292962351975
33281,3.1764871532947168,50.84588119502352
33282,-2.038504608894257,48.96691121133399
33283,1.4091982293760756,45.535479958908546
33284,-4.0423421658530945,41.60442993921454
33285,3.580286834821357,52.34829523153761
33286,-64.76809860000003,-15.784401800000003
33287,-3.5153185977266417,43.78373347895084
33288,116.18922213919954,-31.96848808236054
33289,-2.268455273676906,50.075135321100724
33290,10.508387162288154,41.5290436372937
33291,-14.44348361800515,25.558860642123612
33292,5.377519977347037,39.311183118721644
33293,-123.48029202059993,44.71012818692666
33294,123.32223531712869,29.149016128415234
33295,-2.3552625921018118,49.91227205038636
33296,9.546798003061763,43.89702403183442
33297,23.711130563533217,37.430723755379475
33298,12.926648873298273,40.79475269618634
33299,12.559024065102044,39.68656562116511
33300,-80.2997125397537,25.121157426672756
33301,-6.773209539495448,42.189754318842205
33302,4.60685040269609,52.128663750218884
33303,11.247683642183175,57.194414824416945
33304,-77.40793126250809,36.21627332605089
33305,13.427783080979985,39.23597726211203
33306,126.35354525310342,36.925677627768785
33307,128.17111506131872,36.47210386637803
33308,-80.57408533512988,25.45701523586581
33309,11.154428167037924,42.48401839331287
33310,3.3868809736889403,51.355371943049356
33311,1.70619084153594,51.12371266914683
33312,2.2303923773410412,52.020105236530725
33313,-74.56642074051591,39.107686324954194
33314,2.7108107920684863,50.158877511392575
33315,9.667840424200502,55.620281505370734
33316,10.249319507331752,42.528136114271476
33317,-4.401705203657861,47.74904961517976
33318,20.071987182568556,57.67162206501126
33319,2.155008412589398,51.60951528245083
33320,-5.966610411229774,51.492881508235065
33321,134.26773641187776,34.423044104344875
33322,6.751251940000487,53.65557146654287
33323,0.723277246598074,51.498306924626576
33324,8.734286531211303,54.87683909662194
33325,-0.037688749080283836,50.61045612554362
33326,-1.8892602617909886,47.49700939141833
33327,0.8361321865070878,48.244244035669745
33328,2.3456808479775573,50.90315361948258
33329,-73.97062107110469,40.06489326568462
33330,-102.63479817481311,17.434399367140735
33331,-52.49696538873818,36.30872636086371
33332,18.057583056148637,40.4601041797534
33333,1.6287656501431027,50.7080229213702
33334,3.6327744708583283,52.190242253143076
33335,17.740113848996938,57.283763539963154
33336,-121.15481276282006,39.58874335195378
33337,-122.39364303217678,47.20223890757364
33338,3.7517791576126247,37.79466574647872
33339,10.993428828925444,54.03189507107861
33340,-0.8268358813765174,49.26064170104343
33341,-121.97219984300277,36.28534959134217
33342,-6.295900344221809,44.20196354920771
33343,24.559082665830807,59.80296832323117
33344,6.962565529395835,53.12640907231948
33345,-4.035188535853095,41.60678488921455
33346,4.114418378554903,51.35719072869327
33347,-8.072131602451497,44.43739293366844
33348,134.47024721660657,36.974107083792994
33349,3.0919590752930937,42.14969947431107
33350,0.6603455633018112,51.91824634173918
33351,13.424614046803987,39.35726522808252
33352,5.496223162406802,40.872095270916695
33353,-15.439322209101011,28.24071354309475
33354,-12.409630273794196,34.441594022668276
33355,11.58829583768607,55.51714825697306
33356,-0.27578631775409884,48.843842054318756
33357,-78.01144434268735,27.486675969319197
33358,173.76956203039907,-41.01937649474278
33359,138.63960954092144,35.214024156127536
33360,15.669163902460152,37.99261697223648
33361,-74.54050556398363,39.10726283870985
33362,1.9368554243185405,51.26884385181263
33363,21.379926015897603,39.30565825440297
33364,23.711299260573146,59.447882825103555
33365,4.333040071905544,51.40371403298197
33366,-2.4963712173311357,38.98946219639511
33367,19.966333404392987,37.89538826311423
33368,4.650596494239881,52.8650242967736
33369,7.007187627888848,54.478125836181526
33370,5.454336511493036,53.96503108535925
33371,104.22586035843484,8.289406644589892
33372,26.401936860628293,37.327346553496234
33373,8.025839209854205,53.8612641404363
33374,0.7280356175558693,50.53772832484167
33375,105.06112248626974,6.153845385927688
33376,6.297834743209023,52.83694836200006
33377,4.060912849155414,52.769093344367555
33378,143.75127290571425,-38.08157163047619
33379,9.471818747503448,55.30855845752593
33380,116.08630272247451,6.041559905137237
33381,123.66331711226947,27.82211110513509
33382,121.21443121636156,19.757148489321157
33383,-1.6187002622176134,50.294774764467164
33384,123.69478478607807,25.56980844516171
33385,0.7848357415349108,39.26856213145948
33386,-1.3733417547529414,50.45289848793281
33387,14.153713290857008,57.750376179156234
33388,1.9680778634728318,51.20111634783352
33389,12.846923872633585,55.36811435193932
33390,9.817933736882678,42.081049512051976
33391,12.688138001730508,55.271200132892666
33392,5.039261371762926,52.16835447765068
33393,0.9463491460978775,39.69802447929939
33394,9.546798003061763,43.89702403183442
33395,9.256355439594655,39.96075929151169
33396,-79.57735264030673,9.501172302662564
33397,3.9245810477518224,51.926586598042114
33398,2.143519658097607,48.131985351294496
33399,-93.94414538830891,29.868700972382964
33400,-122.37389040761505,46.92805419446905
33401,29.283772328840058,40.84544922758102
33402,26.889346482608868,39.32098033597127
33403,12.563251720927873,55.10935114778512
33404,13.781679507350919,39.29103808748599
33405,-13.09669026326831,26.36781843001835
33406,-6.529058225778929,35.180270742908164
33407,16.867804082228705,54.23689799161018
33408,6.091662436956321,53.98607790079056
33409,137.06624485918056,34.87984120007779
33410,152.50585430737544,-29.768393886541823
33411,-77.40793126250809,36.21627332605089
33412,-2.313178107326294,49.935643583651164
33413,4.799291681558703,53.462779173788334
33414,26.62414582019529,39.43221936130236
33415,2.583758437056263,51.94976413956166
33416,-3.4884499003911653,49.433166765833974
33417,-64.81790590000003,-15.7944113
33418,103.80762904896152,11.590430588619618
33419,21.973071443333332,59.224533640000026
33420,1.8156916234918186,51.674092931590536
33421,1.5213121553317046,49.90748747654328
33422,27.268406999999993,-28.303654200000025
33423,-80.6781068351299,25.468471335865807
33424,3.1355947854563704,50.810502920343076
33425,-2.268455273676906,50.075135321100724
33426,20.065931447720075,57.66788899001128
33427,23.712041848533215,37.43396709537947
33428,3.0925278999039576,52.7952292655406
33429,0.940442813629572,50.98256693692422
33430,10.523046445621485,41.53144365396038
33431,-0.5564281238488348,39.11752265741287
33432,3.3868809736889403,51.355371943049356
33433,-4.8171149911082765,42.29842300170892
33434,116.41618365623331,-32.00230264956827
33435,3.713138553264686,52.565580904469115
33436,5.911438631704173,39.245832877757785
33437,-52.496177330642944,36.309025536101814
33438,10.130450646177467,57.378088702138065
33439,3.6327743013075575,52.190241885144005
33440,-123.51157010452849,44.70996519704571
33441,-3.5341494900343338,43.78498282927136
33442,123.46777536712867,29.259173828415232
33443,12.92961731624632,40.80788595304637
33444,-80.12430801142034,24.75514828945053
33445,4.592667136046033,52.128132438880996
33446,-122.39364303217678,47.20223890757364
33447,3.7320093367792913,37.79177665981205
33448,111.08641816899218,-18.768918271910433
33449,-121.13220913208075,39.552256405005714
33450,-2.028810020870124,48.88266469413565
33451,-1.4495577041347496,50.376387401717956
33452,149.13992545715274,-33.76874255013579
33453,1.4100769875037216,45.53593415728883
33454,1.70619084153594,51.12371266914683
33455,2.184638677983642,52.12034524179314
33456,-1.4496829085568934,48.6851965239905
33457,-1.102302351037408,48.69858589616995
33458,126.35590208643676,36.92811749443545
33459,2.7108107920684863,50.158877511392575
33460,9.681749029756057,55.623683773227874
33461,11.286795719072774,42.268345082072585
33462,11.261191444627618,57.19870787308361
33463,6.753210640467935,53.69156715064459
33464,-6.298338002111004,44.19991274338873
33465,2.3529517942134452,50.93124699626511
33466,128.177155947033,36.47113570923517
33467,10.249319507331752,42.528136114271476
33468,2.155008412589398,51.60951528245083
33469,1.6427293104429748,50.00151772927506
33470,8.754935860559797,54.87295798885736
33471,14.290935653510628,55.317575065179625
33472,3.5823909348213565,52.34884673153761
33473,12.53763136663674,39.652499698107015
33474,-0.04743102728233639,50.609247153732355
33475,-1.8856448617909891,47.49665349141833
33476,134.29765335768423,34.42017523466746
33477,18.01120791448197,40.42903311308673
33478,1.5110994138931024,50.590838703870205
33479,3.8017424251778973,52.691098615831585
33480,-73.97082806443802,40.06630907901795
33481,0.7533341465980739,51.492123924626576
33482,-102.44381548730776,17.37008285953671
33483,-8.208625430798092,33.74837112002163
33484,10.99126531886516,54.03022519384159
33485,-0.7732883691474154,49.20710672446965
33486,5.051190916883553,52.976681448008286
33487,6.962565529395835,53.12640907231948
33488,0.8361332315070875,48.244244262336416
33489,17.821798455663597,57.23660061996315
33490,-4.41271113222929,47.7471267080369
33491,-5.776693747661607,51.44260218805025
33492,-121.9632987453837,36.30302916158027
33493,-8.208625430798092,33.74837112002163
33494,15.677170894126819,37.973686516680935
33495,-2.500020950664469,38.98541819639511
33496,3.091850558626427,42.15051014097773
33497,1.1858065102459276,50.833949922788534
33498,116.08629320580786,6.041557333470569
33499,3.205754971175963,52.77421801625914
33500,-1.3733417547529414,50.45289848793281
33501,0.9463491460978775,39.69802437929938
33502,-7.189626765778927,34.688599940051006
33503,-77.54135094935404,27.766124755985874
33504,12.565962674493091,55.11409303508946
33505,152.50662550737542,-29.768421286541823
33506,116.38835999431532,-31.96659547476669
33507,10.523046045621486,41.53144435396037
33508,12.932172116246322,40.81632435304637
33509,20.067286982568557,57.66991336501128
33510,5.053918050216887,52.979235048008285
33511,2.583758437056263,51.94976413956166
33512,13.424614046803987,39.35726522808252
33513,10.99126531886516,54.03022519384159
33514,134.73467031660658,36.93978488379299
33515,120.78223892000005,-1.2262715519999998
33516,21.37864236589761,39.30132683773631
33517,4.333040071905544,51.40371403298197
33518,22.552330854149076,58.94232182845027
33519,-2.2839404065036364,49.946995788838834
33520,4.650596494239881,52.8650242967736
33521,19.974307021255733,37.89287195468286
33522,7.007187350636323,54.47812553110975
33523,104.21510934584241,8.284581363806774
33524,5.456381475877301,53.96269836733905
33525,26.401936860628293,37.327346553496234
33526,9.817933736882678,42.081049512051976
33527,8.019364672354207,53.860885285079156
33528,105.05690289293642,6.148042539261021
33529,6.297834743209023,52.83694836200006
33530,173.76913203039908,-41.01969529474277
33531,-2.019624379373215,48.78753446273196
33532,143.7534953057142,-38.08437833047619
33533,4.064364850171577,52.76752829523411
33534,123.7774988456028,27.99235575513509
33535,121.2138419163616,19.757177989321164
33536,3.6327749151964457,52.19024211917179
33537,1.4098359634296473,45.53591019914068
33538,5.2713031624068005,40.8687307709167
33539,-15.406706691362146,28.22758727226507
33540,123.82286984647024,25.738868139671503
33541,0.7848364748682439,39.26856246479282
33542,17.787849195663604,57.22630421996316
33543,1.943175097651874,51.26914050459041
33544,14.15435429085701,57.75317667915624
33545,12.848029425422608,55.36872111323038
33546,-79.57735264030673,9.501172302662564
33547,12.496035765636039,55.21199001627977
33548,-121.96247234538369,36.30360796158027
33549,-1.685443281790567,39.78911717008672
33550,5.039261280096259,52.16835465265068
33551,2.1371164580976068,48.1289198512945
33552,138.6393847075881,35.21439913946087
33553,9.253590919594654,39.977910034845024
33554,3.8716876008421224,51.90641227414442
33555,10.130450646177467,57.378088702138065
33556,27.27352789999999,-28.300426100000024
33557,111.08321256899221,-18.77539687191043
33558,-3.5330969133676673,43.78136214860469
33559,-93.94414538830891,29.868700972382964
33560,13.781679507350919,39.29103808748599
33561,26.889346482608868,39.32098033597127
33562,-122.37389030761506,46.928054094469054
33563,16.867804582228704,54.236897691610174
33564,-10.676813087434983,28.93503446168501
33565,2.7108107920684863,50.158877511392575
33566,1.3880979701381924,49.862153931245444
33567,6.094664356956322,53.98673900079056
33568,4.815858426457053,53.486747071448484
33569,137.06960345918057,34.88094835007779
33570,11.261191444627618,57.19870787308361
33571,26.624941493528624,39.43201338130236
33572,1.7470741013280036,51.639466432630485
33573,-2.268455273676906,50.075135321100724
33574,-64.91991270000003,-15.809916799999998
33575,1.5496686407218012,50.56269786594488
33576,21.969944432222224,59.221951356666686
33577,-3.4836678416610054,49.43552501424667
33578,-12.429214555460863,34.42603499100161
33579,103.90540949369836,11.644880593882778
33580,-80.07342272308699,24.801045487783863
33581,-1.4495577041347496,50.376387401717956
33582,-80.55300553512988,25.4565155358658
33583,126.35590208643676,36.92811749443545
33584,-2.385656023572966,42.23702385155633
33585,3.176488073087949,50.845882220606235
33586,3.0059606510331105,51.23523731283289
33587,-102.42247917587918,17.365866085250993
33588,128.17715614703297,36.47113430923517
33589,-1.886449261790989,47.496344491418334
33590,2.3735618101225366,50.949691528083285
33591,-77.40793126250809,36.21627332605089
33592,-0.1370543195734811,50.60443734926811
33593,3.713138553264686,52.565580904469115
33594,7.405000259046974,38.803404205774854
33595,-4.43098568222929,47.7430380580369
33596,8.756509701670907,54.87477512330181
33597,9.546798003061763,43.89702403183442
33598,10.249319507331752,42.528136114271476
33599,134.40482499059334,34.43349769768306
33600,1.7147573236787972,51.133697429861115
33601,3.580286834821357,52.34829523153761
33602,-5.751568464328273,51.45339383805025
33603,-123.4872855920285,44.71475313454571
33604,123.33418956712867,29.16784192841523
33605,12.53763136663674,39.652499698107015
33606,4.608245846022392,52.13918971214341
33607,3.3868809736889403,51.355371943049356
33608,14.290935653510628,55.317575065179625
33609,-0.7746043691474154,49.206813424469644
33610,18.062004456148635,40.460990679753394
33611,2.155008412589398,51.60951528245083
33612,-1.4640105108726953,48.689960586351305
33613,-1.11662995335321,48.703349958530765
33614,3.8017424251778973,52.691098615831585
33615,-73.9705905711047,40.06560286568461
33616,0.7555707465980737,51.49547912462657
33617,-121.00442933208075,39.224031205005716
33618,9.505333739898555,55.31006051145951
33619,-52.491072117309606,36.30809458943514
33620,3.735032222493577,37.78737678838348
33621,2.247633898055327,52.02115018081643
33622,6.962565529395835,53.12640907231948
33623,0.8361326565070877,48.244244612336416
33624,23.711458318458025,37.43358882019151
33625,0.940442813629572,50.98256693692422
33626,-122.39324592038066,47.10703754875018
33627,-0.5596621238488347,39.117928057412875
33628,-6.303965222793237,44.195228431892595
33629,9.69510160328547,55.64396329381612
33630,11.467778020804952,42.17867850693892
33631,6.802170710383266,53.83959551191118
33632,-1.6187002622176134,50.294774764467164
33633,1.6427293104429748,50.00151765235198
33634,-74.56635266992768,39.10753086024831
33635,-2.432547229235898,39.0679470963951
33636,-3.8855174491864277,41.86750471421455
33637,-0.3158914177540989,48.92129805431876
33638,3.0059606510331105,51.23523731283289
33639,-3.544577948026758,43.7586999642297
33640,3.632774541560082,52.19024239735361
33641,-7.4852242211710855,34.58321354103141
33642,12.53763136663674,39.652499698107015
33643,-77.13335697871914,27.72925952820809
33644,0.940442813629572,50.98256693692422
33645,138.6406271075881,35.215979439460874
33646,-12.431375160460862,34.4234536060016
33647,15.666905819126814,37.9776289333476
33648,-77.40793126250809,36.21627332605089
33649,20.061547882568558,57.67601916501127
33650,54.711669929999715,25.110954724784538
33651,-1.7786261502548875,39.71973344100136
33652,-80.07376952308701,24.80126138778386
33653,137.0493319591806,34.88165085007778
33654,4.862597371954129,53.507900171023174
33655,-0.5602760238488349,39.12135415741287
33656,27.66568181999999,-28.08668000666668
33657,134.7390550166066,36.94230478379299
33658,3.0925598586264265,42.151561340977736
33659,27.273528499999987,-28.30042440000002
33660,-80.55861033512988,25.45825633586581
33661,6.297834743209023,52.83694836200006
33662,-15.435468565580884,28.153115370174046
33663,-76.7762828417857,36.38817952938969
33664,17.774840895663605,57.21858491996315
33665,-11.099571051757248,39.426786262943935
33666,3.3868809736889403,51.355371943049356
33667,2.1556064580976066,48.14036295129449
33668,13.781679507350919,39.29103808748599
33669,16.642022488859528,54.2197041373987
33670,6.094664356956322,53.98673900079056
33671,152.4881570823754,-29.795638686541814
33672,12.565962674493091,55.11409303508946
33673,26.627695735195285,39.43266768546902
33674,1.721552236172883,51.62892158978798
33675,128.17715614703297,36.47113430923517
33676,-3.478715841661006,49.43753368091335
33677,21.970943132222228,59.21709115666668
33678,-64.92747470000003,-15.804306200000001
33679,104.82368825798409,11.672155922930397
33680,3.176487939696787,50.84588127479488
33681,116.41137056723198,-31.995418212266696
33682,0.6691009133018112,51.918310258405846
33683,10.523047762288154,41.5314451372937
33684,-4.168247431913175,35.08133590140621
33685,3.713138553264686,52.565580904469115
33686,13.439865071677934,39.35525426228419
33687,12.926648873298273,40.79475269618634
33688,10.993428828925444,54.03189507107861
33689,120.76832032000006,-1.295859652000001
33690,21.38110076589761,39.301455837736306
33691,-78.78037440961675,9.460295382481693
33692,21.805781418622583,58.611044442672345
33693,4.333040071905544,51.40371403298197
33694,19.973447354140124,37.89355906539002
33695,4.650596494239881,52.8650242967736
33696,7.007185673797328,54.478126208973684
33697,5.456423009210633,53.96253848400573
33698,104.20862203695353,8.288743611584552
33699,1.946438497651874,51.26927150459041
33700,1.1786948435792608,50.832324022788534
33701,8.018083822354207,53.862528976745814
33702,26.401936860628293,37.327346553496234
33703,105.05212259293641,6.14718973926102
33704,173.7691703605059,-41.01867305884532
33705,4.0627678815352155,52.7669353681408
33706,123.69134949707706,27.967600687825257
33707,116.08628185866502,6.041576073470569
33708,121.21349929636158,19.756727249321163
33709,5.267737129073468,40.87846622425003
33710,123.56127514647027,25.6029090196715
33711,0.7860234518379409,39.268088262368586
33712,-79.57735264030673,9.501172302662564
33713,2.5897425370562632,51.94983093956167
33714,111.08307916899221,-18.77567205941043
33715,1.3880982928654653,49.862153821018175
33716,-1.3733417547529414,50.45289848793281
33717,-2.269093347416959,50.0751655317108
33718,9.817933736882678,42.081049512051976
33719,12.84654885182012,55.36723616265068
33720,-2.214705584012041,50.00677126620225
33721,5.039261361186003,52.16835465521478
33722,14.156855290857006,57.75404657915624
33723,12.476783765636037,55.19979341627978
33724,9.546798003061763,43.89702403183442
33725,0.9510909691748004,39.69832816391477
33726,10.130450646177467,57.378088702138065
33727,-5.5949658987297415,51.42988776169415
33728,-123.50441233286185,44.716801547402845
33729,3.8716876008421224,51.90641227414442
33730,9.633853216934858,39.9126998492847
33731,112.14509277500227,0.252972941507216
33732,2.7108107920684863,50.158877511392575
33733,8.736230046228018,54.89642627467709
33734,2.247135773055327,52.02257498081644
33735,-122.3961398839064,47.11096132775019
33736,18.057583056148637,40.4601041797534
33737,23.711458318458025,37.43358882019151
33738,-74.56635269457053,39.10753385631974
33739,-73.97062107110469,40.06489326568462
33740,126.35354525310342,36.925677627768785
33741,-1.4495577041347496,50.376387401717956
33742,29.283772328840058,40.84544922758102
33743,10.249319507331752,42.528136114271476
33744,-1.910372695124322,47.481534541418334
33745,-93.94413836397632,29.868707338935543
33746,14.290935653510628,55.317575065179625
33747,1.7147573236787972,51.133697429861115
33748,3.580286834821357,52.34829523153761
33749,123.33418941712867,29.167842228415235
33750,0.7561548465980737,51.49634652462658
33751,-102.42352337587917,17.36610198525099
33752,143.72098240571424,-38.10206683047619
33753,9.703024348966412,38.28906322704047
33754,-2.3536029585729654,42.30650426655633
33755,-4.442891915562623,47.75220934137023
33756,134.41889231868248,34.439099110194626
33757,1.55059012269112,50.55738118260978
33758,7.337962394026364,42.37995796628056
33759,-1.9994290390095788,48.73791050800469
33760,-52.41170088873818,36.45475956086372
33761,-1.599623222766401,48.6116375354474
33762,-1.2522426652469152,48.625026907626854
33763,6.962565529395835,53.12640907231948
33764,0.8361323865070875,48.24424388566974
33765,-120.88725503208072,39.11506250500571
33766,4.608245858522391,52.139189655714844
33767,11.503186994185326,42.152837062295795
33768,11.261191444627618,57.19870787308361
33769,3.821860240515095,37.77683455055722
33770,-0.777636735814082,49.20897502446965
33771,6.848934776604375,53.822559809397944
33772,3.8017424251778973,52.691098615831585
33773,9.523358151009665,55.37034125312618
33774,9.676241247729914,55.63717056881611
33775,-0.13606970290681444,50.604631782601444
33776,1.4098318670010759,45.536661956283545
33777,-122.3315743056023,46.790779257594096
33778,-121.99813626919322,36.33503738419931
33779,-1.6187002622176134,50.294774764467164
33780,1.6359851429540806,49.99883565462798
33781,-6.303965068086215,44.19522755562024
33782,2.406343457344758,50.97509800308328
33783,26.88709862966769,39.32070731412253
33784,2.1599859576651554,51.60764996789456
33785,-5.592468771571672,38.541560619342356
33786,-11.099571051757248,39.426786262943935
33787,13.781679507350919,39.29103808748599
33788,12.829908895067904,40.81490426557666
33789,54.71166975564075,25.110954076066587
33790,112.1458855350023,0.2283901215072162
33791,0.6994619333018111,51.92009657840585
33792,15.66805354241738,37.89267778517426
33793,13.432703021374955,39.4071492062785
33794,134.73638531660657,36.941819283792995
33795,116.08629524626485,6.041563380316448
33796,-0.5744512669684929,39.277099966985524
33797,20.049820387243884,57.66680805542794
33798,3.632772932435503,52.19024197817189
33799,27.268406999999993,-28.303654200000025
33800,6.297834743209023,52.83694836200006
33801,-76.98298886111111,28.18464325166669
33802,-1.5996238826443008,48.61163889454386
33803,-1.2522433251248153,48.62502826672331
33804,9.807606953331454,39.879489922910096
33805,-93.94413836397632,29.868707338935543
33806,29.283772328840058,40.84544922758102
33807,26.82569362546601,39.3897801145427
33808,-122.28964256767127,46.65476397828375
33809,16.867803998944392,54.23689795533567
33810,6.091662436956321,53.98607790079056
33811,137.04080776584723,34.88577423674445
33812,152.48688045737543,-29.79667666154182
33813,11.269935423601979,57.203978289237455
33814,4.862597371954129,53.507900171023174
33815,26.625145253528622,39.432425061302354
33816,1.7106068947248323,51.62476511507421
33817,128.17291489088916,36.47195971269016
33818,2.6408057886336445,51.944040824150406
33819,-3.4843540003911655,49.43481169916731
33820,12.563251720927873,55.10935114778512
33821,21.969497243333336,59.22102764000002
33822,-64.93530310000003,-15.809501999999995
33823,104.8448545163174,11.582961119597062
33824,3.1355955718584414,50.81050300011443
33825,116.36609113362687,-31.9210876991414
33826,10.523046445621485,41.53144365396038
33827,3.713138553264686,52.565580904469115
33828,10.99126531886516,54.03022519384159
33829,120.77630682000004,-1.247509052
33830,-79.06746693082671,9.399471826561898
33831,3.0992675498962683,42.163417450104724
33832,-77.40793126250809,36.21627332605089
33833,21.395799200967048,39.36739408252797
33834,9.817933736882678,42.081049512051976
33835,21.759715729663796,58.59349770697525
33836,4.333040071905544,51.40371403298197
33837,0.9834710197181618,50.984113077851454
33838,-2.463774190723176,38.95485438047047
33839,0.9463491460978775,39.69802447929939
33840,19.966333404392987,37.89538826311423
33841,4.650596494239881,52.8650242967736
33842,103.89642824908015,8.096709235605116
33843,7.0071886032793635,54.478126088502
33844,5.454348232353134,53.96503433212413
33845,-2.237436683166803,42.261776421514305
33846,26.401936860628293,37.327346553496234
33847,104.99200398852274,6.173331042697404
33848,1.2893051769125938,50.8971619394552
33849,8.058924848368699,53.90298344612988
33850,173.77123225539913,-41.01725584474278
33851,29.13283231999999,-28.105570006666685
33852,4.084967213028721,52.77333379380552
33853,123.2670795445374,27.777883770015727
33854,-79.57735264030673,9.501172302662564
33855,121.21441446636156,19.756995539321156
33856,-80.36413134356322,24.679854737387036
33857,1.9778535976518739,51.294904804590416
33858,17.84530211162998,57.22600059613961
33859,0.7809283498682441,39.26906720645948
33860,-15.419128045452602,28.146508775666717
33861,1.373381551806091,49.79633058676603
33862,1.566843741438726,50.52444014569236
33863,123.55217979980361,25.505619773004838
33864,5.494687562406803,40.871817470916696
33865,-2.2690938974169588,50.0751657817108
33866,-1.7530682614360265,39.738001255226386
33867,-80.80062283512989,25.485698135865803
33868,-1.3733417547529414,50.45289848793281
33869,14.153713290857008,57.750376179156234
33870,12.844812072633585,55.366879651939314
33871,9.546798003061763,43.89702403183442
33872,-122.10025645735848,36.366012721944415
33873,5.039260737834353,52.168354472293544
33874,12.486165530636038,55.20180286127977
33875,-73.9705905711047,40.06560286568461
33876,23.59263289623016,37.46756519857456
33877,-4.4795916727347205,47.7337139558105
33878,3.8383596680007015,52.69372167640384
33879,10.130450646177467,57.378088702138065
33880,-120.84957889608077,38.87385772300571
33881,-122.39613976485879,47.110961206321626
33882,-1.4495577041347496,50.376387401717956
33883,-74.54321924659756,39.10796476983326
33884,-0.7953155730312038,39.630872094123646
33885,-6.305282583568437,44.19432152998687
33886,0.8361332315070875,48.244244262336416
33887,-1.9903791114292397,48.692529928625234
33888,126.32801233814358,36.94596787833103
33889,2.7108107920684863,50.158877511392575
33890,9.894849932713415,55.624637549958386
33891,-1.9191408654706428,47.46791123211097
33892,1.4162773919018976,45.54900301643633
33893,3.3868809736889403,51.355371943049356
33894,10.263759369713316,42.5167045413063
33895,-1.6187002622176134,50.294774764467164
33896,2.4163442193560885,50.99741279641211
33897,10.797569737898879,38.07196691366473
33898,-0.14576838110886692,50.603157210790165
33899,2.1599857909984888,51.60765016313265
33900,1.6483085922611567,49.99659632745687
33901,-2.990163502746509,36.26188035140621
33902,9.47902792561284,55.31777024183218
33903,2.0783525052289225,48.243081549792265
33904,14.846140422674216,55.57669849443969
33905,134.4155494186825,34.43785991019463
33906,-0.7849121416128532,49.19582833973463
33907,6.835580221146498,53.79627986939794
33908,-5.398560133166975,51.443486877862966
33909,-123.51936979630611,44.72054694342989
33910,111.0938442689922,-18.76197945941043
33911,123.46777536712867,29.259173828415232
33912,8.725150710004241,54.89450304299878
33913,4.613201969635588,52.12007649738549
33914,-52.48622777000192,36.282616485076176
33915,11.480270370125215,42.18384740432663
33916,3.7314515266935,37.81187396797938
33917,18.006777064404012,40.42059995707271
33918,1.7147573236787972,51.133697429861115
33919,2.29131129613225,52.01554145048677
33920,6.962565529395835,53.12640907231948
33921,0.7771114912466363,51.51622453964255
33922,-102.38191654736106,17.34993331822127
33923,7.980980896080547,42.47952834933789
33924,143.75312800571427,-38.07604703047619
33925,3.877732769274552,51.937354629371676
33926,-12.479657707127526,34.27026402266827
33927,3.6067432462365536,52.36087267765233
33928,-1.7530682614360265,39.738001255226386
33929,4.17931125975704,53.07061931287968
33930,-0.26596681583102194,48.92192705624184
33931,15.669877355750714,37.87497076628536
33932,-76.82727146111112,28.161842851666687
33933,0.6994619333018111,51.92009657840585
33934,20.801343735632027,38.185031678975044
33935,-1.5915613265393838,48.52995055242519
33936,-1.2441807690198987,48.543339924604645
33937,-47.563977600000015,-22.986873100000004
33938,-12.483087288794195,34.2664252910016
33939,29.814979519999987,-28.39361010666669
33940,29.283772328840058,40.84544922758102
33941,137.043124298041,34.88788255134559
33942,4.862597371954129,53.507900171023174
33943,12.565962674493091,55.11409303508946
33944,9.817933736882678,42.081049512051976
33945,0.9463491460978775,39.69802437929938
33946,104.98413298852275,6.168243642697402
33947,121.21383726636161,19.757193039321166
33948,5.2713031624068005,40.8687307709167
33949,-15.419129892727108,28.146518616194726
33950,0.7809290832015773,39.26906753979282
33951,123.56252324647022,25.608117039671505
33952,17.82964771162999,57.22179119613964
33953,-1.406739304752941,50.45581995221853
33954,12.845917625422608,55.367486413230374
33955,14.15435429085701,57.75317667915624
33956,12.481292672151188,55.193082788855534
33957,5.039260646167687,52.16835464729353
33958,2.1076026385622564,48.3644983831256
33959,-4.480816572734721,47.7334240558105
33960,27.27352789999999,-28.300426100000024
33961,3.8755526506436455,51.93694505521584
33962,9.820208696921199,39.89490873701266
33963,-10.995815662417419,39.245695552662546
33964,-93.94413836397632,29.868707338935543
33965,13.781679507350919,39.29103808748599
33966,-122.28964246767127,46.654763878283745
33967,26.82569362546601,39.3897801145427
33968,16.86780449894439,54.23689765533567
33969,6.094664356956322,53.98673900079056
33970,152.48765165737544,-29.796704061541824
33971,3.8383596680007015,52.69372167640384
33972,26.62503920758725,39.43285289564448
33973,1.6576711418188128,51.62012488762508
33974,128.17291509088918,36.471958312690155
33975,-3.4795719416610056,49.43716994758
33976,-64.96635620000004,-15.815376399999996
33977,12.542943037948332,54.62071135512114
33978,21.966370232222225,59.21844535666668
33979,105.1586009511659,11.297863980203122
33980,0.7771114912466363,51.51622453964255
33981,3.176488446858441,50.84588225011443
33982,2.741381293329777,51.97624832580787
33983,10.523046045621486,41.53144435396037
33984,12.839009110550966,40.84899615228729
33985,-79.32999801074176,9.328185219208244
33986,116.33873499263802,-31.883968641926757
33987,3.713138553264686,52.565580904469115
33988,13.432641951532675,39.40705546363007
33989,10.99126531886516,54.03022519384159
33990,-2.142930165289575,50.03772074702305
33991,11.269935423601979,57.203978289237455
33992,134.73686851660662,36.93792608379299
33993,120.77711770000008,-1.3031017000000003
33994,21.525956376177138,39.398695820483155
33995,3.099445701361469,42.16559853819996
33996,1.474036366824406,49.772815935409746
33997,21.759715729663796,58.59349770697525
33998,4.333040071905544,51.40371403298197
33999,20.061635261255734,37.83581817468286
34000,7.0071882846935045,54.47812612343023
34001,4.650596494239881,52.8650242967736
34002,-2.174284213156813,42.32479935360967
34003,4.613201436302255,52.12007668627439
34004,103.88632499144126,8.091480893244006
34005,-120.90076899608076,38.901668223005714
34006,5.456393678506981,53.962700766953176
34007,26.401936860628293,37.327346553496234
34008,1.9959667976518742,51.306353504590405
34009,10.86069091787485,53.94371974789423
34010,-122.10048845735848,36.366263721944414
34011,8.05331317029171,53.90539091704421
34012,-79.57735264030673,9.501172302662564
34013,1.4115186060909322,50.97094846489872
34014,-80.30987684356323,24.724008137387035
34015,6.297834743209023,52.83694836200006
34016,10.130450646177467,57.378088702138065
34017,173.77139219161708,-41.01714066717867
34018,10.815198514089357,38.08957288747425
34019,-2.2690938974169588,50.0751657817108
34020,4.09294535052872,52.77035324380553
34021,1.56089386108519,50.51541952442974
34022,-2.830760421307116,36.38898557186075
34023,-123.50878123380613,44.72057518092989
34024,0.9957214116727329,50.98884154971527
34025,123.44683442787071,27.873096020015726
34026,116.08628078674106,6.041560094364066
34027,23.591212452561795,37.466312888992356
34028,-73.9705905711047,40.06560286568461
34029,-1.2909048948750266,50.42127828215071
34030,-80.67568233512988,25.472728735865804
34031,-74.56635279659756,39.107530269833255
34032,-1.6187002622176134,50.294774764467164
34033,2.7108107920684863,50.158877511392575
34034,-0.7960149530312037,39.633384874123635
34035,10.263759369713316,42.5167045413063
34036,-122.39613976485879,47.110961206321626
34037,1.6483090922611567,49.996595950533795
34038,2.411232750845409,51.002939738359366
34039,126.32801233814358,36.94596787833103
34040,3.3868809736889403,51.355371943049356
34041,2.1599857909984888,51.60765016313265
34042,143.73881500571423,-38.086907930476194
34043,8.723749536228018,54.89538796467709
34044,9.546798003061763,43.89702403183442
34045,112.14922257500228,0.24168894150721645
34046,18.30004552702729,57.12917383272134
34047,4.1209708785549015,51.35575162869327
34048,1.7790930237328804,51.13543723364695
34049,-5.291711972631677,51.4705968322669
34050,123.33418956712867,29.16784192841523
34051,-102.38255033593246,17.34904947726889
34052,9.512755825612839,55.38003444183219
34053,-2.097295474494707,47.26752236814038
34054,134.3579218636825,34.44220550519462
34055,7.990756575604358,42.490986746480736
34056,-1.9760950080959063,48.59044737140301
34057,9.840864432713415,55.604047949958385
34058,20.01410724709237,57.64595515542795
34059,18.064260364404017,40.46060905707271
34060,6.962565529395835,53.12640907231948
34061,111.82944956899222,-19.24760845941043
34062,-52.48676897000191,36.28321748507617
34063,11.469682963941537,42.19345795082241
34064,1.4159051359596915,45.548285319716754
34065,3.7241933266935003,37.825858017979385
34066,6.837794805294851,53.79370133023128
34067,3.6113155606729466,52.36435936372538
34068,0.8361326565070877,48.244244612336416
34069,-0.13991710647824296,50.605120102839535
34070,-0.7744679541128532,49.19780372306796
34071,2.3265304855261895,52.024498318668584
34072,-6.303965917901464,44.19522849309389
34073,4.504340796097235,53.151672977714306
34074,-2.2690938974169588,50.0751657817108
34075,5.035805508700618,52.974575232779316
34076,-1.5915611015393842,48.52995052742519
34077,-1.2441805440198983,48.543339899604646
34078,20.801343735632027,38.185031678975044
34079,-76.81395096111112,28.104695051666685
34080,-12.485247893794194,34.263843906001604
34081,1.0131311956348603,50.99397203115095
34082,29.283772328840058,40.84544922758102
34083,152.4889226573754,-29.794638861541817
34084,3.099871701361469,42.16551643819996
34085,-15.419130650990652,28.146518483427208
34086,123.84856180500682,25.649466909915407
34087,-47.56033480000002,-22.988573000000002
34088,3.8755526506436455,51.93694505521584
34089,1.4740366895516785,49.77281582518248
34090,13.432641951532675,39.40705546363007
34091,-0.5995729669684929,39.261447566985524
34092,134.74304531660658,36.94151548379298
34093,120.77767160000009,-1.3002338000000002
34094,-2.396240569294605,39.04196368047047
34095,20.153067911917905,37.79570370539002
34096,4.650596494239881,52.8650242967736
34097,103.88144627699681,8.096596102132894
34098,5.456435878506981,53.96254116695318
34099,26.401936860628293,37.327346553496234
34100,8.054477970291709,53.90735398371087
34101,1.4118176394242652,50.97489416489872
34102,104.98542158852275,6.163067942697404
34103,6.297834743209023,52.83694836200006
34104,173.7714486890774,-41.0160985302739
34105,123.43797801707706,27.871768017825254
34106,29.81497981999999,-28.393609106666688
34107,116.08627438245534,6.04157954864978
34108,4.1162669982018825,52.76310965147414
34109,121.21109066302823,19.76053276598783
34110,5.267737129073468,40.87846622425003
34111,0.7821160601712742,39.268593337368586
34112,17.82222171162999,57.21519299613964
34113,-1.406739304752941,50.45581995221853
34114,1.9956657976518744,51.303497104590406
34115,-79.57735264030673,9.501172302662564
34116,12.504283372151187,55.20248308885553
34117,12.846403285153455,55.36736852931734
34118,14.156855290857006,57.75404657915624
34119,9.817933736882678,42.081049512051976
34120,5.039260727257431,52.16835464985764
34121,-2.173634013156813,42.325591253609666
34122,0.9510909691748004,39.69832816391477
34123,2.217389883299098,48.38909639189754
34124,-4.512156642147828,47.740316743912636
34125,9.8175742969212,39.89552583701266
34126,-93.94411061847912,29.868651706493438
34127,-2.829151696307116,36.391265720194085
34128,26.823445772524835,39.38950709269396
34129,-122.24773682726723,46.518866851011026
34130,-80.69988363512988,25.481116035865806
34131,13.781679507350919,39.29103808748599
34132,16.641990136686328,54.21969465001309
34133,137.00391544349557,34.88383394680014
34134,6.094664356956322,53.98673900079056
34135,4.86934612773975,53.51902184321809
34136,26.63898066671423,39.4348973085413
34137,27.270696399999988,-28.29992870000002
34138,1.4106167688791473,51.54454231777718
34139,128.17291509088918,36.471958312690155
34140,105.1550027711659,11.297023180203121
34141,21.96634653222223,59.21427605666668
34142,-3.521095091661006,49.39066224758001
34143,3.1764887791704712,50.84588178532119
34144,-79.41407898458264,9.29831753552778
34145,-1.9878137129533004,39.76104805635851
34146,10.523047662288155,41.5314453372937
34147,12.565962674493091,55.11409303508946
34148,116.33899599390607,-31.88182419986499
34149,3.713138553264686,52.565580904469115
34150,12.720508725515764,54.69310128926217
34151,111.69916046899222,-18.718144359410427
34152,-4.827390853017446,51.25026333904299
34153,12.822142317602918,40.80512434542727
34154,10.993428828925444,54.03189507107861
34155,3.6113155606729466,52.36435936372538
34156,-73.97062107110469,40.06489326568462
34157,-0.7683260207795197,49.19523472306797
34158,112.14572847500227,0.2521094415072162
34159,2.745114393329777,51.97675732580787
34160,-102.38359453593246,17.349285377268885
34161,-120.96711529608073,39.0237692230057
34162,-80.6389663102299,25.066936204053707
34163,-1.251817082700038,50.42782015348552
34164,-6.309101499384914,44.191176787654875
34165,-0.792631853031204,39.63024777412364
34166,3.3868809736889403,51.355371943049356
34167,20.063039065636566,57.93339733649522
34168,6.962565529395835,53.12640907231948
34169,143.72038490571424,-38.09706083047619
34170,10.816762039089356,38.09117068747424
34171,4.613201448802255,52.12007662984582
34172,1.6427292243583653,50.57195472944795
34173,10.86069091787485,53.94371974789423
34174,21.532255676177133,39.39883077048315
34175,-0.137716756478243,50.60502395283954
34176,-52.40739970809715,36.43041615650474
34177,11.4847814123809,42.177798558596066
34178,6.845708991009135,53.77662488975509
34179,21.647969136330463,58.56897205364191
34180,4.333040071905544,51.40371403298197
34181,-64.97234540000005,-15.8112262
34182,3.7242230266935006,37.82621831797938
34183,2.204846569442344,51.632879553875995
34184,3.8383596680007015,52.69372167640384
34185,-123.50900038916564,44.79715398870767
34186,20.004591647092365,57.646382555427934
34187,11.269935423601979,57.203978289237455
34188,2.3265306605261897,52.02449841866858
34189,0.7794408912466362,51.519687639642555
34190,23.590759524270478,37.46608623801196
34191,10.130450646177467,57.378088702138065
34192,8.735005787894686,54.87216513301042
34193,9.52625173672395,55.36079768349885
34194,9.546798003061763,43.89702403183442
34195,18.059927326904017,40.45971806957271
34196,1.7790930237328804,51.13543723364695
34197,123.33418941712867,29.167842228415235
34198,8.003314404089206,42.50190847132922
34199,-1.9402785318820874,48.50689181076342
34200,-10.918860487399108,39.179711601502596
34201,-2.1008888744947067,47.267847768140385
34202,-1.6187002622176134,50.294774764467164
34203,-122.10945595735849,36.37748717194441
34204,-74.56635259659755,39.10753376983326
34205,0.8361323865070875,48.24424388566974
34206,126.32565550481026,36.94352801166437
34207,2.7108107920684863,50.158877511392575
34208,9.765508617157856,55.72525914495837
34209,1.4172627145311203,45.55194403685962
34210,10.263759369713316,42.5167045413063
34211,-122.38064301834265,47.06902705609502
34212,134.3574666636825,34.44288030519462
34213,1.6415647429540805,49.99391403462798
34214,2.4823353551796226,51.05013161233264
34215,7.007188036556921,54.478127670157676
34216,4.114418378554903,51.35719072869327
34217,-2.4632614907231756,38.94789518047047
34218,-0.849561057854797,39.590164052244845
34219,126.32596659950723,36.944730769240124
34220,20.801343735632027,38.185031678975044
34221,123.86705335834016,25.473753059915406
34222,-47.60147300000001,-22.9450864
34223,121.23833790000008,-1.5714521000000028
34224,2.9422628748962687,42.08821227510473
34225,27.26770419999999,-28.30309680000002
34226,173.77354103059213,-41.015524168874045
34227,4.110845526536367,52.7648453232191
34228,9.817933736882678,42.081049512051976
34229,-77.40793126250809,36.21627332605089
34230,0.6994619333018111,51.92009657840585
34231,29.283772328840058,40.84544922758102
34232,152.48688045737543,-29.79667666154182
34233,4.8446591489397495,53.511315159046056
34234,13.432642051532675,39.407055063630075
34235,2.7968175206607278,51.98881097198916
34236,21.527240026177132,39.403027237149814
34237,20.802013181514422,58.18769259892975
34238,4.3330404008910515,51.40371409747472
34239,0.9407150859126923,39.698431395526775
34240,20.182456243053124,37.77129686193776
34241,7.007188899930082,54.478126094456286
34242,-79.49936576642459,9.271811304768086
34243,4.650596494239881,52.8650242967736
34244,103.78683766553034,8.032174037798478
34245,5.454151232353135,53.96221763212412
34246,26.413068963996242,37.33749653996346
34247,8.069782994365784,53.898928016735574
34248,1.6221321762558691,51.1205137257133
34249,6.297834743209023,52.83694836200006
34250,104.98126901352272,6.164074617697404
34251,-76.83398406111111,28.116623651666693
34252,116.08623089757934,6.041556927317912
34253,123.25535554453744,27.780415770015725
34254,121.21200703302824,19.76078355598782
34255,5.494687562406803,40.871817470916696
34256,0.7809283498682441,39.26906720645948
34257,-15.419157953597495,28.146560376254538
34258,135.68410700798043,33.500637540417294
34259,17.829052053058554,57.20034550881819
34260,-79.57735264030673,9.501172302662564
34261,-1.4056546047529412,50.45557785221854
34262,14.153713290857008,57.750376179156234
34263,1.0131311956348603,50.99397203115095
34264,12.515330238817855,55.20958828885554
34265,113.71740016899219,-19.71331165941043
34266,5.039260737834353,52.168354472293544
34267,2.1334393523346677,48.368125466904765
34268,3.8755526506436455,51.93694505521584
34269,-4.490584004808084,47.73681915304724
34270,9.835458674698977,39.876225864790435
34271,-93.9441081217797,29.86862605746701
34272,13.781679507350919,39.29103808748599
34273,26.82569362546601,39.3897801145427
34274,-122.20517189143065,46.38099638964124
34275,18.617221016553938,56.98683438574389
34276,6.107530159539189,53.99518572571523
34277,137.02622063571778,34.88017722902236
34278,16.63829369894439,54.216184655335674
34279,3.0059606510331105,51.23523731283289
34280,26.62524296758725,39.43326457564447
34281,-1.5915621971060137,48.5299979748043
34282,-1.2441816395865284,48.54338734698376
34283,1.497982995247329,51.592073117044656
34284,128.16686099088918,36.47295441269016
34285,-3.4763732244434533,49.3817867253111
34286,22.362798060643964,58.96663195382544
34287,12.794925613055847,54.73276669939405
34288,21.969419332222223,59.22117970666668
34289,11.269935423601979,57.203978289237455
34290,105.3452606177672,11.763004110856716
34291,3.1281736862068126,50.811685499863806
34292,2.020508897651874,51.32307950459042
34293,-2.1113122096404497,37.205981250194085
34294,-121.10468333040613,39.05351566328349
34295,-80.8006216351299,25.485696835865802
34296,10.523046445621485,41.53144365396038
34297,9.546798003061763,43.89702403183442
34298,116.34030779110583,-31.86652330727466
34299,-10.876493037486146,39.193247730572686
34300,-122.10899018497754,36.3405699426587
34301,1.474047666824406,49.77281683540975
34302,1.6483086922611567,49.99659652745688
34303,3.730994977413388,52.57170474072875
34304,-0.6108455808573818,39.19065595031886
34305,30.00560661999998,-28.54199230666669
34306,112.14994957500228,0.22940034150721647
34307,-4.759995549207924,51.23920319745567
34308,-102.39646990682353,17.355046874088014
34309,11.167526840961777,38.030324581095805
34310,-64.97875660000004,-15.817555999999993
34311,23.590759524270478,37.46608623801196
34312,12.041336774244517,41.202600617926095
34313,6.8007378014029065,53.79610413999236
34314,3.7949937623139465,52.44999596641209
34315,3.8383596680007015,52.69372167640384
34316,-123.52277376411185,44.79970086487972
34317,10.993636543302934,54.03170898558628
34318,2.4812108942512276,51.69993932397837
34319,9.607127920717737,55.27805639847552
34320,4.613201969635588,52.12007649738549
34321,4.895887670845407,53.25355912240403
34322,3.7233817716935005,37.810667825479385
34323,8.75499421540363,54.87601113888841
34324,-52.48864998250191,36.28628352674284
34325,3.3868809736889403,51.355371943049356
34326,1.822227384983889,51.15285428213766
34327,-74.55355034659756,39.10776216983325
34328,123.46777536712867,29.259173828415232
34329,0.7556093801668617,51.513535319411346
34330,10.130450646177467,57.378088702138065
34331,-1.251817082700038,50.42782015348552
34332,-2.0968090898234797,42.47086035694301
34333,18.083546722737356,40.44079882207271
34334,-1.630682720838303,50.29409577826027
34335,6.962565529395835,53.12640907231948
34336,8.33152759792594,42.54291281999436
34337,-1.9178090983167637,48.44789545338247
34338,-80.42892610522992,24.694143579053698
34339,143.75783381071426,-38.07648883214286
34340,20.011802137243883,57.64019248042794
34341,-2.3123135172419595,47.111879260338185
34342,-12.479657707127526,34.27026402266827
34343,0.8373988715070876,48.245663622336416
34344,-73.9705905711047,40.06560286568461
34345,10.86069091787485,53.94371974789423
34346,11.502671012612343,42.13918551515453
34347,-0.7355756415325387,49.20430473085525
34348,12.84455499807218,55.36797530895687
34349,2.7108107920684863,50.158877511392575
34350,9.878329696349775,55.78324016450382
34351,1.4162776309278715,45.5490159565662
34352,-122.38064289929504,47.06902693466645
34353,134.41655816437213,34.445446325367044
34354,2.205541040028424,51.63963247598222
34355,-121.10740940798546,40.686760340215166
34356,-6.416303201869718,44.09941191150931
34357,2.5021271642452794,51.060620079491734
34358,134.7292853166066,36.938543683792986
34359,-0.09758918192869342,50.622975764326036
34360,10.29664070208845,42.47350785133729
34361,1.619496371922468,50.573681497097525
34362,12.565962674493091,55.11409303508946
34363,4.111197178554902,51.36148232869327
34364,1.474047666824406,49.77281683540975
34365,5.004568014741842,52.973751620562936
34366,4.1178635381369455,52.763702848459204
34367,0.6994619333018111,51.92009657840585
34368,-12.483087288794195,34.2664252910016
34369,120.76688470000008,-1.2420588000000004
34370,4.1209708785549015,51.35575162869327
34371,0.9407150859126923,39.69843129552678
34372,-15.419156743590095,28.146561191638988
34373,124.06537570500683,25.667332446582073
34374,-102.40169069539496,17.35639573313563
34375,-1.4056546047529412,50.45557785221854
34376,-1.5915624660742678,48.52999802916938
34377,-1.244181908554782,48.54338740134883
34378,27.27325019999999,-28.30008340000002
34379,10.523046045621486,41.53144435396037
34380,116.3391027218984,-31.86566627413724
34381,3.730994977413388,52.57170474072875
34382,13.432641851532676,39.40705536363007
34383,10.993636543302934,54.03170898558628
34384,135.67081930618187,33.50422261796145
34385,114.71330268667238,-20.086623091505018
34386,12.042256589629133,41.205734294849165
34387,-121.107406379414,40.68676170450088
34388,134.72489951660663,36.934133683792986
34389,2.9423168263614694,42.09023916319997
34390,21.525956376177138,39.398695820483155
34391,20.802013181514422,58.18769259892975
34392,4.3330404008910515,51.40371409747472
34393,2.0250571976518743,51.32636500459041
34394,7.007188581344223,54.478126129384506
34395,20.186535909915868,37.77006285350639
34396,4.650596494239881,52.8650242967736
34397,103.77673483566923,8.026948945437367
34398,5.438022178506981,53.93814621695317
34399,26.411515529979987,37.340462128872964
34400,2.0503828485744813,51.39781567139751
34401,6.297834743209023,52.83694836200006
34402,8.064379644365783,53.898229958402226
34403,104.91251532079548,6.395642784970131
34404,173.7737019618101,-41.01541242130994
34405,116.0862191047222,6.041548583032197
34406,123.3607915666767,27.84425781516498
34407,121.21143288302825,19.760981305987833
34408,9.546798003061763,43.89702403183442
34409,5.2713031624068005,40.8687307709167
34410,0.748445140476858,39.24614596517052
34411,17.81146985305856,57.193861208818205
34412,1.9603103752524682,51.18555798712658
34413,14.155113590857008,57.75411977915624
34414,5.039260646167687,52.16835464729353
34415,9.817933736882678,42.081049512051976
34416,3.3868809736889403,51.355371943049356
34417,12.513356738817855,55.207677888855535
34418,-76.78077076111113,28.05062835166669
34419,2.135945852334668,48.36696396690476
34420,3.8755526506436455,51.93694505521584
34421,-2.119375359640449,37.21551827519409
34422,-4.505788044808084,47.73325769304724
34423,9.840634216365643,39.89253317173488
34424,2.7968175206607278,51.98881097198916
34425,-2.062418217096207,42.49634762285209
34426,-93.94410271666689,29.868654219923954
34427,13.781679507350919,39.29103808748599
34428,3.6327745964181877,52.19024076046085
34429,29.283772328840058,40.84544922758102
34430,-122.20517209143065,46.38099608964125
34431,-2.0833394965446312,39.82395917489013
34432,26.823445772524835,39.38950709269396
34433,137.0200123357178,34.88062452902236
34434,1.62916082559449,49.9978088705338
34435,16.64388139894439,54.21988435533567
34436,6.106481959539188,53.994581325715224
34437,3.792889662313947,52.44944446641209
34438,152.48881445737544,-29.79557836154182
34439,-79.49936576642459,9.271811304768086
34440,3.0059606510331105,51.23523731283289
34441,4.8446591489397495,53.511315159046056
34442,112.14492717500228,0.24828404150721656
34443,-73.9705905711047,40.06560286568461
34444,26.62503920758725,39.43285289564448
34445,30.477732069999988,-28.364093206666684
34446,11.269935423601979,57.203978289237455
34447,-122.11323988497753,36.35211766084052
34448,1.4707612593938877,51.58116534193562
34449,-3.374054917657739,49.40489565316824
34450,9.856144696349777,55.79010346450384
34451,20.009818272092364,57.646015055427945
34452,-4.512337547317037,51.10626367210408
34453,128.16686099088918,36.47295441269016
34454,2.2002887996438085,51.641282410597604
34455,1.7075136072546686,50.61017834732255
34456,11.18158345670252,38.03449297461432
34457,-0.09426678192869341,50.62435276432604
34458,1.7596817448895496,51.140405780250866
34459,10.130450646177467,57.378088702138065
34460,8.75393244162741,54.87933706056673
34461,10.86069091787485,53.94371974789423
34462,12.565962674493091,55.11409303508946
34463,18.617221016553938,56.98683438574389
34464,13.47074328938123,55.02503196598175
34465,0.8373982965070875,48.245663972336416
34466,143.74352081071424,-38.087349732142854
34467,-121.18800693040616,39.01664956328349
34468,105.25424831776719,11.742015510856715
34469,11.486503350661499,42.15782098812305
34470,-79.57735264030673,9.501172302662564
34471,6.807286018765543,53.79034101308759
34472,3.8383596680007015,52.69372167640384
34473,-123.52113082968545,44.7987063234666
34474,21.96920583222223,59.21665415666667
34475,2.7108107920684863,50.158877511392575
34476,1.4159053749856654,45.548298259846625
34477,10.29664070208845,42.47350785133729
34478,3.7170058716935004,37.82557107547939
34479,-0.6180909075240486,39.20031358365219
34480,-6.424803064568131,44.09501533976056
34481,2.4999671375786128,51.06161849449174
34482,-64.96478420000004,-15.815247199999998
34483,23.670198713804993,37.45523692154296
34484,9.640226320717737,55.34131579847553
34485,12.847235956789598,55.36646284714395
34486,-1.251817082700038,50.42782015348552
34487,-52.489167782501916,36.28831622674284
34488,22.569811384349318,59.056548918780805
34489,134.42053146437215,34.44703662536703
34490,-1.6688066999434565,50.288245686797666
34491,-74.57668389659756,39.10732766983325
34492,123.33418956712867,29.16784192841523
34493,0.7573546801668617,51.51613101941134
34494,-80.38087630522992,24.7396406790537
34495,4.613200773802256,52.12007676127438
34496,-80.67568133512988,25.472728035865803
34497,3.1694999415639544,50.84638681950666
34498,-2.3133034172419595,47.110982760338196
34499,18.059781010542228,40.45866367395741
34500,2.489389019251228,51.70437042397837
34501,6.962565529395835,53.12640907231948
34502,8.33139781792594,42.54354225999437
34503,-1.7699515273091,48.469603484908305
34504,-10.876493037486146,39.193247730572686
34505,-0.8163337034911603,39.62766178860416
34506,-122.38064289929504,47.06902693466645
34507,-0.7264200615325386,49.21229483085524
34508,138.6393847075881,35.21439913946087
34509,4.11117691459436,51.35575414407903
34510,-15.419155977382584,28.14656120094087
34511,27.273250799999985,-28.300081700000018
34512,-76.78212076111112,28.049598251666684
34513,106.77978113158386,20.83557689437005
34514,-0.8131502034911605,39.62685878860415
34515,2.795429420660728,51.989295871989164
34516,-1.997651297140449,37.432209441860756
34517,2.0499350319078147,51.39815172139751
34518,6.297834743209023,52.83694836200006
34519,-9.156445151205272,42.14709347391357
34520,124.31594118834019,25.795707376582072
34521,3.8755526506436455,51.93694505521584
34522,9.999121208768239,39.876118558535744
34523,3.864384107404583,52.6910604508786
34524,-93.94412652425511,29.86863143667637
34525,13.781679507350919,39.29103808748599
34526,29.283772328840058,40.84544922758102
34527,26.823445772524835,39.38950709269396
34528,-122.20517209143065,46.38099608964125
34529,137.0198483357178,34.88169522902236
34530,6.106481959539188,53.994581325715224
34531,152.5084740573754,-29.72081776154182
34532,16.412479836686327,54.19898135001309
34533,4.8446591489397495,53.511315159046056
34534,26.64002510403237,39.43701941614627
34535,1.4707612593938877,51.58116534193562
34536,128.16686099088918,36.47295441269016
34537,-3.0194264166332427,49.564923213763485
34538,21.966459332222225,59.21420075666668
34539,105.35582997967194,11.321428465856716
34540,3.1695006185188417,50.84638633507056
34541,116.33758739766516,-31.8642602285642
34542,10.523047662288155,41.5314453372937
34543,3.730994977413388,52.57170474072875
34544,-79.49936576642459,9.271811304768086
34545,13.432641851532676,39.40705536363007
34546,-47.56810210000001,-22.9887618
34547,10.995800053363219,54.03337886282329
34548,1.0168231229075877,50.99434010387823
34549,9.534820103047451,43.9039448122781
34550,134.7310763166066,36.93772308379299
34551,4.10306488312125,52.123252542328466
34552,120.7530698000001,-1.3064731000000007
34553,2.94359170136147,42.09283298819996
34554,21.532255676177133,39.39883077048315
34555,20.92846806366514,58.25700057509653
34556,4.3330404008910515,51.40371409747472
34557,0.9546005615890035,39.70217750368956
34558,7.00718818443571,54.47812738207687
34559,20.185676242800255,37.77074996421354
34560,4.650596494239881,52.8650242967736
34561,9.817933736882678,42.081049512051976
34562,103.77082176011369,8.027496426548478
34563,11.480180217724987,42.16713427840082
34564,26.412395457456622,37.34802854832847
34565,5.438064569127471,53.93798671233557
34566,8.065544444365782,53.900193025068894
34567,104.91002988685608,6.394954824364071
34568,3.6327743257164338,52.19024081625034
34569,115.95449319348133,-20.987006336525337
34570,5.1019400458155895,53.30743587815788
34571,-79.57735264030673,9.501172302662564
34572,173.77832998784183,-40.990267798690894
34573,9.85494494079422,55.788907639503826
34574,4.116262715669414,52.76310935127932
34575,123.38040885588305,27.861947712974505
34576,116.08549162390587,6.040827827794102
34577,11.269935423601979,57.203978289237455
34578,-0.6838304702271024,39.164099891092086
34579,-73.97062107110469,40.06489326568462
34580,-121.05278393893781,40.65993111950088
34581,5.269501694073468,40.87611399925003
34582,121.21109221302822,19.760528815987836
34583,0.725358300882702,39.23132650556554
34584,-2.163842366063349,39.802239044943605
34585,17.806147419725228,57.18950314715155
34586,3.0059606510331105,51.23523731283289
34587,0.7509602669040503,51.50883848412978
34588,-77.40793126250809,36.21627332605089
34589,1.981567226105073,51.19618337337269
34590,14.156225990857006,57.75220567915623
34591,-1.3881857120845618,50.438209469187626
34592,12.512828873817854,55.20719714385554
34593,5.039260727257431,52.16835464985764
34594,12.565962674493091,55.11409303508946
34595,18.617221016553938,56.98683438574389
34596,10.130450646177467,57.378088702138065
34597,-10.876493037486146,39.193247730572686
34598,20.004591672092364,57.64638275542793
34599,-123.52255382968544,44.79918332346661
34600,23.670198713804993,37.45523692154296
34601,3.6808877731036223,37.87717843409826
34602,-1.6567330067649828,48.45164338548236
34603,-1.3093524492454978,48.46503275766182
34604,3.781655573457091,52.4942065069808
34605,135.47083608088778,33.38240181639283
34606,9.665662380510389,55.32219258111582
34607,-121.21615226373946,39.13044384328349
34608,-52.39853174059716,36.4376132581714
34609,-122.38064301834265,47.06902705609502
34610,-74.57668369659756,39.10733116983326
34611,123.33418941712867,29.167842228415235
34612,-1.251817082700038,50.42782015348552
34613,-80.69674233512987,25.480871335865803
34614,2.10917015120177,48.40705366446468
34615,18.055447973042227,40.45777268645741
34616,-1.7215697181252743,50.32200929588856
34617,12.020659464916372,41.14422260916561
34618,-1.655774082732711,48.54103386375176
34619,-80.70833770522991,25.0822108790537
34620,8.753645790913122,54.87825751699529
34621,-2.8206445600222407,46.81138614555202
34622,3.3868809736889403,51.355371943049356
34623,12.86024603926534,55.36576571434733
34624,2.4963659942512275,51.70964574397837
34625,6.962565529395835,53.12640907231948
34626,0.838118684964088,48.24585055246261
34627,8.344953068988175,42.552280928752914
34628,143.72509071071423,-38.097502632142856
34629,-122.12885934926325,36.369637796554805
34630,1.8265277720377626,51.149253690879156
34631,-6.361611502491963,44.222971655158005
34632,14.770827035788644,55.61147357308603
34633,2.7108107920684863,50.158877511392575
34634,0.10877031511431733,50.66470298045507
34635,1.4172630285570937,45.551957206989485
34636,10.29664070208845,42.47350785133729
34637,1.5236676869041836,50.02003427525359
34638,-3.7203447163372743,50.77536199021184
34639,-65.00052900000004,-15.806837999999997
34640,2.0222529290244236,51.327472518969486
34641,11.29347356170252,38.022642634614314
34642,10.86069091787485,53.94371974789423
34643,112.13997007500228,0.2535340415072163
34644,-0.7255024281992051,49.213091230855255
34645,2.200288966310475,51.6412822153595
34646,1.721879321921335,50.615355135489224
34647,2.5073182713267896,51.08598545454262
34648,-2.0590007670962067,42.504489382852086
34649,4.5746027488022545,52.124917579845814
34650,-4.534868253141418,47.738041426380576
34651,30.64747456999999,-28.437821006666685
34652,22.568087684349315,59.05500307711414
34653,134.42756236437214,34.46389192536704
34654,6.809270104479829,53.789130655944746
34655,0.6994619333018111,51.92009657840585
34656,135.47044148088779,33.38146791639283
34657,-6.732722495831547,43.95752970700524
34658,-121.106858204414,40.68667855450088
34659,-15.419158601293397,28.146559768649617
34660,-2.446327857389843,38.913461847137135
34661,3.864384107404583,52.6910604508786
34662,29.283772328840058,40.84544922758102
34663,4.851765418983733,53.5211538866724
34664,-7.510704461567322,33.89404504053446
34665,26.61636140490539,39.43504104324945
34666,2.7574803719916194,52.01318858683654
34667,2.941499474896268,42.08950487510473
34668,4.650596494239881,52.8650242967736
34669,31.514266949999982,-28.376050100000015
34670,124.30259534167351,25.70737710991541
34671,-47.58773390000001,-22.822858999999998
34672,-75.64149934247476,27.11696053984849
34673,0.7486308669040502,51.505375384129785
34674,27.26790129999999,-28.30682690000002
34675,2.212370246721731,51.64492093651752
34676,138.62776687425477,35.1973547227942
34677,-93.9440501134024,29.868469572050714
34678,-2.24923063106335,39.83685128369358
34679,13.781679507350919,39.29103808748599
34680,-122.20517199143065,46.38099658964124
34681,6.103480039539189,53.99392022571523
34682,152.49961695737542,-29.73330946154182
34683,137.02500213571776,34.87858282902236
34684,16.638293401344512,54.21618417673804
34685,-10.880352015157275,39.18966111719173
34686,1.4707612593938877,51.58116534193562
34687,128.29961659088917,36.45198851269016
34688,-2.974555839622028,49.56032766789155
34689,22.4863496705037,59.036892518330816
34690,21.970780943333335,59.221411740000015
34691,107.0776035553366,9.768544048821544
34692,3.1423124862068117,50.82268779986381
34693,3.0059606510331105,51.23523731283289
34694,116.34093642592515,-31.86819861790485
34695,3.8322000755239634,52.642586666715594
34696,10.523046845621485,41.53144365396038
34697,13.432641838787577,39.407055000884974
34698,-1.6873506832767895,50.28938353679766
34699,134.72485641660657,36.93725348379299
34700,11.269935423601979,57.203978289237455
34701,4.191621999787916,52.148849938161796
34702,21.533451880722588,39.402008755331636
34703,-79.57735264030673,9.501172302662564
34704,4.33304058920274,51.40371386154398
34705,19.57195028251251,57.61051090122364
34706,7.007190634665914,54.47812566579017
34707,106.77978080317118,20.835576822465292
34708,20.18815229305312,37.769543961937764
34709,103.7871295629668,8.0323961393845
34710,5.435977335102052,53.9404789415397
34711,11.459888267836101,42.18225879432939
34712,0.9407150859126923,39.698431395526775
34713,26.412395457456622,37.34802854832847
34714,8.074634531865783,53.899101188759374
34715,2.2208332085812224,51.48403716533076
34716,104.87127183412878,6.515840151636797
34717,6.297834743209023,52.83694836200006
34718,173.77394512559212,-41.01508389887405
34719,123.1961552833434,27.767811965164984
34720,4.110947756099859,52.764845048615925
34721,116.08622927513474,6.041549448877052
34722,-0.66313503149847,39.203055700290804
34723,-2.0435506405052983,42.522079462549065
34724,121.21201638302823,19.76095310598782
34725,5.496936370740135,40.87249741258336
34726,0.7543355263163489,39.25485664053643
34727,17.846021353058553,57.20654610881818
34728,-1.3859643120845617,50.43771476918762
34729,2.066055022357757,51.36347043008062
34730,1.9767117183989797,51.19307017301428
34731,14.153713290857008,57.750376179156234
34732,-80.7825670351299,25.4825251358658
34733,5.039261444501021,52.16835463229354
34734,9.817933736882678,42.081049512051976
34735,12.444699661595635,55.18048744274442
34736,20.011802037243882,57.64019198042794
34737,-79.49936576642459,9.271811304768086
34738,9.699039363684992,55.39158238802059
34739,12.042345521387373,41.20765160506894
34740,-122.38064289929504,47.06902693466645
34741,15.506356178502822,55.9361616389858
34742,-122.15899304926324,36.38876604655481
34743,11.32029898392474,38.04280102905876
34744,116.95066569813248,-21.193470217629987
34745,2.285647179866488,48.5449218527075
34746,0.09417724541226474,50.654323062143796
34747,3.6327743283268354,52.19024023469814
34748,3.8755526506436455,51.93694505521584
34749,-2.870244196156696,46.78738913966967
34750,1.0168231229075877,50.99434010387823
34751,3.725585511931462,37.84192134343892
34752,18.617221016553938,56.98683438574389
34753,-123.53776897135211,44.79390639638328
34754,23.669864667498373,37.45339996196108
34755,-1.9787686888071156,37.43653720852742
34756,10.156312588628186,39.827909760160395
34757,-80.54105299094417,24.716891407625134
34758,-1.251817082700038,50.42782015348552
34759,9.534820103047451,43.9039448122781
34760,-4.575038307903323,47.717777490593036
34761,11.825449557556526,54.69350373932875
34762,-74.55355034659756,39.10776216983325
34763,115.2582797518253,-30.95440404285712
34764,10.130450646177467,57.378088702138065
34765,-52.47371451583525,36.29402103340951
34766,3.3868809736889403,51.355371943049356
34767,12.848395688949568,55.35594008844295
34768,123.46773260879534,29.2595540700819
34769,8.467159660922906,42.48434040665539
34770,143.75781291071425,-38.07612513214286
34771,-0.6889616615325387,49.199665230855246
34772,18.008947768875558,40.426665107290745
34773,1.8949597800374016,51.173390369703114
34774,6.962565346549832,53.12640930643254
34775,0.8385646737798149,48.24706208142732
34776,-73.97284500193803,40.05842812901794
34777,-65.04456560000003,-15.818848099999995
34778,-1.609715457006215,48.42394560928901
34779,112.14649227500227,0.23061924150721655
34780,-3.131014001218227,50.876779414973754
34781,120.71774730000008,-1.3367977000000004
34782,8.76345404485485,54.87125955955914
34783,10.86069091787485,53.94371974789423
34784,9.801387796349776,55.79603466450383
34785,1.4162773634208687,45.54901699214043
34786,10.29664070208845,42.47350785133729
34787,1.4087756377411622,50.027972627192376
34788,3.7837596734570904,52.4947580069808
34789,2.7108107920684863,50.158877511392575
34790,4.574603386302255,52.12491742071883
34791,12.529638291431546,55.08228964904608
34792,4.118091744594361,51.360103134079026
34793,6.776240146157527,53.74047860220059
34794,1.7213842669213348,50.622154830489215
34795,2.319192732117253,51.86130193416021
34796,2.5005525641045674,51.080998482875955
34797,-121.17945967088235,38.972992277569205
34798,26.82569362546601,39.3897801145427
34799,134.46326226564503,34.4729041325253
34800,-1.656657847839464,48.45163340098909
34801,-1.309277290319979,48.46502277316855
34802,-47.31463555428573,-25.85915740738094
34803,27.268237719999984,-28.304180606666687
34804,-47.58750290000002,-22.8235344
34805,-3.6492621145460005,42.266050020009004
34806,2.7269916920974397,51.99470314741855
34807,1.9715789183989798,51.19318537301427
34808,138.5903361360405,35.18602235660373
34809,13.432642205454245,39.407055200884976
34810,29.283772328840058,40.84544922758102
34811,4.118091744594361,51.360103134079026
34812,-122.16693306926325,36.40156686655481
34813,152.49925975737543,-29.73194136154182
34814,-2.205803707711956,40.03170125722299
34815,-77.40793126250809,36.21627332605089
34816,-0.5672908564984699,39.2473809752908
34817,-10.877865640871562,39.18804310290602
34818,2.2580455298664877,48.5297820527075
34819,3.8755526506436455,51.93694505521584
34820,10.272165612917565,39.83561479591137
34821,-4.575038207903323,47.71777769059304
34822,13.781679507350919,39.29103808748599
34823,-93.94442883414072,29.868800555078213
34824,-122.20517209143065,46.38099608964125
34825,9.700208063684991,55.39200008802059
34826,16.63829410134451,54.216184076738045
34827,6.107530159539189,53.99518572571523
34828,135.6299978340808,33.47387830915408
34829,26.626083644905393,39.43497500324945
34830,4.851765418983733,53.5211538866724
34831,2.0768660623577566,51.366614930080615
34832,143.75824851071422,-38.07852053214285
34833,1.9777781584925267,51.17935034736446
34834,1.4737038433494591,51.58721424452815
34835,-2.96179250714813,49.53183602947164
34836,128.2996171742225,36.451986754356824
34837,107.15959262233004,9.453160561893442
34838,21.967938332222225,59.21878690666668
34839,3.1834217862068117,50.8577282998638
34840,-102.31362110655078,17.326422611561743
34841,3.0059606510331105,51.23523731283289
34842,10.523046045621486,41.53144435396037
34843,116.34005893113226,-31.8659089770764
34844,3.8055398121906303,52.59448846262214
34845,118.59464154998433,-23.541153602815175
34846,-1.6873506832767895,50.28938353679766
34847,-79.57735264030673,9.501172302662564
34848,-1.7909389710293377,37.58087865408297
34849,134.7263686166066,36.934990383792986
34850,31.685635524999984,-28.450982350000015
34851,4.18577148312125,52.1509538381618
34852,2.9414928263614697,42.09157316319997
34853,21.530355030722593,39.39652300533164
34854,9.817933736882678,42.081049512051976
34855,4.33304058920274,51.40371386154398
34856,18.798682250636176,57.23531468614584
34857,6.973000756935445,54.501208681497474
34858,-121.10711604191401,40.68644970450088
34859,20.192231959915866,37.76830995350639
34860,0.9407150859126923,39.69843129552678
34861,4.650596494239881,52.8650242967736
34862,-75.27211536836576,26.88040603502668
34863,11.452387087327063,42.190143580706305
34864,103.77643802212086,8.027614542856721
34865,5.43802277850698,53.938146291953174
34866,26.412395457456622,37.34802854832847
34867,8.066825294365783,53.89854933340224
34868,2.488419345243398,51.672454753018016
34869,6.297834743209023,52.83694836200006
34870,105.2946115141288,6.803447791636798
34871,173.75458916559217,-41.037634878874044
34872,123.36904382143861,27.8622570294507
34873,116.08621631561094,6.041545329591337
34874,4.117965852956848,52.76370272810817
34875,121.21143208302827,19.76098160598783
34876,124.24231586334017,25.774038021582072
34877,-0.8306539071275242,39.62819919860416
34878,0.6994619333018111,51.92009657840585
34879,-2.0306178646811226,42.546362489014264
34880,5.3099080434674075,40.87920615803791
34881,-1.6179003370550955,48.28106620242822
34882,-15.419157781916148,28.146561273985927
34883,0.7543362596496821,39.25485697386977
34884,17.82117285305856,57.19875680881821
34885,-2.920875500862578,46.76007753731674
34886,-79.49936576642459,9.271811304768086
34887,11.269935423601979,57.203978289237455
34888,4.5746025196355875,52.1249174873855
34889,-80.48452899094416,24.760179207625132
34890,-5.502570920694479,38.62036304899149
34891,-1.3260182881931595,50.56916618457224
34892,0.8385645737798149,48.24706218142732
34893,-1.6566581168077181,48.45163345535417
34894,-1.3092775592882326,48.46502282753362
34895,14.15435429085701,57.75317667915624
34896,9.534820103047451,43.9039448122781
34897,-1.5672779147175553,50.33022949222692
34898,115.25957105182533,-30.954354942857123
34899,-80.65782003512987,25.468233335865808
34900,-74.57668374659757,39.107327769833255
34901,120.7379820000001,-1.3247841000000002
34902,12.438908061595635,55.17766264274442
34903,0.7776652669040499,51.54443258412977
34904,8.775877906521519,54.86670769955915
34905,11.352002305562168,37.976515272333614
34906,5.039261352834354,52.16835480729353
34907,10.86069091787485,53.94371974789423
34908,-122.38064289929504,47.06902693466645
34909,112.14849967500227,0.23589144150721642
34910,2.212370246721731,51.64492093651752
34911,8.54682193061589,42.436851455208036
34912,-121.20077337088235,38.9861373775692
34913,0.10525390637072757,50.651266755429425
34914,12.532349244996762,55.08703153635043
34915,-0.6889616615325387,49.199665230855246
34916,-123.51539378185208,44.79911983888327
34917,20.013157572092364,57.64221635542795
34918,1.0224004006853655,50.994913229804155
34919,3.718580911931462,37.85553599343892
34920,1.7126030798514358,50.610962132766346
34921,3.6327749422157236,52.190240468725925
34922,17.272543129130902,56.767610339523515
34923,9.769246396349775,55.795183164503825
34924,1.4162771749856657,45.54901465984663
34925,10.29664070208845,42.47350785133729
34926,3.781655573457091,52.4942065069808
34927,2.5293156426711967,51.10222244359264
34928,-65.03622840000003,-15.816921099999995
34929,2.7108107920684863,50.158877511392575
34930,137.0541208968899,34.87985059257548
34931,1.2702621500266182,49.93798128884201
34932,12.849623421738592,55.357461917734
34933,23.669864667498373,37.45339996196108
34934,-52.474517202501914,36.292762186742834
34935,22.519192390279823,59.03478235004722
34936,134.44256974564505,34.463822439191965
34937,2.449916447092842,51.66661867716159
34938,123.33412810879534,29.168116870081896
34939,12.044425536771989,41.21502778199202
34940,-1.251817082700038,50.42782015348552
34941,3.3868809736889403,51.355371943049356
34942,18.05964291054223,40.45907117395741
34943,6.73730776280588,53.777232790533915
34944,6.962565346549832,53.12640930643254
34945,9.603829423640619,41.60461971844753
34946,-73.973613116297,40.052760554146154
34947,10.130450646177467,57.378088702138065
34948,106.77978055745689,20.835577266751002
34949,26.82569362546601,39.3897801145427
34950,11.809079542278141,54.68047640292383
34951,18.617221016553938,56.98683438574389
34952,-3.100257351218226,50.855237264973745
34953,1.9677966017323132,51.191968406347605
34954,-47.55710140000001,-22.8656158
34955,-5.5025707873611465,38.62036319565815
34956,106.77978098363772,20.83557716363412
34957,5.1019400458155895,53.30743587815788
34958,0.6994619333018111,51.92009657840585
34959,135.601920950526,33.47418438299129
34960,-1.2224391525898244,50.43495497357987
34961,118.59555974998433,-23.541831302815172
34962,-1.510211052520759,50.3410281208997
34963,134.7302165166066,36.936377983792994
34964,-1.7910170876960043,37.58002930408297
34965,-15.419156919054181,28.146561676477273
34966,32.981358849999985,-28.40267347500001
34967,0.8385636287798148,48.24706185476065
34968,29.283772328840058,40.84544922758102
34969,152.5011409573754,-29.730227461541816
34970,4.33304058920274,51.40371386154398
34971,-2.538283632650346,38.88986178065081
34972,9.817933736882678,42.081049512051976
34973,0.755523236619379,39.25438277144553
34974,5.448214346375413,40.95209959617148
34975,124.24354546334018,25.770030301582068
34976,17.81518521972523,57.19275552215154
34977,-1.3260182881931595,50.56916618457224
34978,14.156855290857006,57.75404657915624
34979,12.434269761595633,55.17389524274442
34980,5.039261433924098,52.16835480985764
34981,2.1995105298664877,48.519186052707504
34982,3.8755526506436455,51.93694505521584
34983,-4.579558007903324,47.716552940593026
34984,138.59157853604046,35.18760265660373
34985,10.284564094735748,39.83430897772955
34986,3.8792073164972702,52.69260351787616
34987,-79.49936576642459,9.271811304768086
34988,-93.80467253837799,29.899233649172693
34989,13.781679507350919,39.29103808748599
34990,-74.57668369659756,39.10733116983326
34991,-122.20517209143065,46.38099608964125
34992,-76.82044132000188,35.147362269343745
34993,6.106481959539188,53.994581325715224
34994,16.41251243349901,54.19899076883435
34995,-0.8274704071275244,39.62739619860415
34996,4.851765418983733,53.5211538866724
34997,26.628837886572054,39.435629307416114
34998,-74.72440857947689,26.336430090582233
34999,2.029736941769882,51.204534085763704
35000,1.5199532984357367,51.62032182078975
35001,128.30530770304603,36.46270210582741
35002,-2.9568405071481294,49.53384469613831
35003,21.966459332222225,59.21420075666668
35004,107.16080612233004,9.449952561893442
35005,3.1834216121147785,50.857727118531585
35006,3.0059606510331105,51.23523731283289
35007,116.33806322041801,-31.864383481838317
35008,10.523047762288154,41.5314451372937
35009,-65.14675380000004,-15.829664099999997
35010,3.8055398121906303,52.59448846262214
35011,13.432642005454245,39.40705550088498
35012,-2.2864843943786233,40.01052815055633
35013,-78.91546036862432,28.457106888127395
35014,-80.66852003512987,25.47572033586581
35015,-121.05249820143784,40.659778619500884
35016,-1.6873506832767895,50.28938353679766
35017,4.183169183121249,52.15051433816179
35018,4.127861527927695,51.35437301741236
35019,22.427847380279818,58.99881273629723
35020,2.9419792263614695,42.09144946319996
35021,10.86069091787485,53.94371974789423
35022,21.532813430722594,39.39665200533163
35023,17.57641471131194,56.68204865755596
35024,-122.18973639842994,36.42881723322147
35025,137.04662530714634,34.880876319498554
35026,10.063315357917679,41.893698319452994
35027,2.098275862357757,51.38377643008061
35028,20.19137229280026,37.76899706421355
35029,5.4380646285069805,53.93798675695318
35030,6.973000141494214,54.50120922036824
35031,4.650596494239881,52.8650242967736
35032,103.77092616656529,8.032844203967834
35033,-7.652462801567323,33.81997484720112
35034,11.457196218041346,42.1866398439206
35035,9.720400863684992,55.452118488020595
35036,9.534820103047451,43.9039448122781
35037,-79.57735264030673,9.501172302662564
35038,26.412395457456622,37.34802854832847
35039,2.57530549709525,51.716383004869876
35040,1.034547440674597,39.69492568219344
35041,8.065544444365782,53.900193025068894
35042,105.29461008685607,6.803449064364071
35043,6.297834743209023,52.83694836200006
35044,173.75464147069894,-41.0365882929766
35045,120.72272930000013,-1.3970589000000009
35046,4.1162666737069316,52.763110442635764
35047,0.11027295637072754,50.65201270542943
35048,-79.44847829230447,27.46117370760513
35049,-77.40793126250809,36.21627332605089
35050,23.669864667498373,37.45339996196108
35051,12.54598201166343,55.09244806968376
35052,3.8192828619314616,37.78352509343892
35053,-123.5276821693521,44.885378359602456
35054,-3.5786466151945797,43.76215702773706
35055,116.08622051561095,6.041558929591337
35056,123.35576282731162,27.862674827260218
35057,-122.38064298757342,47.06902695096681
35058,11.269935423601979,57.203978289237455
35059,18.617221016553938,56.98683438574389
35060,18.170316755352694,57.17275246478179
35061,-1.594158200943984,48.322777488539344
35062,9.75996824079422,55.79137073950382
35063,-0.3072577891907776,39.29866979067542
35064,2.449916622092842,51.6666187771616
35065,-80.81108259094417,25.102817807625136
35066,20.007418472092365,57.648322155427934
35067,10.29664070208845,42.47350785133729
35068,11.807419075331316,54.67452490908899
35069,1.0789175487230256,49.859032712598626
35070,115.2584314518253,-30.95398344285713
35071,2.7108107920684863,50.158877511392575
35072,3.3868809736889403,51.355371943049356
35073,134.27374340026606,34.351113986142195
35074,12.852129667055026,55.35935837526241
35075,-3.0968078328274213,50.845749383824334
35076,2.7263708026418634,51.23291071467381
35077,123.33414665879535,29.1682224700819
35078,12.026545405487802,41.18729697373704
35079,-52.47223024059715,36.29513895817141
35080,2.212370246721731,51.64492093651752
35081,-47.33044276261906,-25.91073626571428
35082,6.698831575547191,53.81570220636403
35083,2.0753958430070347,52.65991716625531
35084,10.130450646177467,57.378088702138065
35085,11.353251913895503,37.97869742233361
35086,-2.026419150395408,42.55260060329998
35087,121.21109341302821,19.760527015987826
35088,112.14397807500228,0.2499829415072161
35089,18.05535969054223,40.45777723395741
35090,1.767045048667861,50.659186561582764
35091,6.962565346549832,53.12640930643254
35092,-102.31466530655078,17.326658511561742
35093,-73.973643616297,40.052050954146154
35094,0.7972495669040499,51.57083398412978
35095,8.569013568874478,42.45069659943633
35096,-10.606608957146072,39.08596538808809
35097,26.82319117252483,39.38026389269396
35098,3.781655573457091,52.4942065069808
35099,-121.22781190421566,39.0963536775692
35100,8.774436917745295,54.869872406237455
35101,4.574602948802254,52.12491787984582
35102,1.416212428557094,45.549807806989485
35103,1.0224004006853655,50.994913229804155
35104,-0.6931045281992054,49.202329030855246
35105,3.6327744978776058,52.190240602697216
35106,-1.6566573751410514,48.4516323136875
35107,-1.309276817621566,48.46502168586695
35108,-7.6585497015673205,33.94802918053446
35109,32.75725832142856,-28.489781742857147
35110,-1.594158200943984,48.322777488539344
35111,1.474047666824406,49.77281683540975
35112,3.8792073164972702,52.69260351787616
35113,-47.34873988761907,-25.888109432380947
35114,13.422543736141074,39.376727288540586
35115,-65.15194800000003,-15.835596199999996
35116,121.20783367902823,19.759019829321154
35117,143.7561160107142,-38.08202023214286
35118,-122.18327352723945,36.408036388221475
35119,-0.3283251141907777,39.29990711567542
35120,124.22611055940081,25.678909123097224
35121,138.5866402607363,35.17545801671834
35122,152.49603985737542,-29.73630566154182
35123,4.851765418983733,53.5211538866724
35124,-1.6565574728394643,48.45157556765575
35125,-1.3091769153199788,48.464964939835205
35126,2.0999904223577563,51.39488733008061
35127,-78.91518481862433,28.4573986881274
35128,134.71814061660658,36.86621298379299
35129,8.77292160985485,54.86375720955913
35130,6.297834928057508,52.836948389272784
35131,173.7544282655921,-41.03774607887405
35132,4.11087671635627,52.76486273536806
35133,116.0865523045151,6.041952431302266
35134,123.16856496607066,27.761999646680138
35135,-12.459561549772042,34.27131741802999
35136,-15.4191598860665,28.146561619375834
35137,0.7158114848661324,39.25106165674856
35138,17.967324653058554,57.25780850881819
35139,-1.3260182881931595,50.56916618457224
35140,14.1620508622169,57.732638874669064
35141,5.039261444501021,52.16835463229354
35142,12.380950016696705,55.1534604839417
35143,5.670740246375413,40.95366732617147
35144,18.617221016553938,56.98683438574389
35145,2.111324404145334,48.506640124261985
35146,-79.49936576642459,9.271811304768086
35147,3.8755526506436455,51.93694505521584
35148,-74.73053102947686,26.34963359058224
35149,0.8385646737798149,48.24706208142732
35150,-4.5862194079033225,47.71475472392637
35151,10.319542326614304,39.810864981809246
35152,135.13558198381358,33.26814633209251
35153,13.781679507350919,39.29103808748599
35154,15.33085746022412,37.80332693565675
35155,-80.7905533351299,25.503747335865807
35156,-93.9444974876449,29.868782366356825
35157,29.283772328840058,40.84544922758102
35158,-122.20517199143065,46.38099658964124
35159,6.084167770126607,53.98225170269646
35160,-76.82019904500189,35.14862821934375
35161,16.63829360134451,54.21618437673805
35162,26.626287404905394,39.43538668324945
35163,1.0302575532341733,51.841834643828435
35164,2.0317746904710923,51.205976764711224
35165,10.071023557917677,41.90285633611967
35166,1.5199532984357367,51.62032182078975
35167,128.3053071197127,36.462703864160744
35168,10.86069091787485,53.94371974789423
35169,107.12418178066336,9.56706221189344
35170,-2.834668938587073,49.57176989984253
35171,3.142431411095781,50.82261674571445
35172,3.0059606510331105,51.23523731283289
35173,-79.57735264030673,9.501172302662564
35174,27.26700401999999,-28.302820306666685
35175,10.523046551335772,41.53144387681752
35176,116.34141530314523,-31.86832289964134
35177,0.6994619333018111,51.92009657840585
35178,5.092659874387017,53.30874210672931
35179,3.991453465925839,52.67125883302428
35180,-1.6129043350216687,50.30922594451734
35181,9.534820103047451,43.9039448122781
35182,4.191621999787916,52.148849938161796
35183,-123.54745475685209,44.880671797102465
35184,4.118091744594361,51.360103134079026
35185,22.38091358027982,58.993311777963896
35186,21.532899951310824,39.402549329449286
35187,54.7116703006244,25.110955275494693
35188,2.9411661748962685,42.08936327510473
35189,-2.6042914374122508,38.797603713984145
35190,4.33304058920274,51.40371386154398
35191,17.675072225426597,56.703065376369416
35192,3.0308698278091533,51.41092458670007
35193,0.7939404069069934,39.68277863334854
35194,-121.105815766914,40.68496290450088
35195,2.5927074717561647,51.79831953776068
35196,20.18815229305312,37.769543961937764
35197,4.650596494239881,52.8650242967736
35198,-122.38064289929504,47.06902693466645
35199,6.972999796414392,54.501208692254664
35200,4.574643086302254,52.12502532071883
35201,9.817933736882678,42.081049512051976
35202,11.43630313732706,42.20840473070631
35203,103.78994445198197,8.034782635217834
35204,5.435977555587947,53.94047953840491
35205,21.95812774333333,59.21823244000001
35206,3.3868809736889403,51.355371943049356
35207,-74.55355034659756,39.10776216983325
35208,-5.502570920694479,38.62036304899149
35209,115.26097250182531,-30.952794842857124
35210,20.011802337243882,57.64019238042794
35211,26.40838072611406,37.36471352222045
35212,6.962565346549832,53.12640930643254
35213,120.71851100000008,-1.3630157000000005
35214,-10.48650382471817,39.17940092105925
35215,106.77978039281561,20.835575433631533
35216,123.46773255879535,29.259553270081902
35217,0.2194287460822666,50.67993436912725
35218,112.14819917500228,0.22727384150721652
35219,12.525875516297326,55.079020180122576
35220,134.27316527169464,34.346341786142204
35221,2.2113355733883977,51.64809352485085
35222,-2.891781538499279,50.84275882598857
35223,-2.2833901277119564,40.011033917222996
35224,10.130450646177467,57.378088702138065
35225,-79.50066701705195,27.539738616022632
35226,9.699039363684992,55.39158238802059
35227,11.370334543640599,37.978351742255185
35228,8.049602450199117,53.892534515902234
35229,105.2337616141288,6.952773391636797
35230,1.6604467509853296,50.59119581170547
35231,2.0753958430070347,52.65991716625531
35232,-52.46130612535905,36.29884430483808
35233,-0.6358354441802418,49.19043623497978
35234,6.4673649955149894,53.94334054945258
35235,-102.28228177936555,17.30965027506853
35236,2.7313205786289734,51.78390593580843
35237,11.859485923011917,41.30493287833085
35238,-2.0215794117167296,42.554570650672346
35239,137.11047176593456,34.87550021989813
35240,3.7837596734570904,52.4947580069808
35241,-3.589592714041399,43.7586808606796
35242,23.669864667498373,37.45339996196108
35243,8.640225802920856,42.4833194089606
35244,-121.17632177088235,38.984987277569196
35245,26.825439025466007,39.3805369145427
35246,1.0354484296971807,51.0029219479513
35247,3.8643869854440647,37.747233545791865
35248,18.00663163220889,40.42469606729074
35249,3.6327743283268354,52.19024023469814
35250,18.471951860051355,57.30854573535712
35251,-73.973613116297,40.052760554146154
35252,2.622079192068486,50.075969211392575
35253,9.735585446349777,55.8202805311705
35254,-0.8598042404608576,39.56559444860416
35255,1.5056017309278722,45.632041356566205
35256,11.283660588377618,57.24401035808361
35257,12.512364095693545,55.07493738653679
35258,12.97598485796501,55.26720961097292
35259,-77.40793126250809,36.21627332605089
35260,-80.54305239094417,24.717220607625137
35261,-1.2224391525898244,50.43495497357987
35262,10.29664070208845,42.47350785133729
35263,0.5440835706149786,49.21126745894646
35264,7.075020371118532,55.211472583960756
35265,-80.7905533351299,25.503747335865807
35266,1.0309049532341734,51.84255904382843
35267,138.58641542740298,35.175833000051675
35268,-1.3260182881931595,50.56916618457224
35269,-8.161075642341345,44.19319709784321
35270,1.474047666824406,49.77281683540975
35271,134.7134028166066,36.863061683792985
35272,22.43839529694649,59.01078536129723
35273,15.32535141022412,37.804486860656745
35274,-2.6952788958322884,38.73513168783848
35275,124.23667322606748,25.78349110976389
35276,1.9333818109344463,51.18361705253581
35277,-0.2386141141907776,39.350176615675416
35278,-76.82019904500189,35.14862821934375
35279,54.71167023562442,25.11095534216136
35280,27.272512519999992,-28.302328406666685
35281,121.20727681236158,19.75909792932116
35282,143.75803401071423,-38.07569663214285
35283,9.817933736882678,42.081049512051976
35284,3.8792073164972702,52.69260351787616
35285,29.283772328840058,40.84544922758102
35286,-74.4917345757732,26.339468138730386
35287,152.49568265737543,-29.73493756154182
35288,26.626083644905393,39.43497500324945
35289,128.30530770304603,36.46270210582741
35290,3.991453465925839,52.67125883302428
35291,-1.7602055816478843,50.2678219263215
35292,-78.91446556862432,28.456060288127397
35293,21.529803101310826,39.39706357944929
35294,4.18577148312125,52.1509538381618
35295,2.9414928263614697,42.09157316319997
35296,4.33304058920274,51.40371386154398
35297,17.672194475426597,56.70213087636941
35298,0.7939404069069934,39.68277853334853
35299,8.798658138921617,54.85159567207163
35300,6.973000110683922,54.50120868796197
35301,20.192231959915866,37.76830995350639
35302,4.650596494239881,52.8650242967736
35303,103.78093212212087,8.030118642856722
35304,11.436468637327062,42.20833663070632
35305,5.438022761265602,53.938146691091106
35306,26.40838072611406,37.36471352222045
35307,8.046644750199116,53.892155832568896
35308,2.8289224369623067,51.822986627475096
35309,-122.38064289929504,47.06902693466645
35310,106.65835245874017,8.716429799327
35311,6.297834928057508,52.836948389272784
35312,18.617221016553938,56.98683438574389
35313,173.75459548916598,-41.0376265315917
35314,4.117895352956848,52.76372036560817
35315,116.08654192118178,6.041951309635599
35316,123.35374870416588,27.857270110965846
35317,3.3868809736889403,51.355371943049356
35318,-15.419158858918918,28.146561402662964
35319,0.705640145472193,39.24101286280916
35320,2.1455939623577565,51.42453149674727
35321,18.29577584067761,57.39511763596106
35322,10.066879557917677,41.900745569453
35323,-79.49936576642459,9.271811304768086
35324,5.092659874387017,53.30874210672931
35325,14.184626997921326,57.72715557573285
35326,5.039261352834354,52.16835480729353
35327,12.375158416696705,55.1506356839417
35328,2.047272875573905,48.475229445690566
35329,-4.586219307903323,47.714754923926364
35330,3.8755526506436455,51.93694505521584
35331,10.330868711336528,39.82521128319814
35332,-93.94449521028945,29.86877747176569
35333,16.63829410134451,54.216184076738045
35334,13.781679507350919,39.29103808748599
35335,-122.20517209143065,46.38099608964125
35336,6.087169690126606,53.982912802696454
35337,11.283660588377618,57.24401035808361
35338,0.6994619333018111,51.92009657840585
35339,4.826845975513948,53.503416433456024
35340,-2.0313961117167296,42.54310540900568
35341,5.445820246375413,40.95030282617148
35342,2.0317746904710923,51.205976764711224
35343,1.45049972425008,51.57966306878493
35344,12.528586469862544,55.083762067426925
35345,-2.756044616041141,49.59809882545933
35346,10.86069091787485,53.94371974789423
35347,-79.57735264030673,9.501172302662564
35348,-12.479145831438707,34.255758386363325
35349,-121.10607274191402,40.68473560450088
35350,3.1837575868100667,50.857315661428736
35351,107.15722229884518,9.464376448257077
35352,3.0070496091400383,51.23494939397694
35353,9.702364746349776,55.83556703117049
35354,116.33849825989131,-31.864382340117537
35355,-79.50156521705195,27.53700401602264
35356,-10.739235983765791,39.13600073177353
35357,-122.18955965223942,36.41878791322148
35358,-77.40793126250809,36.21627332605089
35359,11.376500776973932,37.984369908921856
35360,10.523046151335773,41.53144457681751
35361,9.534820103047451,43.9039448122781
35362,12.978789477848052,55.263765843295715
35363,3.781655573457091,52.4942065069808
35364,-3.589592714041399,43.7586808606796
35365,23.669864667498373,37.45339996196108
35366,106.77978058376799,20.835575637441057
35367,1.0354484296971807,51.0029219479513
35368,3.855572860444065,37.7608974916252
35369,6.4271032454966734,54.074013167785914
35370,-123.5165089668521,44.96484220460245
35371,4.574642552968921,52.125025509607724
35372,20.01297014725576,57.64362132797696
35373,13.422543902807742,39.376727788540585
35374,21.95500073222222,59.215650156666676
35375,-1.2224391525898244,50.43495497357987
35376,3.63277476857936,52.190240546907745
35377,6.962565346549832,53.12640930643254
35378,18.524837808353887,57.32714151228781
35379,-5.502570920694479,38.62036304899149
35380,-0.6273215204608578,39.45798882860415
35381,2.6927578584072496,51.72615726273678
35382,-74.57668389659756,39.10732766983325
35383,115.26093145182533,-30.95310234285712
35384,-80.48652839094416,24.760508407625135
35385,10.29664070208845,42.47350785133729
35386,-8.230992901567323,33.37725464720112
35387,3.0483705611424865,51.42521646170007
35388,-2.285502327711956,39.999895667223
35389,2.622079192068486,50.075969211392575
35390,12.426999127723363,54.99932816577819
35391,4.127894615076288,51.35438838407902
35392,-0.6173769071365348,47.670093575048575
35393,123.33414675879534,29.168221370081895
35394,120.7196466000001,-1.4097480000000011
35395,9.662958163684992,55.40174212135393
35396,9.610369173640619,41.605248018447526
35397,-52.46221441202572,36.29843375817141
35398,137.13777088479617,34.88623595180636
35399,-102.28383566793697,17.307942334116152
35400,2.0753958430070347,52.65991716625531
35401,10.130450646177467,57.378088702138065
35402,11.859817138396533,41.306152755253926
35403,0.4509086728946896,50.77945333253897
35404,112.1478574750023,0.2405269415072161
35405,133.97402468338677,34.01330644877426
35406,2.2113355733883977,51.64809352485085
35407,1.6609418059853298,50.58439611670548
35408,8.644744369587524,42.484766228960595
35409,-0.6326141517003707,49.188869454118255
35410,18.059639557208893,40.459291533957405
35411,-73.973613116297,40.052760554146154
35412,-121.31318413451872,39.32389697302375
35413,26.82319117252483,39.38026389269396
35414,-2.857949338499278,50.84995779265524
35415,1.4621221160304416,45.656690967309316
35416,-1.656557741807718,48.451575622020826
35417,-1.309177184288233,48.464964994200294
35418,-3.635065595864682,42.269164683378975
35419,12.528586469862544,55.083762067426925
35420,-12.481306436438707,34.25317700136332
35421,2.1921793623577566,51.45517569674726
35422,124.24181520606746,25.768098289763888
35423,-15.419158522905477,28.146561793275634
35424,29.283772328840058,40.84544922758102
35425,-79.57735264030673,9.501172302662564
35426,4.826845975513948,53.503416433456024
35427,-122.38064298757342,47.06902695096681
35428,-8.234836601567322,33.37547704720112
35429,-74.45015790910652,26.293809572063722
35430,3.991453465925839,52.67125883302428
35431,13.422543902807742,39.376727788540585
35432,1.4740366895516785,49.77281582518248
35433,17.585964468283738,56.661769447797994
35434,4.33304058920274,51.40371386154398
35435,103.77992816656531,8.029833403967835
35436,27.27255061999999,-28.299805206666683
35437,1.0980057120780677,51.885774188267526
35438,20.007418427255764,57.64832202797695
35439,7.079924029451867,55.20757311729409
35440,-79.49936576642459,9.271811304768086
35441,26.628837886572054,39.435629307416114
35442,2.012847545654404,51.20376909224719
35443,1.4383706643148477,51.57232473318263
35444,-2.7471527143279695,49.56611431697481
35445,128.30570570304604,36.46326260582741
35446,10.86069091787485,53.94371974789423
35447,107.1509460988452,9.474780798257079
35448,3.0070496091400383,51.23494939397694
35449,3.183757079648413,50.857314686109184
35450,10.523047868002438,41.53144536015085
35451,116.33805438251035,-31.864386236546107
35452,-78.91546036862432,28.457106888127395
35453,11.275939558243865,57.252626848563544
35454,-1.7602055816478843,50.2678219263215
35455,134.7220236166066,36.865378483792995
35456,4.183169183121249,52.15051433816179
35457,54.71167049320015,25.11095574216136
35458,2.9419792263614695,42.09144946319996
35459,143.72435501071422,-38.09528263214285
35460,8.797217350145393,54.854760378749944
35461,20.19137229280026,37.76899706421355
35462,4.650596494239881,52.8650242967736
35463,0.7986908069069933,39.683079033348534
35464,6.972999690242695,54.50120937683274
35465,11.44105820232706,42.197811516777755
35466,5.4380646612656,53.93798689109111
35467,3.13481331170978,51.953080836667006
35468,8.046541825305498,53.8648464446611
35469,106.6902383946619,9.039432677887609
35470,26.40670179480196,37.36788259676731
35471,6.297834928057508,52.836948389272784
35472,173.75464369427277,-41.036577845694254
35473,134.2475284579865,32.83551017509809
35474,123.35032151003888,27.857526308775373
35475,3.3868809736889403,51.355371943049356
35476,4.116195673706932,52.763127942635755
35477,116.08654392118179,6.0419622096355985
35478,5.442254213042079,40.960038279504815
35479,121.20693284236152,19.758637439321163
35480,0.7068271224418899,39.24053866038492
35481,18.29073230734428,57.389396249294386
35482,-1.3260182881931595,50.56916618457224
35483,9.817933736882678,42.081049512051976
35484,14.254778046806402,57.76287875617881
35485,5.039261433924098,52.16835480985764
35486,12.370520116696703,55.14686828394169
35487,-73.973643616297,40.052050954146154
35488,0.6994619333018111,51.92009657840585
35489,2.0644038755739054,48.48684764569056
35490,18.617221016553938,56.98683438574389
35491,22.46617649694648,59.01416021963057
35492,5.1019400458155895,53.30743587815788
35493,3.8755526506436455,51.93694505521584
35494,-4.5930566412366565,47.7249781072597
35495,10.335465376336526,39.824698845698144
35496,-1.584892648197654,46.24634219586487
35497,3.8792073164972702,52.69260351787616
35498,13.781679507350919,39.29103808748599
35499,-93.94449531832598,29.868777405030528
35500,-79.50156521705195,27.53700401602264
35501,-122.19979565223943,36.43011831322147
35502,-3.589592714041399,43.7586808606796
35503,9.570797511996268,41.636504137507785
35504,106.77978093789497,20.83557577220296
35505,-1.6659642525469989,48.301083196699686
35506,-122.20517209143065,46.38099608964125
35507,137.1896116004372,34.90244240052431
35508,123.33414690879536,29.1682221700819
35509,120.7182468000001,-1.4174431000000012
35510,133.04754582067085,33.50029681188874
35511,-5.5025707873611465,38.62036319565815
35512,11.377750385307268,37.986552058921845
35513,1.6238723059853297,50.588407616705474
35514,-121.05145485000926,40.658063725215165
35515,12.998948567104307,55.2518651109803
35516,10.063315357917679,41.893698319452994
35517,10.130450646177467,57.378088702138065
35518,10.29664070208845,42.47350785133729
35519,2.0753958430070347,52.65991716625531
35520,-47.753968900000025,-23.041271300000002
35521,-76.87312333714897,35.08156744332379
35522,21.589214752763816,39.43180865286809
35523,6.087169690126606,53.982912802696454
35524,3.6327744978776058,52.190240602697216
35525,3.781655573457091,52.4942065069808
35526,-2.8586969218326117,50.85051252932191
35527,-102.28487986793697,17.30817823411615
35528,-121.33881006785202,39.43410967302375
35529,0.447920149319191,50.76487835927212
35530,9.534820103047451,43.9039448122781
35531,3.9888561925869226,37.794268273768054
35532,-0.6356465183670374,49.19103105411827
35533,3.1644380877828593,51.492927347870875
35534,23.669864667498373,37.45339996196108
35535,8.661512383476413,42.488610627571695
35536,26.82319117252483,39.38026389269396
35537,-0.1512016975241108,39.40824678234209
35538,152.4975638573754,-29.733223661541825
35539,16.41387663349901,54.19990616883435
35540,6.398744899187151,54.32814378230974
35541,-1.6566325001410516,48.45158538035416
35542,-1.3092519426215659,48.464974752533614
35543,6.962565346549832,53.12640930643254
35544,18.51533977860829,57.323043073638104
35545,-123.51427384974686,45.046014151312974
35546,-10.739235983765791,39.13600073177353
35547,4.537176175468922,52.12984795317915
35548,1.4620573696018697,45.657484114452174
35549,1.0991840048767605,51.043635278639876
35550,18.05521815720889,40.45840503395741
35551,21.954977032222224,59.211480856666675
35552,2.622079192068486,50.075969211392575
35553,-1.135636714836921,50.4866970592943
35554,9.580713390794221,55.816393239503824
35555,2.6989233893596305,51.72996452226059
35556,-77.40793126250809,36.21627332605089
35557,-2.2842431277119557,40.001678667223004
35558,9.654408599796104,55.4683266130206
35559,-0.6117246204608576,39.43590712860416
35560,12.417062337363355,54.980540611195075
35561,4.052820378767247,51.373337778788866
35562,-74.57668369659756,39.10733116983326
35563,11.844048279418764,41.28613487346962
35564,-80.81308199094417,25.10314700762514
35565,-52.382781040597145,36.44731345817141
35566,-8.156115742341344,44.20288559784321
35567,115.2593991518253,-30.95298294285713
35568,-2.029478653210982,42.5556023425689
35569,112.14398707500227,0.25185114150721594
35570,2.2252746858883974,51.67067578377942
35571,11.844048279418764,41.28613487346962
35572,-47.753968900000025,-23.041271300000002
35573,12.998948567104307,55.2518651109803
35574,137.4398367278916,34.943955383891875
35575,-0.1575445975241108,39.4009274823421
35576,133.85866321839433,32.64391455614368
35577,121.24925437413405,19.77164018262804
35578,20.011543379073945,57.64172250297696
35579,27.264519399999987,-28.309292100000015
35580,-80.78372243512989,25.511052035865802
35581,33.14448912142857,-28.210165242857148
35582,138.64604526563798,35.13805448996843
35583,3.903634259881451,52.69131664021921
35584,-12.459561549772042,34.27131741802999
35585,-9.151919275942113,42.16489302829954
35586,-73.97284500193803,40.05842812901794
35587,124.28818666149482,25.70104224950036
35588,4.826845975513948,53.503416433456024
35589,13.422543736141074,39.376727288540586
35590,0.6994619333018111,51.92009657840585
35591,-1.6565574728394643,48.45157556765575
35592,-1.3091769153199788,48.464964939835205
35593,4.110873374689603,52.76493787703473
35594,3.3868809736889403,51.355371943049356
35595,-79.57735264030673,9.501172302662564
35596,-74.26310120910651,26.124358272063724
35597,-15.41915947221043,28.146562107233077
35598,1.474047666824406,49.77281683540975
35599,12.425033010946219,55.17151114064735
35600,10.088281377917678,41.90652857611967
35601,13.781679507350919,39.29103808748599
35602,-0.6312986517003707,49.18916345411826
35603,15.250339840779676,37.83889805065675
35604,-93.9444949687946,29.86877752571758
35605,-122.38064289929504,47.06902693466645
35606,-122.20517199143065,46.38099658964124
35607,29.283772328840058,40.84544922758102
35608,6.086305870126606,53.983474102696455
35609,-76.97985939693514,34.98829843256585
35610,152.49603985737542,-29.73630566154182
35611,16.64388081126759,54.21988432212266
35612,26.626287404905394,39.43538668324945
35613,-74.55355034659756,39.10776216983325
35614,1.9487194355190791,51.06873603914408
35615,1.4335362098320843,51.569724787486464
35616,107.14879799884518,9.477828898257076
35617,128.32644345467773,36.45749874388102
35618,-2.6527318943409357,49.57851783129858
35619,10.86069091787485,53.94371974789423
35620,0.3309258058826023,39.63783787310322
35621,3.142647786810067,50.82227536142874
35622,3.0070496091400383,51.23494939397694
35623,116.35170219256538,-31.881371986204805
35624,10.523046773683554,41.53144414227748
35625,3.990653001111024,52.66381070678269
35626,-1.766135803396863,50.2700945986174
35627,-78.91024591862433,28.4541346881274
35628,134.7170985166066,36.865623583792996
35629,54.7116703006244,25.110955275494693
35630,2.9427073133578063,42.09449207510474
35631,9.833887801244831,55.07302056009974
35632,17.45953278459108,56.61798031860075
35633,4.33304058920274,51.40371386154398
35634,9.817933736882678,42.081049512051976
35635,8.79886614225495,54.849695682071626
35636,6.972999303969251,54.501208936635685
35637,20.323189928330127,37.75785490569368
35638,4.650596494239881,52.8650242967736
35639,4.450362912968921,52.13493799405216
35640,12.004409716342307,40.93696157944231
35641,103.78994464007721,8.03479035140831
35642,5.435722455587945,53.93324253840491
35643,26.40670179480196,37.36788259676731
35644,3.22193822776177,51.978872341808916
35645,8.037521928349705,53.85705877961198
35646,5.188996410905839,53.33581312324156
35647,-3.589592714041399,43.7586808606796
35648,106.58963237132849,10.218803768720942
35649,6.297834928057508,52.836948389272784
35650,173.7544273891659,-41.037731731591705
35651,-79.49936576642459,9.271811304768086
35652,116.08654048255745,6.041955066752003
35653,123.38337209821353,27.888976174061085
35654,4.191621999787916,52.148849938161796
35655,2.192710562357756,51.455695596747276
35656,21.957494143333328,59.21798334000001
35657,5.66837905351827,40.95189811188576
35658,120.71646000000008,-1.3744933000000013
35659,0.7056394121388598,39.24101252947583
35660,18.304152542010932,57.40221382973881
35661,-122.31696579642535,36.51668827248074
35662,-1.3260182881931595,50.56916618457224
35663,-79.45674423848051,27.63142626943879
35664,-121.10496899048545,40.68413471021517
35665,5.039261444501021,52.16835463229354
35666,112.15131617500226,0.22205144150721626
35667,-77.3913341806899,36.23234733059634
35668,-5.386499401396235,38.67838639612599
35669,11.454297688033314,38.00187497124303
35670,6.313027321424081,54.378525295220996
35671,-1.6869986455964692,48.30949250916499
35672,-1.760841103946307,46.00788001240531
35673,-123.52009758724684,45.04416948881298
35674,9.295314010302768,55.807121530657675
35675,9.534820103047451,43.9039448122781
35676,18.00663163220889,40.42469606729074
35677,-102.34709493603222,17.34152086840187
35678,2.0400659433394734,48.47534125228397
35679,115.26210180182532,-30.951802142857122
35680,132.35861311571642,32.806355683042945
35681,10.29664070208845,42.47350785133729
35682,3.9270859109801317,51.41828960595974
35683,-2.8131724928532575,50.81426293593696
35684,2.0753958430070347,52.65991716625531
35685,-3.5717447260372293,42.295014701368665
35686,21.639984574192386,39.478688995249044
35687,-52.45057449583524,36.31021637340951
35688,22.305657134627833,58.94780755829757
35689,1.5930121005238422,50.583409703165664
35690,14.257927086341285,57.75850049338811
35691,-121.31177613451874,39.32388717302374
35692,-2.0274632032109823,42.55558877868001
35693,4.109473890718791,37.743471764317505
35694,-8.173354168098918,44.01002024279271
35695,2.228842163727598,51.64794686656536
35696,3.632774078326835,52.190240484698144
35697,3.7497501682907948,52.471136514109446
35698,-10.695536433765792,39.137334819273526
35699,3.8755526506436455,51.93694505521584
35700,10.343233076336526,39.80696769569814
35701,118.41408360000003,-22.387451499999997
35702,2.7363729455629238,51.745913490008604
35703,18.617221016553938,56.98683438574389
35704,6.962565346549832,53.12640930643254
35705,23.669864667498373,37.45339996196108
35706,10.130450646177467,57.378088702138065
35707,8.795100015650922,42.462740331755086
35708,26.82698962546601,39.3806576145427
35709,0.5898369281417967,50.830500802003705
35710,1.4621225719726478,45.65669226402889
35711,-4.5862194079033225,47.71475472392637
35712,1.0991840048767605,51.043635278639876
35713,-8.287824926567321,33.37128285553446
35714,18.42105262220825,57.274987340727606
35715,123.26602845879535,29.2380323700819
35716,2.622079192068486,50.075969211392575
35717,-1.1021471828999165,50.49603204718961
35718,-0.5157682404608578,39.375914848604154
35719,3.2024421877741163,51.52307717749134
35720,-2.299339509290903,40.08710392336336
35721,-80.44098419094416,24.756970807625137
35722,9.634495188684992,55.48321291408898
35723,9.688558397016571,41.600947849575235
35724,12.41485362771154,54.706314739805514
35725,106.77978289106716,20.83557075796054
35726,133.85866321839433,32.64391455614368
35727,-3.5717447260372293,42.295014701368665
35728,22.305657134627833,58.94780755829757
35729,118.66674210000008,-22.75744629999999
35730,1.474047666824406,49.77281683540975
35731,5.188996410905839,53.33581312324156
35732,3.3868809736889403,51.355371943049356
35733,2.1961680790244227,51.45825599119172
35734,3.009876602238184,51.234826780431916
35735,13.422544102807741,39.37672748854059
35736,4.18577148312125,52.1509538381618
35737,-12.479145831438707,34.255758386363325
35738,-15.41915829662346,28.146561069729636
35739,0.8385645737798149,48.24706218142732
35740,29.283772328840058,40.84544922758102
35741,-77.18997500083269,34.72840543337974
35742,-9.327450841374635,32.96287250689235
35743,9.817933736882678,42.081049512051976
35744,120.54832410000009,-1.6112355000000005
35745,124.3478993728539,25.799185349397828
35746,0.705640145472193,39.24101286280916
35747,18.28664124201094,57.396680429738836
35748,-1.3260182881931595,50.56916618457224
35749,0.6994619333018111,51.92009657840585
35750,5.039261352834354,52.16835480729353
35751,12.419241410946217,55.16868634064735
35752,2.0390386433394725,48.475157352283965
35753,3.8755526506436455,51.93694505521584
35754,-4.586219307903323,47.714754923926364
35755,3.903634259881451,52.69131664021921
35756,13.781679507350919,39.29103808748599
35757,-0.6247295517003707,49.18684275411825
35758,-93.9444949687946,29.86877752571758
35759,15.254824899113007,37.83793412565675
35760,-122.20517209143065,46.38099608964125
35761,6.089307790126607,53.98413520269645
35762,16.643881272845903,54.21988393248411
35763,152.48218615737542,-29.74847236154182
35764,21.95436713222222,59.21540105666668
35765,4.826845975513948,53.503416433456024
35766,26.639256761003768,39.440413443797546
35767,20.012711027255765,57.64515202797696
35768,1.9900465234358888,51.08432107867263
35769,1.4308311719945024,51.54540968603256
35770,128.32644403801106,36.457496985547685
35771,-122.327740618883,46.92328644918112
35772,-2.6639494363440046,49.59256290158887
35773,107.1511836988452,9.47815149825708
35774,3.1837578314529242,50.85731544892874
35775,10.523046373683552,41.531444842277466
35776,116.34879315327973,-31.87742818977624
35777,3.990653001111024,52.66381070678269
35778,173.7545867253839,-41.0376113540276
35779,-79.57735264030673,9.501172302662564
35780,-78.90952666862432,28.4527962881274
35781,-1.766135803396863,50.2700945986174
35782,134.71584681660661,36.861789083792985
35783,27.27255001999999,-28.299806906666685
35784,-3.589592714041399,43.7586808606796
35785,2.9454178321307007,42.09493749141184
35786,4.33304058920274,51.40371386154398
35787,54.71167023562442,25.11095534216136
35788,17.3424955860633,56.56772705651741
35789,-121.10496609048545,40.68413701021517
35790,-79.49936576642459,9.271811304768086
35791,-1.656557741807718,48.451575622020826
35792,-1.309177184288233,48.464964994200294
35793,0.3309258058826023,39.63783777310322
35794,8.797825815145394,54.85406339374995
35795,-74.57668389659756,39.10732766983325
35796,20.32726959519287,37.75662089726231
35797,6.9729992849054465,54.50120913234299
35798,4.650596494239881,52.8650242967736
35799,-74.25968450910653,26.29654967206372
35800,103.7798418102161,8.0295652590472
35801,9.161444322802769,55.77629055565769
35802,12.107562638073794,40.74095765171591
35803,26.40670179480196,37.36788259676731
35804,5.437767161265601,53.93090979109111
35805,6.309030871405765,54.37961018438766
35806,3.7161559258153587,52.23484345889077
35807,10.130450646177467,57.378088702138065
35808,8.032118578349703,53.856360721278634
35809,106.59087720466187,10.215509606220945
35810,6.297834928057508,52.836948389272784
35811,-0.17007941543078212,39.41149611577427
35812,11.879720257196261,41.39300773673048
35813,18.059639557208893,40.459291533957405
35814,3.2709735780122107,51.57258687856277
35815,9.690090291709666,41.601352782610185
35816,112.15058467500226,0.23340594150721616
35817,-79.42666367449516,27.615916934688602
35818,4.118748147599707,52.761958828703406
35819,11.475106751366646,38.0106514479097
35820,10.345631476336525,39.82216384569814
35821,123.57025162361035,27.98393379707695
35822,169.27736865835098,-37.979120575993164
35823,2.734524729492802,51.74658029751483
35824,116.08653126589078,6.041949720085334
35825,-123.51528687474683,45.04711397631298
35826,-10.695536433765792,39.137334819273526
35827,-2.035346527615744,42.55986694356096
35828,-1.1021471828999165,50.49603204718961
35829,-0.5328945204608576,39.376691328604146
35830,-8.28003322656732,33.38058162220113
35831,115.26204565182532,-30.952236042857127
35832,-2.3023162021480457,40.086257205506215
35833,-80.38358839094415,24.800416807625137
35834,106.77978405773382,20.835569491293878
35835,9.807089576245739,55.04930468738643
35836,10.29664070208845,42.47350785133729
35837,132.35937851571646,32.805951083042935
35838,-2.055183040766204,45.488608559544346
35839,-77.3913341806899,36.23234733059634
35840,0.7642040963228136,50.89215297329367
35841,12.416835694378207,54.706816339805506
35842,3.814900955021656,51.416502262136994
35843,123.13244265879536,29.146700470081896
35844,9.641072131037934,55.48133097173602
35845,2.2262982640053752,51.636555916565364
35846,-2.7969550178532576,50.81754683593695
35847,-102.35231572460363,17.342869727449486
35848,-5.386499401396235,38.67838639612599
35849,2.622079192068486,50.075969211392575
35850,121.20727688180602,19.759095298765605
35851,-52.45032128250192,36.30898092674284
35852,-8.170430068098918,43.982175342792715
35853,8.794375135650922,42.463261471755075
35854,-1.6869986455964692,48.30949250916499
35855,10.86069091787485,53.94371974789423
35856,1.5838108036017697,50.5650489955396
35857,3.63277451857936,52.190240796907744
35858,18.617221016553938,56.98683438574389
35859,18.5213546651312,57.32562684180445
35860,2.0753958430070347,52.65991716625531
35861,23.669864667498373,37.45339996196108
35862,14.264703901886792,57.77302106778043
35863,5.44499465351827,40.94881141188577
35864,21.636887724192388,39.473203245249046
35865,4.390658497135589,52.07673537794105
35866,26.82474177252483,39.38038459269396
35867,1.4617503160304417,45.655974567309315
35868,4.087303107385457,37.75681679765084
35869,-122.30658609642536,36.522763905814074
35870,6.962565346549832,53.12640930643254
35871,10.084137377917676,41.90441780945301
35872,-121.33899223451874,39.336754673023755
35873,9.522421093576865,43.91139971957221
35874,1.0991840048767605,51.043635278639876
35875,3.7468432270545318,52.472684548202864
35876,-1.6565707236811642,48.45176756205185
35877,-1.3091901661616792,48.4651569342313
35878,-15.419157355325137,28.146561493606455
35879,20.006418827255764,57.64807342797696
35880,11.284483066279579,57.26591938784925
35881,-2.055183040766204,45.488608559544346
35882,0.8385636287798148,48.24706185476065
35883,33.14384124642857,-28.21063406785715
35884,3.903634259881451,52.69131664021921
35885,27.27255061999999,-28.299805206666683
35886,-122.32770877524122,46.92277638768327
35887,-48.28241110000002,-23.582963000000003
35888,-80.62839783512986,25.461768735865803
35889,-0.1759777154307823,39.4187244491076
35890,3.18375696716721,50.85731463107159
35891,-2.598798719165621,38.80535330117182
35892,-1.3251304563982875,50.57101335046968
35893,21.95284234888889,59.213128373333326
35894,12.747971029665148,42.308218884250785
35895,152.4840673573754,-29.746758461541823
35896,2.1978601481910895,51.45955069952505
35897,-74.31626450910653,26.32409957206372
35898,0.6994619333018111,51.92009657840585
35899,-79.49936576642459,9.271811304768086
35900,121.20660976180599,19.758567358765607
35901,5.441080716613508,40.95775357593338
35902,120.53593493214295,-1.6848837392857157
35903,0.7068271224418899,39.24053866038492
35904,124.3455511728539,25.792947729397838
35905,12.400530810946218,55.16068674064734
35906,5.039261433924098,52.16835480985764
35907,-118.38036316278945,32.921073805843065
35908,3.8755526506436455,51.93694505521584
35909,2.0359067410428735,48.481167617885546
35910,-4.586130105339221,47.7552884021315
35911,-0.600311506828576,49.20791526373364
35912,115.26101415182531,-30.95127264285713
35913,15.254209599113006,37.84312991565675
35914,-93.94449623582607,29.868776162588496
35915,29.283772328840058,40.84544922758102
35916,13.781679507350919,39.29103808748599
35917,-122.20515696289692,46.380518020694716
35918,6.089307790126607,53.98413520269645
35919,16.418067139454344,54.20268119389639
35920,-78.41326212102848,33.71409021162152
35921,4.826845975513948,53.503416433456024
35922,26.653319835033223,39.44268241399492
35923,138.62783203477247,35.06323545356556
35924,1.9642406165782569,51.093561453411084
35925,1.4868129056650687,51.59667574093019
35926,128.32644403801106,36.457496985547685
35927,-2.6589939363440043,49.594576068255535
35928,3.009876602238184,51.234826780431916
35929,107.1478005188452,9.474497398257078
35930,0.33566762895952534,39.63814155771861
35931,-79.57735264030673,9.501172302662564
35932,116.34897898256546,-31.87832980620481
35933,10.52304789035022,41.531446025610805
35934,3.990653001111024,52.66381070678269
35935,13.422543902807742,39.376727788540585
35936,-1.766135803396863,50.2700945986174
35937,173.7591457942728,-41.01251614569426
35938,-78.91052146862432,28.453842888127397
35939,134.7220236166066,36.865378483792995
35940,-3.589592714041399,43.7586808606796
35941,-1.4752111992438446,40.33447357703841
35942,4.10306488312125,52.123252542328466
35943,3.2008722413135935,42.321533875830006
35944,123.13244250879535,29.146700770081903
35945,9.817933736882678,42.081049512051976
35946,17.3446637860633,56.56794415651743
35947,4.3330409130122645,51.40371392900429
35948,-8.115792832260585,43.72071846925781
35949,10.438556170836526,39.82112725119814
35950,8.797217350145393,54.854760378749944
35951,20.32640992807726,37.75730800796947
35952,5.437809751886092,53.9307499864735
35953,4.650596494239881,52.8650242967736
35954,6.972999197797551,54.501209621213754
35955,103.77275285466054,8.03010952015831
35956,10.130450646177467,57.378088702138065
35957,-0.9847138156027327,50.53635651599303
35958,12.461239002842463,40.3348382373146
35959,4.062879864856406,52.35420717678683
35960,-122.32316477642534,36.55871493581407
35961,26.428634216612018,37.36389708099729
35962,8.033283378349704,53.8583237879453
35963,106.55944156410632,10.332999396220943
35964,6.266289886390841,52.79254161760612
35965,9.603151032711969,41.63977917712356
35966,2.7345249044928024,51.746580397514826
35967,-79.42666367449516,27.615916934688602
35968,9.038695067247213,55.74011713065768
35969,3.3868809736889403,51.355371943049356
35970,4.11618760197894,52.76320172489043
35971,5.415606948829081,53.3661675230466
35972,-123.51598067474684,45.04773277631298
35973,3.974605353232079,51.989044841600204
35974,14.324625963673864,57.792816792685365
35975,1.0991840048767605,51.043635278639876
35976,-121.05014115000924,40.65736192521517
35977,116.08580543418572,6.041225261621432
35978,-10.70177589758158,39.02676078243143
35979,-2.033098075343017,42.569151197348845
35980,123.63711215384234,28.013177794886477
35981,4.092107029607679,37.75628737542862
35982,-73.973643616297,40.052050954146154
35983,106.7797829578058,20.835567878464254
35984,-0.5262706204608577,39.37378142860415
35985,-74.63874869659756,39.11525616983326
35986,-77.3913341806899,36.23234733059634
35987,18.29802664867761,57.40524286807216
35988,-80.71101379094416,25.142897207625133
35989,2.622079192068486,50.075969211392575
35990,9.806945536821136,55.06496296403324
35991,-52.37092527393049,36.45628505817141
35992,1.4631079696018703,45.65963351445217
35993,10.29664070208845,42.47350785133729
35994,-8.284515326567321,33.38099152220113
35995,3.273394800234433,51.57322922856276
35996,-2.301401602148046,40.088246805506216
35997,9.66032622993185,55.479115586705866
35998,112.14502097500228,0.2442566415072159
35999,131.83918576151106,32.50428155433732
36000,12.417576359955596,54.710554619006864
36001,-2.709946696681097,50.81135092227395
36002,2.0753958430070347,52.65991716625531
36003,-5.386499268062902,38.678386542792644
36004,9.522421093576865,43.91139971957221
36005,-8.166051201432252,44.02271580945938
36006,3.73015158428995,51.441123899941864
36007,-102.35253772460362,17.342718427449483
36008,11.880087834506842,41.353466138896536
36009,0.9112417949849626,50.92193995573506
36010,2.226298430672042,51.63655572132727
36011,6.33095768060589,54.2968774277739
36012,8.797019535650923,42.46028377175507
36013,169.451622258351,-38.03329107599316
36014,11.475394376366646,38.01218304790969
36015,-1.7220599981300468,48.24566794756549
36016,10.86069091787485,53.94371974789423
36017,21.64318702419239,39.47333819524904
36018,26.82216387252483,39.379660792693954
36019,18.055306519708893,40.45840054645741
36020,1.3324029903371888,50.48738410486274
36021,3.632774247877606,52.190240852697215
36022,18.617221016553938,56.98683438574389
36023,6.962565346549832,53.12640930643254
36024,-121.36722956785205,39.44907405302375
36025,3.8725451423839194,52.50836150733621
36026,10.101384794584346,41.84413052611967
36027,18.53131275753748,57.32917725611072
36028,23.669864667498373,37.45339996196108
36029,1.474047666824406,49.77281683540975
36030,-0.18724411543078234,39.4204745991076
36031,-3.1756378385492443,46.51222521747116
36032,-9.175627775942115,42.18731177829954
36033,12.900787350498483,42.23400490472697
36034,-122.31163475142533,36.53632666081407
36035,0.8385646737798149,48.24706208142732
36036,21.839042759999998,59.17014995666668
36037,-118.38290575493232,32.93275289227163
36038,3.009876602238184,51.234826780431916
36039,-121.10446190298543,40.68423317271516
36040,-2.728641515594193,38.74428895530347
36041,169.34583425835098,-37.92397847599316
36042,5.435827217860674,53.927602640677634
36043,4.110872791356269,52.7649377937014
36044,-1.3662335243093653,50.41912259452677
36045,0.6994619333018111,51.92009657840585
36046,29.28075194078696,40.84640702303912
36047,0.3309481058826023,39.637860323103226
36048,-48.29051520000003,-23.5368729
36049,134.46626295660658,36.725266303792985
36050,9.817933736882678,42.081049512051976
36051,54.7116703006244,25.110955275494693
36052,8.79886614225495,54.849695682071626
36053,20.32318978274189,37.757854842458386
36054,4.650596494239881,52.8650242967736
36055,6.97300008083353,54.50120926782628
36056,103.7965951400772,8.029860251408309
36057,-122.3289210016276,46.92282838049325
36058,4.142231365353549,52.371574270068905
36059,26.428634216612018,37.36389708099729
36060,12.424508165177022,40.17508689033943
36061,6.297834928057508,52.836948389272784
36062,107.02754922946342,10.734910730982847
36063,10.130450646177467,57.378088702138065
36064,123.28507065058379,27.703660044469206
36065,3.3868809736889403,51.355371943049356
36066,116.08653627967982,6.041968183556918
36067,121.20714191117105,19.758566990035447
36068,5.666707095661128,40.951897370531086
36069,-15.419161016716268,28.146559769149484
36070,0.7056394121388598,39.24101252947583
36071,124.33181921405907,25.704297857319652
36072,120.56422383214296,-1.6387530392857153
36073,-5.386499680343602,38.67838721337745
36074,5.0392613653343545,52.16835469896021
36075,12.402334512136692,55.16302376564735
36076,2.1011915930889584,48.37425256971183
36077,3.8755526506436455,51.93694505521584
36078,-4.579292872005887,47.745065018798165
36079,-0.6371558573598832,49.14663644351168
36080,-74.31423544243984,26.32138147873039
36081,13.781679507350919,39.29103808748599
36082,115.26213740182531,-30.950073342857124
36083,-93.94449612778953,29.868776229323657
36084,6.103115890126606,53.98507230269645
36085,152.50434707579646,-29.726499866804975
36086,16.64388081126759,54.21988432212266
36087,-78.72349458247268,33.31324907740506
36088,4.801741829063355,53.489259960144246
36089,26.674741439706928,39.435059266535596
36090,8.037521928349705,53.85705877961198
36091,1.9823371733694684,51.226974534072724
36092,1.4982896939031207,51.60886571643079
36093,-2.5847987011674904,49.58883315185643
36094,128.32644403801106,36.457496985547685
36095,-79.57735264030673,9.501172302662564
36096,3.1117934774987206,50.825623960135175
36097,116.37353164082987,-31.90713404184222
36098,10.314958942176704,41.534754027665606
36099,-79.49936576642459,9.271811304768086
36100,-3.605733892703896,42.333784209701996
36101,3.952823176444208,52.665474141654656
36102,13.422544102807741,39.37672748854059
36103,8.520038838517054,55.64660511669663
36104,173.77501618916594,-41.042249231591704
36105,-79.26810868196729,27.426056605925428
36106,-78.90909559362431,28.464175381127397
36107,-1.766135803396863,50.2700945986174
36108,-77.3913341806899,36.23234733059634
36109,9.659539318820737,55.483359445039206
36110,1.3318984353371885,50.49331369986274
36111,5.5295117704957475,53.392593561379925
36112,18.567083272277774,56.96575956509086
36113,-123.52119977474683,45.03671327631299
36114,11.20173262719031,57.21303875170633
36115,-0.8795210830256466,50.56268054595964
36116,-0.4600405874449849,39.325076398826376
36117,3.3437115439542606,51.646122155917794
36118,4.17993308312125,52.15359293816179
36119,2.750312348797051,51.75623517088162
36120,138.23275368103066,35.16043015749041
36121,-3.6208123355228805,43.760825099753674
36122,-80.32653839094417,24.862786507625138
36123,-1.4734778992438438,40.331635277038416
36124,107.04538599884519,9.830570998257077
36125,106.77978284299829,20.835566405534884
36126,-52.45392515666858,36.29119871174284
36127,18.453353782010932,57.475278929738806
36128,132.02445642956297,32.54225114654512
36129,3.5676022515538546,42.56284696292894
36130,11.467978534699977,38.003982731243035
36131,-1.7234853092411582,48.24511805312104
36132,112.14622937500226,0.22882304150721605
36133,18.002156257208895,40.41928243395741
36134,-73.973613116297,40.052760554146154
36135,18.473503166491398,57.29938187538457
36136,2.277292014857756,51.521596921747275
36137,26.824411725466007,39.37993381454269
36138,0.9957266269575059,50.94570422593016
36139,1.4621225719726478,45.65669226402889
36140,6.338796285930073,54.29744062947802
36141,-8.209808153840049,33.77448643735265
36142,17.363513231471728,56.56922773828331
36143,-74.62594644659757,39.11548456983325
36144,10.085425277917675,41.90826527611967
36145,2.622079192068486,50.075969211392575
36146,10.86069091787485,53.94371974789423
36147,9.727140526729423,55.03690857255228
36148,9.522421093576865,43.91139971957221
36149,-122.20751397006396,46.386578399964655
36150,3.8834952375172587,52.51890303395112
36151,4.339106395037407,51.41394369722444
36152,123.06388044977574,29.103707845768177
36153,138.73171137360222,35.06843624633152
36154,-2.2887912021480448,40.09366655550622
36155,-121.33427628451875,39.32801205873804
36156,9.7737649310117,41.56274525312524
36157,3.971529590732079,51.98913658247322
36158,4.09789724960768,37.727664135428626
36159,12.558924146467387,54.84117163484329
36160,3.579887556688792,51.42987134305361
36161,6.962565346549832,53.12640930643254
36162,2.0753958430070347,52.65991716625531
36163,23.669864667498373,37.45339996196108
36164,-10.726024617581581,39.00728434243142
36165,10.294629191374968,42.48747430858637
36166,1.1172067136673804,51.05480022299087
36167,-8.173344368098919,43.941355642792715
36168,10.49303676823612,39.867695277509945
36169,3.632774078326835,52.190240484698144
36170,-2.7056178683477636,50.846368808940625
36171,-102.33561943603222,17.345703993401866
36172,14.322113263673863,57.790987292685365
36173,11.817567556215938,41.472047508291936
36174,-2.055612972077837,42.56520688568362
36175,21.639984574192386,39.478688995249044
36176,2.2649969840279836,51.673171229728865
36177,15.243751654827294,37.81761246089485
36178,8.795100015650922,42.462740331755086
36179,12.894533612998481,42.23499140472697
36180,-3.5992676427038957,42.336138859702
36181,3.009876602238184,51.234826780431916
36182,-2.624134911540139,38.78449951530893
36183,-48.295594800000025,-23.534018300000003
36184,-0.1102718889156308,39.47312701122881
36185,-15.419159566743986,28.146561266153395
36186,-74.31543544243985,26.32378297873039
36187,152.50398987579646,-29.725131766804978
36188,3.952823176444208,52.665474141654656
36189,134.4685719566066,36.724153903792974
36190,3.3332878780934663,42.444795377670104
36191,4.097407535246764,52.76475848726551
36192,121.20656410180607,19.758759458765603
36193,124.34331296072573,25.800781823986323
36194,169.332551058351,-37.92628747599317
36195,116.37225356940131,-31.906375146604127
36196,10.314958542176702,41.53475472766561
36197,13.422543902807742,39.376727788540585
36198,173.7751881253839,-41.04210255402759
36199,-80.27001439094416,24.906074307625136
36200,-78.90837634362431,28.4628369811274
36201,0.8385640987798149,48.24706243142733
36202,-1.766135803396863,50.2700945986174
36203,-79.57735264030673,9.501172302662564
36204,-3.6208123355228805,43.760825099753674
36205,4.174992383121249,52.1551121381618
36206,54.71167023562442,25.11095534216136
36207,4.339106395037407,51.41394369722444
36208,122.93029464977573,29.012375945768177
36209,20.327269449604632,37.75662083402701
36210,8.806020229431109,54.84988307470234
36211,4.650596494239881,52.8650242967736
36212,103.78649169910499,8.024640081269421
36213,6.973000161769727,54.501209696866916
36214,10.130450646177467,57.378088702138065
36215,12.352682600017909,40.267328050103195
36216,26.428634216612018,37.36389708099729
36217,5.4308384612656,53.8996790910911
36218,-109.37308032167611,25.17015408252901
36219,4.30103768302754,52.40345865293978
36220,6.297834928057508,52.836948389272784
36221,107.23551628025709,11.242166433125703
36222,116.08652706301316,6.041962836890251
36223,123.424840204552,27.790864053199368
36224,3.3868809736889403,51.355371943049356
36225,4.071820149607681,37.74102378542863
36226,1.0729381120780677,51.87832623271196
36227,5.443322695661126,40.94881067053109
36228,0.7068271224418899,39.24053866038492
36229,1.4617503160304417,45.655974567309315
36230,2.0753958430070347,52.65991716625531
36231,120.56759983214295,-1.6679588392857156
36232,-122.3289210016276,46.92282838049325
36233,-5.386499680343602,38.67838721337745
36234,-1.3202083192789442,50.4261069161478
36235,1.5663902869991282,51.1330833841049
36236,21.95601621888889,59.22553894333334
36237,2.282535314857756,51.52529932174727
36238,12.400361012136694,55.161113365647346
36239,5.039261273667688,52.168354873960205
36240,9.817933736882678,42.081049512051976
36241,7.727361761502401,55.48505202548784
36242,2.083690549359019,48.37852008973397
36243,3.8755526506436455,51.93694505521584
36244,-80.62530923512988,25.463098135865813
36245,-4.5792927720058865,47.74506521879816
36246,-0.6381763384125148,49.150632794564316
36247,-93.94449612778953,29.868776229323657
36248,115.26206705182533,-30.950239042857124
36249,27.27255001999999,-28.299806906666685
36250,11.20173262719031,57.21303875170633
36251,13.781679507350919,39.29103808748599
36252,29.28075194078696,40.84640702303912
36253,15.226531054827293,37.822739369985754
36254,106.77978216130813,20.835567132831997
36255,-78.72349458247268,33.31324907740506
36256,6.068500060126606,53.956077952696454
36257,16.649468472845903,54.223583932484104
36258,6.3341880592450925,54.30039243781136
36259,-74.63708679659757,39.11526886983325
36260,9.773768125704795,41.562689186160185
36261,-118.381207721599,32.93313179227164
36262,4.801741829063355,53.489259960144246
36263,26.674537679706926,39.4346475865356
36264,8.034563862948636,53.830053930476495
36265,1.9891404360070033,51.226088725027736
36266,1.4781669764246188,51.60323462043803
36267,128.32644403801106,36.457496985547685
36268,21.636887724192388,39.473203245249046
36269,-121.33568428451873,39.32802185873803
36270,18.567083272277774,56.96575956509086
36271,3.835115199753267,52.5037583984891
36272,-2.5847987011674904,49.58883315185643
36273,3.971528394898746,51.98913684636211
36274,1.1172067136673804,51.05480022299087
36275,1.3324029903371888,50.48738410486274
36276,-123.51643537474683,45.03731147631297
36277,138.61059636523115,35.03175784738088
36278,14.595136688490147,57.89719933128441
36279,5.630407368805095,53.42097049377873
36280,0.3309479836603801,39.637860239769886
36281,23.669864667498373,37.45339996196108
36282,-10.778706225741303,38.90721189920225
36283,-79.49936576642459,9.271811304768086
36284,3.63277451857936,52.190240796907744
36285,11.818113051600555,41.473841525215015
36286,-0.8795210830256466,50.56268054595964
36287,-0.2316686874449848,39.27438579882637
36288,9.522421093576865,43.91139971957221
36289,10.294629191374968,42.48747430858637
36290,17.384191706471725,56.57677438828331
36291,-1.4741052992438446,40.33201867703841
36292,10.86069091787485,53.94371974789423
36293,-2.065429672077837,42.55374164401695
36294,0.9347187626056542,50.90578701343016
36295,3.15311940749872,50.86032542513516
36296,0.6994619333018111,51.92009657840585
36297,-8.170544268098917,43.9304102427927
36298,2.2785737695408033,51.6775475431904
36299,2.7484641327269292,51.756902078387846
36300,-2.6977747683477626,50.84808210894062
36301,-102.33877032460363,17.346082852449484
36302,18.490388582010947,57.496322529738826
36303,-1.7234853092411582,48.24511805312104
36304,-52.45451855666858,36.29223241174284
36305,132.02536936527727,32.53784886440226
36306,18.059639557208893,40.459291533957405
36307,10.752221673506835,39.933842177792854
36308,-122.31239247642537,36.542405085814075
36309,-73.973613116297,40.052760554146154
36310,-77.3913341806899,36.23234733059634
36311,8.794375135650922,42.463261471755075
36312,107.04603139884519,9.829244498257077
36313,26.822304122524834,39.37852409269396
36314,112.14579887500227,0.2577225415072162
36315,-8.25792035384005,33.736544104019316
36316,18.47376013289456,57.29916202239379
36317,2.622079192068486,50.075969211392575
36318,9.660613169348471,55.05333294469512
36319,12.558981846467388,54.841064634843285
36320,138.2859570030481,35.17844228361804
36321,10.084148677917677,41.904344609453
36322,3.35676585645426,51.6552168934178
36323,-2.288751902148045,40.09304440550621
36324,-79.21561149030063,27.555699747592094
36325,9.663907758820738,55.4818843050392
36326,11.475106751366646,38.0106514479097
36327,-122.20751417006394,46.38657809996465
36328,3.5334422830098826,51.42011770230729
36329,6.962565346549832,53.12640930643254
36330,-74.31510714243986,26.323149578730387
36331,9.773768125704795,41.562689186160185
36332,33.14103642142857,-28.210850942857146
36333,27.27255001999999,-28.299806906666685
36334,-0.11022868891563073,39.47306741122881
36335,134.4662744566066,36.72103040379298
36336,4.096326945419925,52.7638496726722
36337,-15.419156938691515,28.146561977876953
36338,20.89125448702091,38.17973010595231
36339,-121.10440595000927,40.68381092521517
36340,3.909238444792718,52.69480572370528
36341,-0.6291990650791816,49.14880825956433
36342,29.28075194078696,40.84640702303912
36343,106.7797816182526,20.83556766130422
36344,0.3356983836603801,39.638160739769894
36345,19.9839780605891,57.67292682797695
36346,10.314960258843369,41.53475551099894
36347,3.952823176444208,52.665474141654656
36348,116.37243830225844,-31.907277509461274
36349,13.422543902807742,39.376727788540585
36350,-1.766135803396863,50.2700945986174
36351,-80.59510209094417,25.249137607625133
36352,173.77517990538388,-41.042138954027585
36353,-78.90937114362431,28.463883581127398
36354,10.294629191374968,42.48747430858637
36355,-3.6208123355228805,43.760825099753674
36356,122.93029459977573,29.012376745768176
36357,4.163491783121249,52.1626062381618
36358,4.339098971617221,51.41393847939593
36359,54.71167043562441,25.11095584216136
36360,9.817933736882678,42.081049512051976
36361,8.822578144819039,54.841529252590256
36362,20.326409782489026,37.75730794473417
36363,4.650596494239881,52.8650242967736
36364,6.972999958828495,54.50121031490435
36365,103.78657824354943,8.024915942380531
36366,5.4308808612656,53.8995191910911
36367,10.130450646177467,57.378088702138065
36368,26.428634216612018,37.36389708099729
36369,12.33386743558934,40.31858159381748
36370,4.372328738389857,52.4359427340992
36371,108.87064400605561,17.43829279037649
36372,-118.38460882159899,32.93317449227164
36373,6.297834928057508,52.836948389272784
36374,-1.4752111992438446,40.33447357703841
36375,123.62812196598057,27.89842467545333
36376,116.08652986301317,6.041975136890251
36377,3.3868809736889403,51.355371943049356
36378,121.20622830180602,19.758311258765602
36379,5.443897295661126,40.94812944053109
36380,120.56600293214295,-1.6730814392857158
36381,4.071721114607681,37.74187624792862
36382,124.50711286072573,25.88289360398632
36383,0.7068271224418899,39.24053866038492
36384,-3.3603346965500482,42.55595277788881
36385,-5.26031038065368,38.730469098648754
36386,7.308769097613512,55.39403477548783
36387,1.518788318371677,51.12591550191536
36388,-1.4707978172082712,50.339108476623586
36389,21.95807011888889,59.22191894333333
36390,5.039261433924098,52.16835480985764
36391,12.398311312136693,55.16017566564735
36392,-80.63110733512987,25.463515935865807
36393,3.8755526506436455,51.93694505521584
36394,2.095313549359019,48.39037488973397
36395,-4.580205772005887,47.74484916879816
36396,115.2610355518253,-30.94927564285713
36397,-93.94449612778953,29.868776229323657
36398,-79.49936576642459,9.271811304768086
36399,13.781679507350919,39.29103808748599
36400,3.400216059627163,42.48193880935497
36401,12.550023575038818,54.83516732912901
36402,3.9531792452164343,52.563522445846864
36403,-102.33981452460363,17.346318752449484
36404,138.56336931846224,35.02144677341772
36405,6.071446260126606,53.95767110269645
36406,152.49254052579647,-29.737093766804982
36407,-78.72373305747269,33.311978827405056
36408,-109.31968470524909,25.22648825751277
36409,16.418099739454345,54.20269079389638
36410,2.2928100148577566,51.53259952174727
36411,4.801741829063355,53.489259960144246
36412,26.822304122524834,39.37852409269396
36413,-122.32841331865673,46.923001099231044
36414,26.67729192137359,39.435301890702256
36415,-79.57735264030673,9.501172302662564
36416,2.0047177559400886,51.2303857988214
36417,1.4781669764246188,51.60323462043803
36418,138.44057744062567,35.16941640913219
36419,2.622079192068486,50.075969211392575
36420,112.14536167500228,0.2735621415072161
36421,128.32644403801106,36.457496985547685
36422,-52.45219242809715,36.29442228317141
36423,-2.5847952011674904,49.58883765185643
36424,1.300464852480046,50.48760132756115
36425,-79.21561149030063,27.555699747592094
36426,-1.7234853092411582,48.24511805312104
36427,-123.51785837474685,45.03778847631297
36428,2.0753958430070347,52.65991716625531
36429,15.203235568062583,37.83032825116223
36430,9.522421093576865,43.91139971957221
36431,0.6994619333018111,51.92009657840585
36432,11.060430173669811,57.10137120868791
36433,3.1531189199799234,50.86032458017276
36434,2.7484643077269295,51.75690217838785
36435,-74.63874869659756,39.11525616983326
36436,132.03019046014907,32.53579802617382
36437,-77.3913341806899,36.23234733059634
36438,-122.20751417006394,46.38657809996465
36439,-122.32868387642539,36.56458288581407
36440,6.351086065166145,54.29270626767578
36441,-2.287841202148045,40.094685205506224
36442,169.55138675835096,-37.96852367599317
36443,9.668201758820738,55.481921505039196
36444,11.475394376366646,38.01218304790969
36445,3.5273152330098827,51.42161335230728
36446,11.806871034030653,41.4311116323886
36447,0.9369191126056542,50.90569086343015
36448,3.632774247877606,52.190240852697215
36449,18.618474571795613,56.987031645929186
36450,17.366214438725695,56.57266215882301
36451,23.669864667498373,37.45339996196108
36452,10.86069091787485,53.94371974789423
36453,-2.106910110498889,42.56788554349064
36454,21.63934612419239,39.47333224524905
36455,3.9715292532320787,51.989137241600204
36456,1.1172067136673804,51.05480022299087
36457,-8.168370668098918,43.95998974279271
36458,2.2811402834296923,51.68475486541262
36459,10.863426353935601,40.189240542821466
36460,-2.7024295016810966,50.847769862273964
36461,5.630407368805095,53.42097049377873
36462,3.387398398755847,51.68496861219464
36463,8.795061435650922,42.463092371755074
36464,-121.36131021785204,39.43823455873803
36465,-10.781566150741304,38.91024654920225
36466,107.0454138988452,9.826770198257078
36467,8.035728662948634,53.832016997143164
36468,6.962565346549832,53.12640930643254
36469,14.596878388490147,57.8971261312844
36470,18.57686504867761,57.51508484307215
36471,18.05521815720889,40.45840503395741
36472,-73.973643616297,40.052050954146154
36473,10.081563477917678,41.896275059453004
36474,18.474280921537442,57.2977990678159
36475,-0.8660440936109276,50.56377546111803
36476,-0.2277496874449848,39.27127729882637
36477,9.639325582495706,55.04685990894252
36478,1.4620573696018697,45.657484114452174
36479,-8.44847415384005,33.86924890401931
36480,12.551892210983105,54.837589777260874
36481,2.0753958430070347,52.65991716625531
36482,-2.826101849633238,38.60625078772835
36483,-3.4598615980885103,42.61053856737599
36484,-74.44157246574078,26.42995000648149
36485,3.909238444792718,52.69480572370528
36486,3.964498050142235,52.56922808994299
36487,12.603196544630867,40.40967952938145
36488,-12.459561549772042,34.27131741802999
36489,20.893500321005714,38.17169750090345
36490,-8.149247371843918,43.693582629674474
36491,9.788755632085953,41.56734405732965
36492,26.82455197546601,39.37879711454269
36493,29.28075194078696,40.84640702303912
36494,106.77977776621793,20.835574985366264
36495,4.172653699787916,52.15994043816179
36496,54.7116703006244,25.110955275494693
36497,4.339098927172778,51.413938257173704
36498,-1.4734778992438438,40.331635277038416
36499,4.090392779836661,52.76590189865237
36500,27.26810669999999,-28.305624100000017
36501,21.87920723,59.186097826666675
36502,1.4621223044656446,45.65669329960312
36503,13.866657318445764,39.559732373959186
36504,10.289746726447184,42.50337784094738
36505,115.2572337625396,-30.946332721428554
36506,6.068444340126606,53.95701000269645
36507,152.48901762579646,-29.73723126680498
36508,16.64388061126759,54.219884122122664
36509,-78.72349458247268,33.31324907740506
36510,4.7979142484356485,53.495278437633424
36511,26.674741439706928,39.435059266535596
36512,7.182806961502401,55.39685971715451
36513,2.0043038559400883,51.23062869882139
36514,1.4781669764246188,51.60323462043803
36515,128.32644345467773,36.45749874388102
36516,-2.4767197371931315,49.627281255189764
36517,3.1120101774987203,50.825285060135165
36518,-80.78513653512988,25.499832735865812
36519,10.314959342176705,41.534754027665606
36520,116.37229598785366,-31.859065438866033
36521,13.422543736141074,39.376727288540586
36522,4.019888990610875,52.725715815821324
36523,-80.20795809094416,24.910331907625135
36524,173.8241734358326,-41.05438251492504
36525,-78.90909559362431,28.464175381127397
36526,-1.775939877134237,50.27285207993052
36527,134.4673050566066,36.72585570379299
36528,3.3072133440193827,51.48600835424037
36529,10.885838134845228,57.01480275341315
36530,-3.6172211928198936,43.76089252554064
36531,132.03189106014906,32.53847132617383
36532,122.7710388942202,28.844206116138547
36533,8.823359236928596,54.83727355591194
36534,20.32318978274189,37.757854842458386
36535,-10.988662193668583,31.5033988549217
36536,5.428793617860672,53.90201198512207
36537,4.650596494239881,52.8650242967736
36538,103.49871724904183,8.002551968706287
36539,12.283156940192042,40.33241148159517
36540,0.3015554011553295,39.63612140164867
36541,109.23130710324172,17.69382139440247
36542,26.428634216612018,37.36389708099729
36543,4.623165802862024,52.54018897211629
36544,10.130450646177467,57.378088702138065
36545,6.297834928057508,52.836948389272784
36546,-52.45236917000192,36.296338758409505
36547,123.42313678471075,27.799193360342223
36548,116.08653911178429,6.041973136283491
36549,3.3868809736889403,51.355371943049356
36550,3.2549950292820053,42.38190532604985
36551,121.20714993117106,19.75873755003544
36552,5.706397195661128,40.97352857053109
36553,4.029587947941013,37.72400640626196
36554,0.6976641718490046,39.232920056142504
36555,121.05667063214295,-1.9271842392857164
36556,-15.419156863009231,28.146557566380952
36557,124.49260918678634,25.79083346459238
36558,-0.2842607472489641,39.48036006122881
36559,-5.260310613987013,38.73046903380028
36560,-79.21384114671088,27.558193350156195
36561,12.526643642670951,55.079821058693994
36562,9.817933736882678,42.081049512051976
36563,12.419554612136695,55.16907006564735
36564,5.0392613653343545,52.16835469896021
36565,-109.28336652012285,25.263827798129697
36566,-122.30783661549945,36.459366730443705
36567,18.593749648807105,56.97625476968396
36568,-79.57601352113006,9.497776355944916
36569,138.59473284798815,35.05114448663239
36570,118.89729630000004,-22.250919800000002
36571,3.875420173605238,51.936521808769484
36572,-1.5024977121087932,50.16221488747374
36573,-4.588129827561442,47.736537829909274
36574,2.0542614588270327,48.376664168346764
36575,10.86069091787485,53.94371974789423
36576,21.639984574192386,39.478688995249044
36577,-102.31907314902266,17.336095862295466
36578,6.351978286956946,54.27764351558583
36579,20.06295697746475,57.745136132632126
36580,2.622079192068486,50.075969211392575
36581,9.641179925487405,55.49053093837253
36582,-123.53938841046113,45.026674562027274
36583,23.669864667498373,37.45339996196108
36584,-10.82025110086035,38.951277271265745
36585,1.0659534212273347,50.951813973107654
36586,-0.6250693626549392,49.15212121191282
36587,17.434046053482476,56.60171421020258
36588,14.874439722508269,58.0782431934505
36589,8.009620231323986,53.792932910812645
36590,-0.876704137539499,50.56818902665375
36591,-79.49936576642459,9.271811304768086
36592,0.6994619333018111,51.92009657840585
36593,18.010124015542228,40.425276442290745
36594,2.656010872946146,51.90486651168517
36595,-74.62594644659757,39.11548456983325
36596,2.371211374857756,51.589722521747284
36597,-0.3563796903509825,39.05554709260862
36598,-118.382202721599,32.934802892271634
36599,18.475684381651824,57.293347116321804
36600,-2.3502923310279855,40.042459898057906
36601,9.617765205405298,55.039018453129586
36602,112.14819237500227,0.25113834150721626
36603,10.863426353935601,40.189240542821466
36604,6.946943712365422,54.47636351115189
36605,15.029622326368182,37.8353956671572
36606,3.632774078326835,52.190240484698144
36607,138.44138261642988,35.16944708493638
36608,3.3997651609574664,51.69416032831783
36609,169.332573458351,-37.925546375993164
36610,-122.20982672160395,46.3927676541626
36611,6.962565346549832,53.12640930643254
36612,-77.3913341806899,36.23234733059634
36613,11.534374158552794,38.04224721371057
36614,11.80549840185086,41.54380078726019
36615,-2.110843804248889,42.55925541015731
36616,9.522421093576865,43.91139971957221
36617,-8.173528268098918,43.9204849427927
36618,2.310774683310645,51.688445249817384
36619,-2.6993161983477636,50.849999739773956
36620,18.726742482010934,57.5840625297388
36621,8.796480303150922,42.46293532758841
36622,107.04274169884519,9.829706098257077
36623,3.971529590732079,51.98913658247322
36624,-93.94449598687184,29.86877603624659
36625,5.6275054688050945,53.420082293778734
36626,-121.15873001890608,39.04647236624791
36627,-1.7234853092411582,48.24511805312104
36628,-122.32821877324443,46.88809589769998
36629,1.1172067136673804,51.05480022299087
36630,-73.9733111575591,40.06490683715474
36631,1.2813796759114187,50.49291555458729
36632,10.100767565561355,41.90904040543001
36633,-8.451783753840047,33.85954023735265
36634,12.85852600259101,41.051583772449725
36635,-0.2842607472489641,39.48036006122881
36636,-122.30783661549945,36.459366730443705
36637,2.622079192068486,50.075969211392575
36638,-2.7860280378685327,38.58120949949305
36639,-102.321758642356,17.337772202295465
36640,54.71167023562442,25.11095534216136
36641,26.82778366879934,39.37419553454269
36642,116.08652939511764,6.041972164616825
36643,20.065461325646567,57.74641465763214
36644,-74.23491464243985,26.602429878730394
36645,13.422544102807741,39.37672748854059
36646,-73.97407927191807,40.059239262282944
36647,134.4685719566066,36.724153903792974
36648,4.16587808312125,52.16304063816179
36649,-8.150630238510585,43.69249943634113
36650,20.327269449604632,37.75662083402701
36651,5.430785551741791,53.90157514823396
36652,3.3868809736889403,51.355371943049356
36653,-15.419150185238314,28.14656994302636
36654,-65.43478220000001,-15.870558899999999
36655,-80.6385441684632,25.443262402532472
36656,-79.21473934671087,27.55545875015619
36657,29.28075194078696,40.84640702303912
36658,106.77977481274571,20.835575045782935
36659,6.072494460126607,53.95827550269645
36660,16.643881272845903,54.21988393248411
36661,152.48978882579647,-29.737258666804983
36662,-78.72349458247268,33.31324907740506
36663,4.7979142484356485,53.495278437633424
36664,26.704507256779603,39.422602563499034
36665,0.30155527893310724,39.63612131831535
36666,-2.4623804376279135,49.61085989736367
36667,2.0043038559400883,51.23062869882139
36668,1.4803917824405068,51.603684809557926
36669,20.89125448702091,38.17973010595231
36670,128.32644403801106,36.457496985547685
36671,132.0217320101491,32.53551211784049
36672,3.1531194774987203,50.86032556013516
36673,6.247862079136849,55.1630568985796
36674,116.37103462475844,-31.856211301961267
36675,3.9602083497775413,52.66672608498799
36676,10.314958542176702,41.53475472766561
36677,-80.15143409094415,24.953619707625133
36678,-1.775939877134237,50.27285207993052
36679,-69.27396043250002,24.412533720000003
36680,173.82434131868973,-41.05423711063931
36681,-78.90837634362431,28.4628369811274
36682,-52.45082585666858,36.29578751174284
36683,3.962393950142236,52.56867658994299
36684,-10.97264901033525,31.53290593825503
36685,122.6378433942202,28.753003416138544
36686,-3.6172211928198936,43.76089252554064
36687,4.339098927172778,51.413938257173704
36688,8.824018933595262,54.83836454591194
36689,4.650596494239881,52.8650242967736
36690,102.90176152398537,7.933504580073247
36691,12.258291704342986,40.35202475423668
36692,26.428634216612018,37.36389708099729
36693,-109.25976477325146,25.288963473559214
36694,4.64982581952869,52.544105822116286
36695,9.817933736882678,42.081049512051976
36696,1.163568840418351,51.94393775538086
36697,10.130450646177467,57.378088702138065
36698,6.297834928057508,52.836948389272784
36699,109.1059513949084,18.1158063777358
36700,4.097410786840857,52.76475807296813
36701,123.50097796929764,27.707362578100163
36702,6.346799285271965,54.28101921558583
36703,5.481870807565889,40.97030000148347
36704,27.273427119999994,-28.300204306666686
36705,10.8359192212738,56.97431157841315
36706,121.20656450180606,19.758759458765603
36707,4.064927467506231,37.736820459160505
36708,3.374059909415641,42.57440250844963
36709,0.6898676506368833,39.23496173493037
36710,120.58981293214293,-1.5878669392857145
36711,124.51053493345302,25.880965451259055
36712,0.8385645737798149,48.24706218142732
36713,-5.261210813987012,38.72795093380027
36714,-118.37249322159902,32.92980719227164
36715,9.522421093576865,43.91139971957221
36716,-79.57601352113006,9.497776355944916
36717,-47.663846772619074,-26.82530339571427
36718,21.87636461888889,59.183472993333346
36719,3.32677995715205,51.474572640548494
36720,5.039261273667688,52.168354873960205
36721,-79.49936576642459,9.271811304768086
36722,1.4621221160304416,45.656690967309316
36723,12.413763012136691,55.16624526564735
36724,17.191769517972144,56.52393772226677
36725,2.0596070988270325,48.37302083834677
36726,112.14783717500227,0.2615891415072161
36727,-4.5881297275614426,47.73653802990927
36728,-2.6435070150144298,50.832532689773956
36729,3.875420173605238,51.936521808769484
36730,-1.4742656992438443,40.33348827703841
36731,138.44057761642986,35.16941498493638
36732,3.909238444792718,52.69480572370528
36733,-12.479145831438707,34.255758386363325
36734,9.651058635519838,55.51509886091847
36735,1.1172067136673804,51.05480022299087
36736,13.866657318445764,39.559732373959186
36737,18.593749648807105,56.97625476968396
36738,14.86702633796384,58.060931542219556
36739,12.199193038351785,40.352028704995455
36740,5.6275054688050945,53.420082293778734
36741,-123.51815524796112,45.03178404952726
36742,23.669864667498373,37.45339996196108
36743,21.636887724192388,39.473203245249046
36744,8.001810993823986,53.792381055455486
36745,-0.5571604573917812,49.15324124875491
36746,18.063784476519235,40.45977004688844
36747,119.11932630000007,-22.2816344
36748,-10.817764726574637,38.94965925698003
36749,0.6994619333018111,51.92009657840585
36750,-0.876704137539499,50.56818902665375
36751,1.061549728916567,50.94911114876508
36752,-0.35633959035098256,39.05872749260862
36753,12.5289168270054,55.084050795998344
36754,9.617371152499315,55.03856487483898
36755,10.26978454970129,42.51941164413234
36756,10.79572996775612,40.24220071581336
36757,6.946944296506748,54.47636473698739
36758,3.63277451857936,52.190240796907744
36759,2.9955285734320567,51.90733472144339
36760,-74.63708679659757,39.11526886983325
36761,-77.3913341806899,36.23234733059634
36762,-2.350227931027986,40.0420743480579
36763,20.743524106589398,58.37790180969445
36764,-122.21021629434465,46.39323703224004
36765,3.425797310957466,51.71339862415117
36766,169.27266410432318,-37.98547223890983
36767,10.86069091787485,53.94371974789423
36768,2.247300345571115,51.60913789806562
36769,11.805829617235474,41.54502066418327
36770,11.639535619663906,38.050835619266124
36771,-2.1206605042488893,42.547790168490636
36772,-1.7221805041394562,49.84874745752891
36773,-8.171691868098916,43.91164784279271
36774,1.281884230911418,50.486985959587294
36775,115.26221395182533,-30.94948184285712
36776,18.721634302844276,57.58824561307217
36777,8.799890460650921,42.45748676342175
36778,107.0451273988452,9.830028698257077
36779,-1.7234853092411582,48.24511805312104
36780,3.971529057398746,51.98913677136211
36781,-122.32821877324443,46.88809589769998
36782,-93.94449598687184,29.86877603624659
36783,18.442078446913193,57.275094895333794
36784,138.60439638090082,35.05432736307802
36785,2.390608114857756,51.59808242174728
36786,-121.1480339189061,39.037538366247915
36787,15.01676560636818,37.839598802157205
36788,-8.441887253840049,33.86905053735265
36789,6.962565346549832,53.12640930643254
36790,10.096623565561355,41.90692963876335
36791,-12.479145831438707,34.255758386363325
36792,-8.151253638510584,43.691595036341134
36793,134.4662744566066,36.72103040379298
36794,-1.4741052992438446,40.33201867703841
36795,-1.611134715309328,48.28847828497419
36796,-1.2637518411231767,48.30177261548697
36797,-78.95258052819513,33.19956180047772
36798,16.96531667000861,56.43631908571511
36799,-69.28294693250002,24.414891195
36800,29.28075194078696,40.84640702303912
36801,-102.32883253759408,17.341233454676416
36802,8.800576760650921,42.45731766342175
36803,-74.18060034243985,26.549707045397064
36804,135.03118086936624,34.911292842464064
36805,118.92338840000006,-21.6639156
36806,3.909238444792718,52.69480572370528
36807,-0.5119286773917812,49.15809079208825
36808,115.26108615182531,-30.94930804285713
36809,13.866657318445764,39.559732373959186
36810,-93.94449598687184,29.86877603624659
36811,6.073567693459939,53.95845528602978
36812,106.77977281607905,20.83557464578293
36813,152.49167002579645,-29.735544766804978
36814,16.418099739454345,54.20269089389639
36815,4.7979142484356485,53.495278437633424
36816,26.707261498446268,39.42325686766569
36817,-121.02861635446163,38.95672574180347
36818,2.0047177559400886,51.2303857988214
36819,1.4803740030957773,51.60375521952944
36820,-2.4401188562047507,49.595464810999864
36821,20.741837606589396,58.37762390969445
36822,128.32644403801106,36.457496985547685
36823,132.0261209601491,32.54651661784049
36824,3.1531189199799234,50.86032458017276
36825,10.314960258843369,41.53475551099894
36826,116.37019893618701,-31.852539467199367
36827,3.9602083497775413,52.66672608498799
36828,13.422535463674407,39.37671254009059
36829,1.493091624363775,45.638920216237885
36830,5.190732097986054,54.88433856405579
36831,173.82432585062202,-41.054276815932354
36832,-79.09261449438748,27.37085483686103
36833,-80.47652179094416,25.296683007625134
36834,-78.90937114362431,28.463883581127398
36835,-1.780116627134237,50.27218012993053
36836,-65.50469660000005,-15.8758379
36837,-3.6172211928198936,43.76089252554064
36838,54.71167049320015,25.11095574216136
36839,4.163491783121249,52.1626062381618
36840,122.6378620442202,28.753109516138547
36841,4.2952722343143135,51.3910698668124
36842,8.822578144819039,54.841529252590256
36843,20.326409782489026,37.75730794473417
36844,5.4308813612656,53.8995191910911
36845,4.650596494239881,52.8650242967736
36846,102.30240948787427,7.87832554118436
36847,12.258291704342986,40.35202475423668
36848,5.311465788922577,52.74565574141817
36849,26.428634216612018,37.36389708099729
36850,10.130450646177467,57.378088702138065
36851,10.683135299748146,56.85273465251366
36852,6.297834928057508,52.836948389272784
36853,109.07406546258697,18.234875718926276
36854,4.0781249274184175,52.76831729670439
36855,116.08652962845098,6.041984447950158
36856,123.31013976776325,27.504674337391165
36857,3.3868809736889403,51.355371943049356
36858,5.478304774232555,40.98003545481681
36859,121.20621888180602,19.758304818765605
36860,-15.419151830172355,28.146578356923186
36861,7.232982063426225,55.21794173396077
36862,3.747814575506231,37.68287675916051
36863,124.643775533453,25.959559531259057
36864,0.6910546276065801,39.23448753250613
36865,120.47885413214296,-1.4261690392857154
36866,3.962393950142236,52.56867658994299
36867,-5.040306986479093,38.76978826545266
36868,3.6125254916842717,42.781376391745546
36869,-109.25654526140376,25.291571717362213
36870,-79.5731705945191,9.48799503457303
36871,-79.49936576642459,9.271811304768086
36872,1.3412280794178704,51.088064353385725
36873,5.039261433924098,52.16835480985764
36874,12.408830212136692,55.164251665647356
36875,-74.63874869659756,39.11525616983326
36876,2.622079192068486,50.075969211392575
36877,112.14515797500228,0.272487341507216
36878,21.874885618888893,59.17888684333334
36879,3.9715292532320787,51.989137241600204
36880,-52.450792128097156,36.29719208317141
36881,138.5744880809008,35.05074476307802
36882,23.669864667498373,37.45339996196108
36883,9.817933736882678,42.081049512051976
36884,0.3062971020100303,39.63642510293072
36885,15.614256714247901,58.146817405845866
36886,-10.817764726574637,38.94965925698003
36887,9.65206914663095,55.51430060258514
36888,-10.952657930093315,31.5442329628518
36889,0.6994619333018111,51.92009657840585
36890,-0.3502387903509823,39.05603229260863
36891,3.632774247877606,52.190240852697215
36892,1.1680262404183515,51.94952355538086
36893,-0.876704137539499,50.56818902665375
36894,10.86069091787485,53.94371974789423
36895,21.608198410742098,39.63341251133092
36896,8.000530143823985,53.79402474712216
36897,-80.6660901684632,25.456650402532475
36898,138.44057744062567,35.16941640913219
36899,19.25059757379666,57.77533212783406
36900,9.522421093576865,43.91139971957221
36901,-122.32981802543992,46.886311986367545
36902,6.946944537656174,54.47636480310808
36903,18.442078446913193,57.275094895333794
36904,-77.3913341806899,36.23234733059634
36905,-47.665925322619074,-26.829057745714273
36906,12.542549593672065,55.08946732933168
36907,1.195052251153409,50.98684079135719
36908,9.77666257194376,55.14524101237866
36909,10.26978454970129,42.51941164413234
36910,-122.21345059824952,46.223607008641686
36911,3.045600748432057,51.9384337089434
36912,-8.44847415384005,33.86924890401931
36913,10.094038365561357,41.89886008876334
36914,-2.349290431027986,40.043476048057904
36915,11.694345773638265,38.04372597219652
36916,3.015948264296534,51.50701917534542
36917,-118.37619252159901,32.929787292271634
36918,14.919895385170767,37.845200471412866
36919,1.2830179309114182,50.487865159587294
36920,6.962565346549832,53.12640930643254
36921,12.199193038351785,40.352028704995455
36922,169.46638761970783,-38.02109287737137
36923,2.072127995702032,48.38642967063842
36924,-1.7232221041394564,49.8493237575289
36925,-4.651913925709591,47.7352160169463
36926,-8.168861568098917,43.92071864279271
36927,2.2592413932958983,51.619680951171134
36928,6.347219930271965,54.26758932844297
36929,18.593749648807105,56.97625476968396
36930,5.6275054688050945,53.420082293778734
36931,11.794388704665574,41.50136538635686
36932,-2.117791287582223,42.55090286849064
36933,-123.53220254961161,45.12440408651755
36934,27.269718719999986,-28.299309606666682
36935,3.4455887898080406,51.72554687294426
36936,2.3737618148577564,51.591770121747274
36937,3.875420173605238,51.936521808769484
36938,107.0413403188452,9.826415198257079
36939,-1.7849789255855197,48.28574889054432
36940,1.1177808039253734,51.05588545548137
36941,18.05936307651924,40.458883546888444
36942,10.884769894237477,40.288899134970045
36943,-2.6481617483477633,50.83222044310729
36944,26.830087235466006,39.373522534542694
36945,-102.22254021568932,17.3016793956288
36946,-47.667658197619076,-26.829253204047603
36947,9.522421093576865,43.91139971957221
36948,3.964498050142235,52.56922808994299
36949,1.185433177359524,51.9637220887364
36950,-74.02291030130479,26.796788480204444
36951,2.2207577174645983,48.736519646984036
36952,3.6130537422754103,42.7803231630555
36953,3.909238444792718,52.69480572370528
36954,-78.99783143976657,33.137076850062066
36955,-69.3435744325,24.389679694999998
36956,1.4562275866387246,45.386551935626265
36957,13.42907088674831,39.39622246359893
36958,173.82416167868973,-41.054389550639314
36959,134.2185765566066,36.653725103792986
36960,54.7116703006244,25.110955275494693
36961,4.650596494239881,52.8650242967736
36962,102.3195452176091,7.8792549766010245
36963,-65.56102630000001,-15.8751644
36964,121.20834593117107,19.761371650035443
36965,-15.419154003662976,28.146574687362637
36966,6.350218618623614,54.272708895109645
36967,27.264143399999988,-28.30267530000002
36968,21.878036329999997,59.18563842666667
36969,5.039261348667687,52.16835456562688
36970,12.418611662136692,55.15993712564736
36971,135.0181460595029,34.90640002078704
36972,3.875420173605238,51.936521808769484
36973,-4.552765202521185,47.76063189492847
36974,13.88818535160541,39.6278109468526
36975,-0.43348091687896073,49.219811975165165
36976,4.64946724575606,54.854375907593095
36977,-93.94449482407525,29.86877533741045
36978,115.26168865182531,-30.94946134285712
36979,-79.57196524234273,9.484412635731157
36980,29.27777535391494,40.84736241927126
36981,106.77977696107904,20.83557501578293
36982,152.48901762579646,-29.73723126680498
36983,16.64388081126759,54.21988432212266
36984,4.7979142484356485,53.495278437633424
36985,26.702348522804556,39.42307978540717
36986,-120.99597045446166,38.83477224180348
36987,2.0043038559400883,51.23062869882139
36988,1.4835142780957773,51.6028942111961
36989,128.32644345467773,36.45749874388102
36990,-2.240027169385582,49.69566940391935
36991,132.0121621887205,32.54902864212621
36992,-2.1062745848044444,42.56516933515731
36993,3.1120101774987203,50.825285060135165
36994,116.37456848785367,-31.858452438866028
36995,10.314958842176704,41.534754027665606
36996,3.873105312670623,52.62632779159176
36997,-80.33321589094416,24.569030907625137
36998,-1.7782409271342372,50.27252112993053
36999,-1.8743387802775313,40.16322063909041
37000,-3.6172211928198936,43.76089252554064
37001,122.76991876059122,28.84394492861083
37002,4.172653699787916,52.15994043816179
37003,4.29527218986987,51.39106964459018
37004,8.849423901149184,54.82481946670607
37005,20.3231898748298,37.75785479767493
37006,9.817933736882678,42.081049512051976
37007,-79.0884218463025,27.363280051155648
37008,12.258291704342986,40.35202475423668
37009,10.130450646177467,57.378088702138065
37010,5.428744522254613,53.88374858284936
37011,5.3922166555892455,52.76059374141817
37012,26.428634216612018,37.36389708099729
37013,109.19401516014648,18.897221387497712
37014,16.6278856854889,56.275022366504224
37015,6.297834928057508,52.836948389272784
37016,4.06691873777223,52.774872473605384
37017,-74.62594644659757,39.11548456983325
37018,11.80549840185086,41.54380078726019
37019,-11.125872623515033,31.33764495559953
37020,116.08653862797478,6.041990224616825
37021,123.48798441903313,27.596750317518154
37022,3.3868809736889403,51.355371943049356
37023,-79.49936576642459,9.271811304768086
37024,9.641490398203821,55.50979986265007
37025,-52.44674657000191,36.29805219174283
37026,-2.586990560252525,50.841704826440626
37027,5.706017052232556,40.9735183288168
37028,10.474178997566293,56.68848298941924
37029,-0.7997018744064261,50.58730790290205
37030,8.895012547317588,42.393412870088426
37031,3.1702021862205174,37.59979160380337
37032,112.14930247500227,0.26482094150721647
37033,124.63988728678632,25.86535648459238
37034,0.6757272629806244,39.21769131902502
37035,120.43977113214294,-1.4207178392857147
37036,2.6894320979854234,51.567441736015866
37037,169.4839625959899,-38.066436338909824
37038,10.86069091787485,53.94371974789423
37039,-109.70748082228931,24.94697326279316
37040,5.6275054688050945,53.420082293778734
37041,-1.9116276080653334,49.66530739315047
37042,138.42368690819458,35.16570122611286
37043,138.5454031492631,35.045080144901846
37044,23.669864667498373,37.45339996196108
37045,1.218718005614191,51.18864708292585
37046,-123.5429244121116,45.127036299017554
37047,16.439550498235835,58.326224010029875
37048,-10.82025110086035,38.951277271265745
37049,-4.724518650816079,38.90903618609096
37050,9.74938649400725,55.13625269356914
37051,0.7394985301949827,51.93812930058163
37052,3.632774078326835,52.190240484698144
37053,2.622079192068486,50.075969211392575
37054,-0.35960732747219465,39.04986825806317
37055,20.694863181589405,58.35151754219446
37056,-80.75302953512988,25.496107235865807
37057,-77.3913341806899,36.23234733059634
37058,21.608836860742095,39.638769261330914
37059,6.07056577345994,53.95779418602979
37060,-8.174063636713635,43.87570407426457
37061,2.2484908751913233,51.61439826326263
37062,12.067869293272418,40.32484670563038
37063,7.998600218858384,53.79545175630603
37064,6.946944928383203,54.47636410549934
37065,3.033142793227808,51.996309076094185
37066,-12.47571624977204,34.25959711802999
37067,3.4023270239747085,51.70728218711092
37068,0.2424205300578962,39.63409433318351
37069,2.380182442936574,51.6040301642509
37070,107.0392018988452,9.826582398257079
37071,-122.3341864900688,46.85201826726299
37072,19.524180648306455,57.89783217332423
37073,11.816901320066837,38.008381512910816
37074,-1.754610462689592,48.30429197877961
37075,3.9500048061805213,51.981186754373674
37076,11.034935384979287,40.20600123041552
37077,1.330563004482847,50.50447985458729
37078,-8.451783753840047,33.85954023735265
37079,6.962565346549832,53.12640930643254
37080,10.097900165561356,41.91085030543001
37081,18.421265346913195,57.2587552753338
37082,12.530723623496629,55.0868991644194
37083,-2.3519021048375097,40.044897638137265
37084,1.0990314915619892,51.00569311625479
37085,1.3190296165173832,51.02540232693278
37086,10.251696899974158,42.548589342389704
37087,7.297769805092892,55.21050640062744
37088,118.59634740000003,-21.055689899999997
37089,-122.26280705995208,46.39460332430639
37090,18.00641485151924,40.42139424022177
37091,-118.37383042159901,32.92980549227163
37092,14.915085769932675,37.86323455950811
37093,18.593749648807105,56.97625476968396
37094,134.2114765566066,36.65044950379298
37095,10.86069091787485,53.94371974789423
37096,-79.09965943830612,33.002243191263254
37097,-0.7717674811229839,38.34432826845611
37098,33.14575757142857,-28.20963575535714
37099,4.458590674922728,54.80975711592642
37100,2.0643287292662884,52.62292422609114
37101,3.3738919565736767,42.690239915699465
37102,124.64546815345302,25.97134095125905
37103,18.421265346913195,57.2587552753338
37104,2.387286448566077,49.33558420415119
37105,29.27777535391494,40.84736241927126
37106,4.769371491863834,53.47430373089223
37107,3.2869531529696747,51.36261193464293
37108,-2.7308454952775314,40.025415607423746
37109,27.269527399999994,-28.30026590000002
37110,8.89087792731759,42.38752886675509
37111,9.817933736882678,42.081049512051976
37112,135.01363792464576,34.9099813076918
37113,-65.55595550000002,-15.864565800000001
37114,4.07326963777223,52.77401897360537
37115,2.3242961180427515,37.45481506254279
37116,120.44734973214292,-1.4022396392857146
37117,5.482632652232556,40.970431628816804
37118,0.6757279963139579,39.217691652358354
37119,-4.374225154019299,39.069395299922434
37120,1.2506093309309523,52.008104608379256
37121,1.0888232715619892,51.00228935625478
37122,21.874319818888885,59.18485479333334
37123,12.410502722136693,55.15633364564736
37124,12.070638186605754,40.32456092563038
37125,5.039261557001021,52.168354740626874
37126,3.875420173605238,51.936521808769484
37127,-4.552765102521185,47.76063209492847
37128,112.21632907500226,0.10642944150721644
37129,3.909238444792718,52.69480572370528
37130,-0.40641909338902765,49.21337695838665
37131,-93.94449482407525,29.86877533741045
37132,115.26317105182532,-30.950169442857124
37133,13.88818535160541,39.6278109468526
37134,106.77977848179333,20.835573900544837
37135,16.643881272845903,54.21988393248411
37136,26.702144762804554,39.422668105407176
37137,-121.00170035446166,38.84197334180348
37138,2.1253078271667927,51.24015655081183
37139,1.4835142780957773,51.6028942111961
37140,128.32644403801106,36.457496985547685
37141,132.01476018872052,32.5610880421262
37142,-2.1524869501565265,49.783817309289226
37143,-1.611134668422881,48.28847844056027
37144,-1.26375199423673,48.30177267107306
37145,3.1531199774987204,50.860325360135164
37146,116.37133547475845,-31.852235851961268
37147,10.314958442176703,41.53475472766561
37148,3.977454819952369,52.66105238652232
37149,-73.71002150404836,26.85556478039286
37150,13.393668667294445,39.428174247098774
37151,-69.34484093250003,24.387029794999993
37152,173.82433285062197,-41.05424341593236
37153,-80.27669189094415,24.612318707625132
37154,9.923759196246735,41.608072464941166
37155,16.411557733299517,56.17430678057154
37156,-1.8145623494305048,50.265137682215375
37157,-3.6172211928198936,43.76089252554064
37158,4.1636701831212495,52.1633924381618
37159,122.63674196059124,28.75284752861083
37160,4.2953146712815276,51.391088648386166
37161,54.71167023562442,25.11095534216136
37162,8.851048674039628,54.83195989838438
37163,20.327269541692544,37.75662078924356
37164,4.650596494239881,52.8650242967736
37165,21.605740010742096,39.63328351133091
37166,12.258291704342986,40.35202475423668
37167,102.308464125248,7.8732023800732485
37168,5.43088747177842,53.869341585706486
37169,26.428634216612018,37.36389708099729
37170,-74.63708679659757,39.11526886983325
37171,-79.49936576642459,9.271811304768086
37172,10.130450646177467,57.378088702138065
37173,3.962393950142236,52.56867658994299
37174,5.486418355589246,52.77292124141816
37175,-109.70282738314206,24.949949740866497
37176,-2.2500514076944653,49.21026705983121
37177,2.4241779542146222,44.37338984780949
37178,109.06558676014649,19.323677395831037
37179,6.297834928057508,52.836948389272784
37180,0.7419571524172048,51.937478222803854
37181,126.26059846050266,36.92031576304093
37182,-11.116746023515034,31.35347155559953
37183,-79.56638167980819,9.471849879994167
37184,2.622079192068486,50.075969211392575
37185,123.92909542369269,27.838461658735355
37186,152.49156182579648,-29.736484266804982
37187,18.593749648807105,56.97625476968396
37188,138.50991676870754,35.042111359716664
37189,16.695075419714545,58.40135420582985
37190,-10.817764726574637,38.94965925698003
37191,1.218718005614191,51.18864708292585
37192,116.0865294113081,6.041984877950158
37193,5.7116288973765235,53.457589617588255
37194,23.669864667498373,37.45339996196108
37195,10.404045595167302,56.633495240303084
37196,-2.1339868778600004,42.5121247351573
37197,3.63277451857936,52.190240796907744
37198,18.062727316519236,40.45889600688844
37199,-0.3595672274721947,39.05304865806317
37200,-80.60587666846321,25.44126720253247
37201,-118.37249322159902,32.92980719227164
37202,-123.53626774961161,45.12815428651755
37203,-0.7997018744064261,50.58730790290205
37204,1.3019681094429152,51.01742983408703
37205,9.767720583292965,55.143898325712
37206,-52.447620756668584,36.296781445076164
37207,10.251696899974158,42.548589342389704
37208,-122.2641009879093,46.40557491439236
37209,7.338756763426227,55.190787533960766
37210,10.096623565561355,41.90692963876335
37211,-77.3913341806899,36.23234733059634
37212,-2.4659226342492744,40.070437185196084
37213,169.48286791970781,-38.06662717737137
37214,20.709637816589396,58.34899528469445
37215,6.127047168004419,53.97414418420771
37216,6.946944701464014,54.47636508209423
37217,14.907687859932674,37.86568103950811
37218,9.673671598203821,55.52911673626117
37219,11.817365686733503,38.01219244624414
37220,7.988391666001239,53.79649167273459
37221,-8.171755236713635,43.86256717426457
37222,2.586890547985423,51.55386603601586
37223,3.0691382686963453,51.95098751914828
37224,-2.5793245602525245,50.84263297644062
37225,138.42288190819457,35.16566912611285
37226,11.805829617235474,41.54502066418327
37227,3.3868809736889403,51.355371943049356
37228,2.253869249953228,51.62240184056422
37229,3.4623828173080415,51.742263462110934
37230,2.382684242936574,51.605730264250894
37231,19.506568448306467,57.89123067332425
37232,-1.754610462689592,48.30429197877961
37233,3.944286110347187,51.98124501826257
37234,121.20833240180603,19.761216558765604
37235,-122.33690169529049,46.77468621852346
37236,11.158543507218408,40.23193825537246
37237,1.3268994571018944,50.498602156015856
37238,6.962565346549832,53.12640930643254
37239,-12.501073060850471,34.20166342886333
37240,0.24242040783567398,39.63409424985018
37241,118.63662490000006,-20.0510666
37242,107.0426452988452,9.82735859825708
37243,-8.378943120506715,34.04946090401931
37244,12.530723623496629,55.0868991644194
37245,1.9552641716979549,52.6223072978418
37246,-18.501162886266126,40.16306913409235
37247,-2.7306048952775317,40.02321120742375
37248,3.3097369495259663,51.38414444764671
37249,-0.3861569571381544,38.414786437970776
37250,4.436948974922728,54.803769915926416
37251,1.0058675640100412,50.97583415532622
37252,-2.130901033812381,42.52298802087158
37253,121.208122301806,19.760791378765603
37254,1.253669997597619,52.01263840837925
37255,-11.075532523515035,31.38896825559953
37256,-69.35943333250003,24.396909295
37257,10.251696899974158,42.548589342389704
37258,3.909238444792718,52.69480572370528
37259,147.01729279877566,-36.260040744388085
37260,-109.6913268824721,24.95955245971305
37261,6.287294713854987,54.23636401396107
37262,12.258291704342986,40.35202475423668
37263,26.428634216612018,37.36389708099729
37264,5.496042888922578,52.77285304141817
37265,109.0628264788965,19.32504971416436
37266,10.130450646177467,57.378088702138065
37267,6.297834928057508,52.836948389272784
37268,4.071955737418418,52.77229171670439
37269,-102.183358867356,17.289490218279223
37270,124.18771108913508,27.9788105100311
37271,116.08653221130811,6.041997177950159
37272,-12.31909446585047,34.30216014386332
37273,3.3868809736889403,51.355371943049356
37274,1.5909388017476689,37.324530682332394
37275,-15.419145561789875,28.146578455486637
37276,0.6769149732836547,39.21721744993411
37277,124.64697213345298,25.95602723125905
37278,120.42853423214292,-1.4718222392857156
37279,-4.142864598921979,38.93757157527191
37280,21.872807218888887,59.18042154333333
37281,12.408453022136694,55.15539594564736
37282,5.039261357001021,52.16835454062687
37283,173.82437213951084,-41.053227807599015
37284,-79.56528202185432,9.468618978338545
37285,2.4928605489945843,49.800889832760305
37286,3.875420173605238,51.936521808769484
37287,-4.559602435854519,47.770855278261806
37288,21.6126780757421,39.63302575799758
37289,112.66145067500223,-0.9905998584927842
37290,126.25654236050266,36.915749463040925
37291,13.88818535160541,39.6278109468526
37292,-0.4087383600556944,49.214201358386646
37293,-93.94449482407525,29.86877533741045
37294,1.3245412571018946,50.49862285601586
37295,29.27777535391494,40.84736241927126
37296,8.893477427317588,42.38574143342176
37297,115.26208325182532,-30.94975334285713
37298,106.77977816846,20.8355724672115
37299,16.418067239454345,54.202680893896385
37300,4.769371491863834,53.47430373089223
37301,-121.02890768779498,38.957503441803475
37302,26.716086221931537,39.424712518304
37303,-74.63874869659756,39.11525616983326
37304,2.142622491950572,51.24369250000618
37305,1.4835142780957773,51.6028942111961
37306,128.32644403801106,36.457496985547685
37307,132.0165818687205,32.5620361421262
37308,-2.0721088844220357,49.80610418849206
37309,3.153119759453608,50.86032509069907
37310,-65.59841770000004,-15.866360800000002
37311,116.37221973618703,-31.852021467199364
37312,10.31495995884337,41.53475591099894
37313,-73.70902320404835,26.854499880392858
37314,3.9875091309307944,52.657374768900034
37315,13.393668279908361,39.42817403644927
37316,-1.8145623494305048,50.265137682215375
37317,-80.60177959094416,24.955382007625136
37318,5.479066618899221,40.98016708215014
37319,-0.35622402747219456,39.05365085806317
37320,18.05870727901924,40.45734911938844
37321,9.648503673118514,56.06433452045429
37322,-0.7821546077591917,50.59035764596632
37323,33.15041277142857,-28.206993855357144
37324,-3.6172211928198936,43.76089252554064
37325,16.383253941143515,56.16387529538311
37326,135.00288318747386,34.911656940259945
37327,54.71167049320015,25.11095574216136
37328,18.593749648807105,56.97625476968396
37329,-123.53696154961162,45.12877308651755
37330,122.63674191059124,28.75284832861083
37331,4.036096549787916,52.11038799232847
37332,118.63738420000006,-20.051440000000003
37333,9.815759102869965,41.621049221394216
37334,0.7419571524172048,51.937478222803854
37335,2.2565662332865615,51.62293525723089
37336,-80.62714646846321,25.451251102532474
37337,-122.34143520626289,46.786436087827724
37338,-79.49936576642459,9.271811304768086
37339,4.251947421281528,51.36805309838616
37340,0.25630588351198547,39.63784045801296
37341,2.566998252359274,43.88448133362148
37342,-118.37619252159901,32.929787292271634
37343,-1.6112099973048686,48.28848907006337
37344,-1.2638273231187176,48.30178330057616
37345,12.544356390163294,55.09231569775274
37346,-77.3913341806899,36.23234733059634
37347,8.850440209039625,54.83265688338438
37348,9.76473657973459,55.153207811371985
37349,-122.26363591527401,46.415858109247836
37350,20.32640987457694,37.75730789995072
37351,6.127047168004419,53.97414418420771
37352,9.646661749791123,55.54253369816595
37353,11.820268311733503,38.01222274624414
37354,-8.169550536713636,43.88565817426457
37355,11.183365924009452,40.22291798401052
37356,5.430955262398912,53.86842278108888
37357,3.962393950142236,52.56867658994299
37358,-2.52393790469697,50.82289061866284
37359,134.2149438566066,36.64824210379299
37360,11.794388704665574,41.50136538635686
37361,4.650596494239881,52.8650242967736
37362,138.42288173239038,35.165670550308654
37363,2.622079192068486,50.075969211392575
37364,2.4960562429365747,51.6767972642509
37365,19.51814931497313,57.89724248665759
37366,3.93831746868052,51.98079011350066
37367,-52.36824952809715,36.44344641650474
37368,6.962565346549832,53.12640930643254
37369,5.7116288973765235,53.457589617588255
37370,107.03376340687939,9.819390936718618
37371,-1.7625375881281884,48.35182967263926
37372,7.9765517900088385,53.805060989615505
37373,102.30137336969243,7.87374604118436
37374,152.49169462579647,-29.73562216680498
37375,-8.399426820506715,34.11922355401932
37376,10.094038365561357,41.89886008876334
37377,138.47426750988404,35.03569555628529
37378,-2.295618409505409,40.19609961983318
37379,23.669864667498373,37.45339996196108
37380,16.659045632313113,58.41328647158253
37381,169.65715281970785,-38.12080547737137
37382,1.4724100566309724,51.04123804630834
37383,9.817933736882678,42.081049512051976
37384,1.2103393259444049,51.19215542901882
37385,14.905511259932673,37.870089429508106
37386,7.489076169515971,55.271613865050504
37387,3.0691384436963447,51.95098761914828
37388,3.5341542589747075,51.792745922445036
37389,-10.817764726574637,38.94965925698003
37390,20.710092916589396,58.34967928469446
37391,-2.673794277684412,48.633536733413806
37392,6.946944165897429,54.4763652134838
37393,2.267113733745485,51.586571075019144
37394,3.632774247877606,52.190240852697215
37395,8.893477427317588,42.38574143342176
37396,6.280983469587588,54.24858260158012
37397,-0.19880325742680655,38.40641319932402
37398,3.028297052737816,50.83114461061341
37399,12.847265903478785,41.0680067008036
37400,147.01729067655344,-36.26004481819761
37401,-1.611135080638202,48.288479076015754
37402,-1.2637524064520507,48.30177330652854
37403,0.7115624424172049,51.97659898113719
37404,1.2941011975976189,52.05136070837924
37405,134.09506085660658,36.64868460379299
37406,118.45013640000005,-20.0453333
37407,-65.59431620000001,-15.871241200000002
37408,9.895801105991174,41.60198136254931
37409,10.271659076720054,42.53255553920474
37410,0.9718055824124818,50.95593501230246
37411,112.67230588500223,-0.9859628284927845
37412,16.35924315686928,56.15778565868312
37413,-3.6172211928198936,43.76089252554064
37414,107.04045047576828,9.824452036718617
37415,-2.109983633812382,42.547846562538254
37416,-73.69442750404835,26.847417980392862
37417,2.619099418641367,43.898943537091775
37418,121.20929731117101,19.764180390035445
37419,-15.419159606562225,28.146590722702605
37420,19.493577435507653,57.82478494632439
37421,173.82416707868975,-41.05438555063932
37422,21.609282600742095,39.638261032997576
37423,-109.87033770845979,24.78820839208943
37424,29.27777535391494,40.84736241927126
37425,-80.84326106594415,24.179790632625142
37426,-1.8538837399066952,50.263288472691556
37427,18.005284047047695,40.420221979246165
37428,122.76991876059122,28.84394492861083
37429,4.125362766454583,52.13498398816179
37430,8.85752533686347,54.83026540242035
37431,20.3231898748298,37.75785479767493
37432,4.650596494239881,52.8650242967736
37433,5.429443635587945,53.83497398951602
37434,10.130450646177467,57.378088702138065
37435,9.817933736882678,42.081049512051976
37436,102.31791850548112,7.879112927199526
37437,5.558036888922577,52.78553760808483
37438,12.241458091165343,40.35889470581248
37439,26.428634216612018,37.36389708099729
37440,-0.32047250562876023,39.06101851538641
37441,6.297834928057508,52.836948389272784
37442,109.06132981383703,19.325785766465955
37443,-102.16224658697298,17.281958727927258
37444,4.065256933259245,52.774534582999316
37445,124.69347580002125,28.14070374542223
37446,116.08653862797478,6.041990224616825
37447,3.3868809736889403,51.355371943049356
37448,9.51306756243597,55.97280547926754
37449,13.907166668082832,39.688002022481726
37450,12.04653110774407,40.318399511003214
37451,1.5149007408169328,37.40142829315491
37452,120.42234503214293,-1.4949951392857148
37453,-79.49936576642459,9.271811304768086
37454,124.60348968678635,25.85069628459238
37455,0.6476577610758628,39.18761925688217
37456,-4.086524443185468,38.97218208922055
37457,5.039261548667687,52.16835466562688
37458,21.875798629999995,59.18715662666666
37459,12.410884822136696,55.15979274564736
37460,2.5466095125587977,49.82123040390028
37461,-4.562940837033416,47.751800506275366
37462,3.875420173605238,51.936521808769484
37463,-0.34394132672236116,49.221442508386644
37464,2.622079192068486,50.075969211392575
37465,-93.94449509656229,29.86877602528928
37466,115.26256630182532,-30.94851004285712
37467,5.706686952232556,40.97374882881681
37468,-12.497643479183806,34.20550216052999
37469,106.7797781844157,20.83557482502036
37470,3.964498050142235,52.56922808994299
37471,0.24102800216528514,39.632363269082774
37472,16.64388081126759,54.21988432212266
37473,-74.62594644659757,39.11548456983325
37474,4.769371491863834,53.47430373089223
37475,26.69956027030186,39.423358390204264
37476,0.721172875042596,39.952140378390574
37477,18.593749648807105,56.97625476968396
37478,-120.97307263168524,38.8671178778082
37479,-79.56528202185432,9.468618978338545
37480,2.2237362286509783,51.26621880794629
37481,1.4835142780957773,51.6028942111961
37482,128.32644403801106,36.457496985547685
37483,132.0257917687205,32.55538624212622
37484,23.669864667498373,37.45339996196108
37485,-2.074718884422036,49.80632248849205
37486,3.1117934774987206,50.825623960135175
37487,6.12809536800442,53.97474858420771
37488,-2.534834863268398,50.81852513901998
37489,4.021531548163198,54.751239490877545
37490,135.00367679047383,34.905049893593265
37491,33.180316871428566,-28.20210815535714
37492,19.531459792750898,57.91588800665756
37493,3.0859698417650234,51.96077416579068
37494,12.538509716132607,55.06920466367131
37495,126.13997567703201,36.86889300792972
37496,-77.3913341806899,36.23234733059634
37497,-69.36051627955885,24.40672233617647
37498,10.314709842176704,41.53463102766561
37499,4.048673221322951,52.67255283801768
37500,3.93524170618052,51.98088185437368
37501,152.48901762579646,-29.73723126680498
37502,1.3240367021018946,50.504552451015854
37503,116.38672939618701,-31.846240130532692
37504,5.7116288973765235,53.457589617588255
37505,138.28157789497803,34.93562215057594
37506,1.2103393259444049,51.19215542901882
37507,17.076867617645732,58.50149655420656
37508,-10.817764726574637,38.94965925698003
37509,1.4810081628994345,51.042490075590486
37510,-11.188960883515033,31.27213738417096
37511,3.632774078326835,52.190240484698144
37512,138.41887904158884,35.15795320590289
37513,13.393668477028575,39.4281736235655
37514,2.2876497066525743,51.64565988321127
37515,2.4786406365263183,51.67442742975959
37516,-0.4359043939994713,50.67663888062036
37517,-1.812521573670597,48.372829796505236
37518,-2.668938477602919,48.505689218708504
37519,-122.34501336958512,46.75250351721654
37520,6.962565346549832,53.12640930643254
37521,4.250946281665643,51.36836528197957
37522,7.591192361182636,55.25372515671718
37523,-8.353316045506714,34.286642487352644
37524,10.112578800914891,41.91055090896537
37525,-123.54724438961159,45.131064016517556
37526,12.532408895086023,55.09000139557211
37527,-2.2819614247448063,40.18779595293168
37528,169.4831421959899,-38.06657913890982
37529,9.743175960290145,55.1453675738323
37530,-80.69850576846324,25.54203160253247
37531,-118.37385612159902,32.92987039227163
37532,3.6090815031240044,51.88924970509768
37533,9.626479283001887,55.51617562584462
37534,-122.31932540397911,46.586956968214565
37535,6.946891530492253,54.47658087700617
37536,2.263469317078818,51.590833365495335
37537,14.854242535885056,37.85999687403192
37538,11.795769678195589,41.50253550390065
37539,11.831426625066836,38.019607170410815
37540,7.95779730341796,53.810672745691555
37541,-52.447027356668585,36.29574774507617
37542,20.700555881589402,58.35330634219446
37543,11.183365924009452,40.22291798401052
37544,-8.174941136713636,43.82561827426457
37545,126.13997567703201,36.86889300792972
37546,-12.497643479183806,34.20550216052999
37547,147.0172932432201,-36.26004014438809
37548,1.3532538725976189,52.093182608379244
37549,2.3681596518988455,42.05989985542849
37550,11.897625519104146,40.27665603777452
37551,27.266422699999993,-28.30220970000002
37552,-3.339635404871814,42.667652534402684
37553,3.917069939513853,51.97893002104035
37554,112.6798290250022,-0.9800101084927845
37555,29.27777535391494,40.84736241927126
37556,106.7797780344157,20.83557482502036
37557,-73.59754920404835,27.12694638039286
37558,-2.9647514952775316,39.79447170742375
37559,1.1257011706675961,40.22105893776558
37560,0.47268961276868504,38.658637824411365
37561,4.007285448163198,54.745849090877535
37562,-93.94449509656229,29.86877602528928
37563,115.26263645182533,-30.948295942857122
37564,3.63277451857936,52.190240796907744
37565,-79.55454946270656,9.449155941402369
37566,21.606185750742103,39.63277528299758
37567,16.643881272845903,54.21988393248411
37568,4.769371491863834,53.47430373089223
37569,26.699356510301858,39.422946710204265
37570,2.2237362286509783,51.26621880794629
37571,1.4774639037215405,51.60241364194244
37572,-120.96727083168524,38.86381317780821
37573,128.3266533854161,36.453504761326236
37574,132.02333880989698,32.55428967153797
37575,-2.0733237844220356,49.806861288492044
37576,3.1531199774987204,50.860325360135164
37577,116.38537207475845,-31.844774151961268
37578,3.9735039778618533,52.56034078863517
37579,-80.81408486594415,24.257716632625137
37580,13.423608097606438,39.51771208429994
37581,-65.63623180000002,-15.878359500000002
37582,18.593749648807105,56.97625476968396
37583,-1.8538837399066952,50.263288472691556
37584,18.059385128714357,40.45508584591283
37585,9.9007831274172,41.60354050700565
37586,-3.6108934288089047,43.76155249696921
37587,4.116379249787916,52.1384359881618
37588,122.63674196059124,28.75284752861083
37589,6.224939887648092,54.23006658647339
37590,54.71167023562442,25.11095534216136
37591,8.866203696117552,54.83471916288655
37592,20.327269541692544,37.75662078924356
37593,4.650596494239881,52.8650242967736
37594,-109.87518739844666,24.780100160649287
37595,102.30861951598732,7.873137130256455
37596,5.431545985111755,53.82805719237315
37597,12.241458091165343,40.35889470581248
37598,26.428634216612018,37.36389708099729
37599,5.578252955589244,52.78632607475151
37600,109.06162045079354,19.32629531168335
37601,10.130450646177467,57.378088702138065
37602,6.297834928057508,52.836948389272784
37603,4.072442146116386,52.77194975442789
37604,124.69488698176725,28.145067598596825
37605,-79.49936576642459,9.271811304768086
37606,116.0865294113081,6.041984877950158
37607,9.048165907472507,55.60654752423878
37608,3.3868809736889403,51.355371943049356
37609,121.209286581806,19.764026198765603
37610,-15.419160224644934,28.14659997399332
37611,1.507833163888558,37.36973562455987
37612,-69.35030827955885,24.38150103617647
37613,0.598530490992365,39.148704345321356
37614,120.41142113214292,-1.5411495392857157
37615,124.61070963345298,25.945043051259052
37616,-4.057973693696235,39.01987557913603
37617,-123.54320918961159,45.13152041651755
37618,2.923912269382153,51.318765799710405
37619,7.948454662508869,53.81179823254538
37620,21.872671618888884,59.18457434333333
37621,12.398718091176358,55.176102655620454
37622,5.039261457001021,52.16835454062687
37623,9.817933736882678,42.081049512051976
37624,173.824330550622,-41.05426921593235
37625,118.61895670000006,-19.917499199999998
37626,16.16751134595243,56.087029045491235
37627,3.962393950142236,52.56867658994299
37628,2.399872681869695,49.921800630342574
37629,3.875420173605238,51.936521808769484
37630,9.625688883001887,55.51514592584462
37631,2.4789761455482626,43.68066578969986
37632,-4.562940737033416,47.75180070627536
37633,-77.3913341806899,36.23234733059634
37634,9.76151004957586,55.15301320597516
37635,-1.611134968422881,48.288478365560266
37636,-1.2637522942367299,48.30177259607305
37637,23.669864667498373,37.45339996196108
37638,1.2103393259444049,51.19215542901882
37639,17.047883150979068,58.488419304206566
37640,-10.817764726574637,38.94965925698003
37641,20.707951316589398,58.34871738469445
37642,-11.179834283515033,31.28796398417096
37643,5.4837366522325555,40.969552798816814
37644,-2.1255538621085277,42.54174533785941
37645,-0.34756042672236104,49.22461110838665
37646,6.946890760224801,54.476581506540576
37647,4.250946592957912,51.368365543875704
37648,-0.43193262951249634,50.676481889764425
37649,0.7115624424172049,51.97659898113719
37650,-52.42614164238287,36.29819734793331
37651,7.604092419515971,55.22981539005052
37652,-74.63708679659757,39.11526886983325
37653,12.532408895086023,55.09000139557211
37654,10.314709342176702,41.5346320276656
37655,-0.32043240562876013,39.064198915386406
37656,-80.54992646846321,25.486264002532472
37657,6.127047168004419,53.97414418420771
37658,12.538746750115292,55.069234089861794
37659,-118.37279142159902,32.92974459227164
37660,14.850549435885057,37.860723074031924
37661,-2.523785613268398,50.81933543901998
37662,2.132853407706401,44.43713822527966
37663,-2.4589295065220975,40.31614063856583
37664,169.48286791970781,-38.06662717737137
37665,-122.31759216167947,46.49708420274852
37666,2.2166259300996516,51.581136168248314
37667,3.6094009864573375,51.88926622009768
37668,11.796315173580206,41.504329520823724
37669,33.230384771428575,-28.19527115535714
37670,1.5104409911746703,51.04671023659266
37671,-8.172262236713635,43.826498274264566
37672,11.183365924009452,40.22291798401052
37673,138.57500902087608,35.15379631164377
37674,135.00312972047385,34.90537049025994
37675,19.553656402174315,57.83756741299105
37676,11.831890991733504,38.02341810374414
37677,-2.7199772305694605,48.340509008030814
37678,2.310500994320415,51.66859163345708
37679,1.3158378971018947,50.49746351601587
37680,0.2410278799430629,39.63236318574945
37681,2.4874400865263184,51.68738662975959
37682,-1.8142337820576933,48.37213471936238
37683,-122.3456450523453,46.71360616691686
37684,13.907166668082832,39.688002022481726
37685,152.49156182579648,-29.736484266804982
37686,6.962565346549832,53.12640930643254
37687,2.622079192068486,50.075969211392575
37688,137.86240414125555,34.720468594770665
37689,19.52260919275091,57.9173471066576
37690,5.7116288973765235,53.457589617588255
37691,3.10898114616921,51.978746251241574
37692,-8.347270745506714,34.29390305401931
37693,10.111302200914892,41.906630242298704
37694,2.132853407706401,44.43713822527966
37695,107.04329557576828,9.823836036718617
37696,2.2166261300996517,51.581136168248314
37697,0.7115624424172049,51.97659898113719
37698,-2.964847895277532,39.79322410742375
37699,2.923912269382153,51.318765799710405
37700,29.27777535391494,40.84736241927126
37701,0.6868273834891866,38.76631971409915
37702,13.075507738670526,42.1342250414474
37703,173.824328850622,-41.05427541593235
37704,112.6788876250022,-0.9736195084927847
37705,3.962393950142236,52.56867658994299
37706,16.418099839454342,54.20269049389639
37707,13.423615665466565,39.51771071138998
37708,8.694810551264737,55.344047038374754
37709,133.072383623848,32.235171288164274
37710,18.593749648807105,56.97625476968396
37711,4.116200849787917,52.137649788161795
37712,4.650596494239881,52.8650242967736
37713,-3.3283814715384805,42.67012555106936
37714,9.901658127417198,41.60422190700565
37715,1.5043702305552247,37.368620757893204
37716,124.60972673345299,25.941602931259048
37717,-15.419157620835415,28.146599701850473
37718,0.5322812133409773,39.10405660329469
37719,120.41110813214293,-1.5460995392857158
37720,-4.004178855501791,39.026490845734386
37721,21.872807218888887,59.18042154333333
37722,5.039261757001022,52.16835444062687
37723,12.360979591176358,55.16188935562045
37724,2.4048017152030288,49.922356397009246
37725,-109.85603879241162,24.796640338912933
37726,3.875420173605238,51.936521808769484
37727,-4.569778070366749,47.76202388960869
37728,-0.2708902893607988,49.24155668984034
37729,-93.94449509656229,29.86877602528928
37730,0.245769703019986,39.632666970364824
37731,13.907166668082832,39.688002022481726
37732,115.26150865182531,-30.948122142857127
37733,1.8821806099695018,52.5333254407073
37734,3.632774247877606,52.190240852697215
37735,106.77977817108238,20.835573491687022
37736,4.769371491863834,53.47430373089223
37737,6.220427829314758,54.23586921980673
37738,2.2394434137269705,51.27096043393185
37739,26.71329796942884,39.42499112310109
37740,1.4737153615786835,51.60238279956148
37741,128.3266533854161,36.453504761326236
37742,132.02333500989695,32.554959971537976
37743,-120.99208166501855,38.9740215778082
37744,-2.0783029026038538,49.80797124303751
37745,3.1531197675617157,50.8603252240324
37746,116.38451753618703,-31.843845467199362
37747,-69.34892067955886,24.377297436176473
37748,1.6534661082003987,40.38598574194783
37749,33.26574437142859,-28.185001655357144
37750,3.902816981483994,52.527843985113456
37751,11.835237325349341,40.261962279410774
37752,-74.63874869659756,39.11525616983326
37753,-81.13917256594416,24.60077993262514
37754,-1.8538837399066952,50.263288472691556
37755,-73.59596690404835,27.12559848039286
37756,-65.64516540000004,-15.873928100000002
37757,-77.3913341806899,36.23234733059634
37758,2.4840521983436097,43.783618396152406
37759,18.05505209121436,40.45419485841283
37760,1.3115629971018945,50.49686393601586
37761,122.63674191059124,28.75284832861083
37762,-11.102923403273099,31.353064508767734
37763,-3.595502028808905,43.76091084696921
37764,3.453742266060023,54.58699424135374
37765,54.71167049320015,25.11095574216136
37766,8.865595231117549,54.835416147886534
37767,20.32640987457694,37.75730789995072
37768,12.241458091165343,40.35889470581248
37769,102.30156223977606,7.873663772710891
37770,9.817933736882678,42.081049512051976
37771,7.943496964151613,53.816598280655434
37772,5.4316008757322445,53.82693168775555
37773,26.428634216612018,37.36389708099729
37774,5.57999714725591,52.78451222475151
37775,-79.49936576642459,9.271811304768086
37776,10.130450646177467,57.378088702138065
37777,109.0588470246626,19.327623109540486
37778,118.61971600000004,-19.9178726
37779,-123.5439029896116,45.132139216517544
37780,-80.59865656846321,25.49639390253247
37781,6.266289886390841,52.79254161760612
37782,4.070247975571376,52.7730495145543
37783,11.833916316733502,38.02470750374414
37784,21.6124850507421,39.63291023299758
37785,3.3868809736889403,51.355371943049356
37786,116.08576006845095,6.041222063664444
37787,125.20129292061384,28.43975742396729
37788,9.645875776886108,55.51998899092866
37789,16.16217036443041,56.08269974688957
37790,-0.43193262951249634,50.676481889764425
37791,-118.37619252159901,32.929787292271634
37792,126.13897984369869,36.86804955792973
37793,-2.522471613268398,50.819631839019976
37794,3.7192531003929123,51.95941680229889
37795,134.99832681247386,34.904416790259944
37796,1.5401477527480971,51.05391172592833
37797,-79.55454946270656,9.449155941402369
37798,2.3567715246615144,51.686487403837006
37799,11.271103285827042,40.2282399465473
37800,138.54642286009704,35.14701942842259
37801,2.4888191865263183,51.697349529759585
37802,3.9178664686805194,51.97906101350067
37803,10.31470875884337,41.53463261099893
37804,-122.34611315835004,46.724893517107155
37805,3.1181161958661794,51.98488924942339
37806,137.8695783308897,34.73061408196579
37807,19.554892259417578,57.93609814499092
37808,-1.8128084709465822,48.372684613806825
37809,7.621008019515971,55.22356424005051
37810,-8.352650145506717,34.289291054019316
37811,10.12853831758156,41.84641615896537
37812,-1.6031490662572496,48.20675504926576
37813,-1.2557663920710984,48.22004927977854
37814,5.786460403390958,53.47864826202851
37815,12.54604166175269,55.09541792890545
37816,-2.4595975065220976,40.31583583856583
37817,17.173252475253975,58.50691680743797
37818,5.481501083899222,40.97804535715014
37819,27.265818999999993,-28.299371300000015
37820,169.65715281970785,-38.12080547737137
37821,-10.817764726574637,38.94965925698003
37822,9.707761443722296,55.138106495394815
37823,1.2103393259444049,51.19215542901882
37824,6.127047168004419,53.97414418420771
37825,2.622079192068486,50.075969211392575
37826,23.669864667498373,37.45339996196108
37827,121.21679836180596,19.764504778765602
37828,-2.9607054596823885,47.989247364113716
37829,12.538746750115292,55.069234089861794
37830,6.946889867743103,54.47658144542498
37831,6.962565346549832,53.12640930643254
37832,4.2509477908600095,51.368364813456125
37833,19.499931402174315,57.80740621299105
37834,11.784085681010303,41.45796860299732
37835,-52.346770413811434,36.44486231936188
37836,20.710092916589396,58.34967928469446
37837,-122.31881212595415,46.49771491032336
37838,14.844974562551721,37.86633601736525
37839,152.49169462579647,-29.73562216680498
37840,-2.121520562108527,42.54630273785941
37841,-0.3022486056287601,39.05931551538641
37842,-8.15668357004697,43.83178470759789
37843,132.74538993164484,32.058781706817314
37844,1.8821806099695018,52.5333254407073
37845,21.6686591224515,39.60783147221125
37846,2.9420467440405385,51.329224367598606
37847,13.078749536976389,42.129913873462044
37848,10.86069091787485,53.94371974789423
37849,18.501559517678594,56.93247185017053
37850,19.858384513538706,57.706772714416644
37851,11.670451449610248,40.212056345356714
37852,4.125362766454583,52.13498398816179
37853,121.21716196188873,19.765116607260325
37854,-15.419153429810827,28.146586775707945
37855,173.83235057868976,-41.057009750639324
37856,-7.94587629161716,44.51606037168013
37857,12.335595922031974,55.179499876160136
37858,112.68875202500222,-0.9676541084927845
37859,-79.49936576642459,9.271811304768086
37860,7.856755960156345,53.82725551589901
37861,5.708222552232557,40.9740266288168
37862,9.817933736882678,42.081049512051976
37863,109.06149957507927,19.326067347040492
37864,5.621912851636864,52.81763839646578
37865,6.297834928057508,52.836948389272784
37866,4.064612993283034,52.7766072244348
37867,116.08654144335938,6.041993432309132
37868,125.3282871945821,28.318844471268882
37869,3.3868809736889403,51.355371943049356
37870,13.907166668082832,39.688002022481726
37871,124.60353507388311,25.85068222330206
37872,120.44104363214292,-1.4945713392857147
37873,0.5176714991917932,39.099979115263096
37874,-3.8158712878296215,38.969507038212
37875,1.1411921367673465,37.32031523062047
37876,0.8095069942854319,50.919974610081816
37877,21.799894692195117,59.14711802544716
37878,5.039261548667687,52.16835466562688
37879,-73.59356520404833,27.123444880392864
37880,-79.55307151664854,9.446202262397657
37881,2.6075688346169477,50.136828334005585
37882,3.875420173605238,51.936521808769484
37883,-4.5598311741762725,47.74826648627537
37884,3.855032542048048,52.67981833878099
37885,-0.13143120940746286,49.32179913157184
37886,2.4417400118207087,43.59670140843501
37887,-93.94449386185818,29.86877569243682
37888,115.26426840182533,-30.949770242857127
37889,3.6327738774980345,52.1902408343744
37890,106.77977991584429,20.83557502502036
37891,16.64388081126759,54.21988432212266
37892,4.769371491863834,53.47430373089223
37893,-120.93587645051639,38.831785712223784
37894,26.69119427530186,39.42254148520426
37895,2.2394434137269705,51.27096043393185
37896,1.4737153615786835,51.60238279956148
37897,128.3266533854161,36.453504761326236
37898,-1.9803625530018822,49.885552744670704
37899,131.76862440989697,32.431093871537975
37900,3.111793494714838,50.82562413310857
37901,-65.64211900000001,-15.881069699999998
37902,116.38152301649512,-31.826682107458467
37903,3.9174425031378166,52.52837802110439
37904,27.258866699999988,-28.30205270000002
37905,-80.52103016594415,23.99480893262514
37906,13.423607921940711,39.51769567057008
37907,135.00464802001932,34.90811582541145
37908,-109.87783756826543,24.779719923647534
37909,6.229313863142596,54.258369662663874
37910,-2.9642521952775316,39.79114690742375
37911,-1.8538837399066952,50.263288472691556
37912,3.9521057901422347,52.56851927994299
37913,33.27490077142857,-28.181038555357144
37914,17.99971638871436,40.41335858876998
37915,122.87071036059122,28.826732328610834
37916,-69.34514927955884,24.40851053617647
37917,1.6332691939146844,40.37923236456687
37918,11.297262445827041,40.21141897498886
37919,54.7116703006244,25.110955275494693
37920,137.3713342442809,34.42847678187407
37921,-11.209286187800746,31.254868405599527
37922,19.588686392750898,57.955604406657564
37923,0.7115624424172049,51.97659898113719
37924,16.055356838186444,56.03356692883401
37925,-0.2973663007478078,39.03960173038641
37926,-77.3913341806899,36.23234733059634
37927,8.916212806622552,54.816484756222025
37928,6.053619324988124,53.95880466315828
37929,20.3231898748298,37.75785479767493
37930,4.650596494239881,52.8650242967736
37931,-2.1123540621085275,42.55697607952607
37932,138.54722803590124,35.147050104226786
37933,6.962565346549832,53.12640930643254
37934,23.669864667498373,37.45339996196108
37935,3.91477420618052,51.97852785437368
37936,102.31040036262605,7.872569782683956
37937,1.3087618421018947,50.50239143101586
37938,5.432042035587944,53.82750378951602
37939,-1.603073837375262,48.20674441976266
37940,-1.2556911631891108,48.220038650275434
37941,5.8173675959854165,53.48507735371617
37942,-123.59452433967493,45.137806460455195
37943,10.130450646177467,57.378088702138065
37944,8.566317920034685,55.2432177795697
37945,-10.866294094074636,38.91452857698003
37946,12.210089970723248,40.36946444273733
37947,1.2671292482589214,51.20108712310373
37948,3.7875029959571522,51.9907356229081
37949,17.16956907525397,58.50801920743797
37950,118.40038580000004,-19.862919399999996
37951,20.673194881589403,58.35410364219445
37952,12.53820666973867,55.06981080979253
37953,152.4641152060995,-29.782303106703967
37954,4.207580117844138,51.34532490551962
37955,19.440804935507654,57.79214094632438
37956,-0.3610439804495986,50.697085635223786
37957,-52.36974199238287,36.306976481266645
37958,-80.82460193512989,25.4651788358658
37959,-8.148396536713639,43.66557954093122
37960,6.956949730492254,54.47618647700617
37961,-74.62594674659758,39.11547631983325
37962,11.795769678195589,41.50253550390065
37963,2.6220792625291556,50.075969236570764
37964,2.522118412167344,51.72223405283651
37965,-1.8139729587243598,48.372292269362376
37966,-122.34511598448127,46.68628449257575
37967,0.2410278799430629,39.63236328574944
37968,169.5094334959899,-38.064125938909825
37969,10.33420370884337,41.52063392599894
37970,-12.497643479183806,34.20550216052999
37971,-122.32253571848807,46.51065282870943
37972,126.07330642026086,36.85572208587643
37973,-118.37888553659901,32.94908321227163
37974,26.428634216612018,37.36389708099729
37975,7.710619979131355,55.19358586889666
37976,10.112578800914891,41.91055090896537
37977,12.532408895086023,55.09000139557211
37978,-3.57939251452319,43.76018113268349
37979,-2.590172622973014,40.240865843528084
37980,9.66306530035164,55.14925283274355
37981,-2.3141086775166047,48.54608382247187
37982,14.842063499603006,37.86301063185243
37983,-8.361790545506715,34.27932988735265
37984,-2.4689182882092964,50.80258001008971
37985,9.625604393057909,55.493728021698956
37986,11.831426625066836,38.019607170410815
37987,1.6055802992254384,51.070465793735686
37988,2.371012610772626,51.70369033439257
37989,3.1842238024016694,52.026353143746164
37990,3.4655481198298643,54.58836943421089
37991,11.297262445827041,40.21141897498886
37992,1.8821806099695018,52.5333254407073
37993,7.756596553035836,53.81607714043249
37994,21.609495116895946,39.63293697776681
37995,18.501559517678594,56.93247185017053
37996,0.8539261168431644,37.26053363206766
37997,15.974006989122774,55.994910384826525
37998,121.21714306188882,19.764961857260328
37999,33.28102282142858,-28.18185075535714
38000,-15.419159542742323,28.14659323083311
38001,-73.59488220404836,27.125563380392858
38002,3.875420173605238,51.936521808769484
38003,112.69246642500221,-0.9725140084927842
38004,-120.9387247505164,38.83818381222379
38005,13.423607245691125,39.5176943765096
38006,-65.63933780000002,-15.8783406
38007,4.118587149787916,52.13808418816179
38008,118.62330160000005,-19.893373399999998
38009,10.130450646177467,57.378088702138065
38010,6.297834928057508,52.836948389272784
38011,4.071001126616367,52.77644102443482
38012,125.58944079799012,28.595745692604076
38013,116.08653499335941,6.041986502309133
38014,-79.49936576642459,9.271811304768086
38015,3.3868809736889403,51.355371943049356
38016,0.7115624424172049,51.97659898113719
38017,0.5176722325251266,39.09997944859643
38018,120.44955953214293,-1.4759721392857148
38019,3.9025183395138545,51.97648612104035
38020,124.60912504054978,25.956668489968724
38021,-3.807378855570007,39.03770996494276
38022,-69.34772777955885,24.40844203617647
38023,0.8081754942854318,50.919014610081824
38024,5.039261457001021,52.16835454062687
38025,21.79822298108401,59.144952592113825
38026,173.83252327868973,-41.05686335063931
38027,12.323400132031974,55.18030155616014
38028,2.542869384616948,50.12342128627831
38029,3.855032542048048,52.67981833878099
38030,-4.559831074176273,47.748266686275365
38031,-0.10031743494980862,49.34340155807165
38032,126.07330642026086,36.85572208587643
38033,13.907166668082832,39.688002022481726
38034,115.26433855182535,-30.949556142857126
38035,-93.94449386185818,29.86877569243682
38036,3.632774191386923,52.19024106840218
38037,16.6438810728459,54.21988393248411
38038,106.77977911584429,20.83557502502036
38039,4.769371491863834,53.47430373089223
38040,2.2394434137269705,51.27096043393185
38041,1.4737153615786835,51.60238279956148
38042,26.69099051530186,39.422129805204264
38043,128.3266533854161,36.453504761326236
38044,131.72742984087043,32.42871149631674
38045,-1.963223818603205,49.89480676285847
38046,3.3707978644029613,51.40491858228282
38047,3.153119602822946,50.86032570702161
38048,116.38561947006657,-31.826002128887044
38049,3.9174425031378166,52.52837802110439
38050,-1.8591528899066951,50.26238563935823
38051,-2.4675923882092965,50.802896710089705
38052,-80.46393416594415,24.03798293262514
38053,135.0052040200193,34.90821032541145
38054,27.262811599999996,-28.29948580000002
38055,14.841826299603008,37.862448931852434
38056,-123.59048913967494,45.138262860455185
38057,18.054621828714357,40.45414208876998
38058,-7.944490976617161,44.52719168334679
38059,-79.55307151664854,9.446202262397657
38060,2.6220792625291556,50.075969236570764
38061,6.221755603142595,54.25912274266388
38062,122.73751486059123,28.73552962861083
38063,-109.87285891444267,24.784032628061496
38064,54.71167023562442,25.11095534216136
38065,12.53820666973867,55.06981080979253
38066,8.940962119324574,54.79577850377254
38067,-74.63708694659756,39.11526071983325
38068,-77.3913341806899,36.23234733059634
38069,20.327269541692544,37.75662078924356
38070,3.9500016901422357,52.56796777994299
38071,4.650596494239881,52.8650242967736
38072,9.817933736882678,42.081049512051976
38073,0.2410278799430629,39.63236318574945
38074,19.861713863538707,57.70370976441665
38075,11.673220342943585,40.21177056535671
38076,5.8173675959854165,53.48507735371617
38077,23.669864667498373,37.45339996196108
38078,19.579730392750903,57.954490706657595
38079,102.3104012959594,7.872572649350623
38080,-122.3449259544073,46.68624067465903
38081,1.247026735363935,51.196716561067326
38082,1.6126478483432556,40.38722525837639
38083,-1.603075078457513,48.20674569484924
38084,-1.255692404271362,48.22003992536202
38085,137.41272403594758,34.44254103187407
38086,-10.866294094074636,38.91452857698003
38087,17.172965675253973,58.509095707437965
38088,169.51024039598988,-38.06472333890983
38089,6.962565346549832,53.12640930643254
38090,12.532408895086023,55.09000139557211
38091,19.469112902174317,57.797047612991044
38092,8.491893363146787,55.1839845256935
38093,-0.29732620074780786,39.042782130386406
38094,26.428634216612018,37.36389708099729
38095,5.4315455751117545,53.82805751237315
38096,-0.3610439804495986,50.697085635223786
38097,-2.122170762108527,42.54551083785941
38098,138.54642303590126,35.14701800422678
38099,3.788715895957152,51.9909973229081
38100,10.86069091787485,53.94371974789423
38101,-1.8468586977101804,48.39033139673444
38102,12.210089970723248,40.36946444273733
38103,-2.2028549307417475,48.63411434543386
38104,10.334203508843368,41.52063512599894
38105,2.4430637962165798,43.568385948702165
38106,-118.37752263659901,32.94902001227164
38107,7.761003610769775,55.20103034629779
38108,-8.353640445506716,34.28680198735265
38109,-2.589568722973014,40.24095354352808
38110,9.639281393057908,55.49778502169895
38111,1.6384827442254386,51.067101771235684
38112,9.634204694994498,55.138390758993545
38113,2.2739040037420057,51.62779596222406
38114,1.3060855221018945,50.500341711015864
38115,3.1937314024016694,52.03081594374616
38116,10.111302200914892,41.906630242298704
38117,5.631358901636864,52.816944729799125
38118,-3.57939251452319,43.76018113268349
38119,11.830929008400169,38.022767553744146
38120,6.053619324988124,53.95880466315828
38121,-11.179657587800746,31.292452305599525
38122,109.0616951909126,19.326353048707162
38123,20.6758979415894,58.350504722194444
38124,-80.67460043512988,25.408148935865803
38125,-8.144267936713637,43.64953294093122
38126,152.4648864060995,-29.782330506703964
38127,4.207580117844138,51.34532490551962
38128,11.796100893580206,41.50375538082372
38129,-52.37033539238287,36.308010181266646
38130,-122.32253521848808,46.51065262870944
38131,6.956948960224802,54.476187106540586
38132,2.533388812167344,51.729867752836505
38133,-12.501073060850471,34.20166342886333
38134,2.418214531108984,51.606392573425
38135,11.673220342943585,40.21177056535671
38136,131.8483678194308,31.58447979035577
38137,-15.419157517097283,28.146587826258042
38138,173.83251415062196,-41.056893415932365
38139,112.6912697250022,-0.9563210084927847
38140,7.653338631288794,53.80786446534087
38141,134.0695075566066,36.63316840379299
38142,10.86069091787485,53.94371974789423
38143,-0.29803620074780773,39.04212353038641
38144,0.6860061629252526,50.8917430343476
38145,3.483860972329865,54.595077511710876
38146,-123.6123893627519,45.22873243591306
38147,54.71167043562441,25.11095584216136
38148,-2.4571548632092965,50.803269760089705
38149,121.21693173252366,19.76453483599048
38150,0.8506410206310433,37.25995999267373
38151,124.61214242054973,25.942456269968726
38152,-73.59487690404835,27.125850080392862
38153,-2.965890595277532,39.79440070742375
38154,3.3707978644029613,51.40491858228282
38155,19.826741841157755,57.6775938867976
38156,-79.55307151664854,9.446202262397657
38157,4.048595623662292,52.66198900731069
38158,13.423606932335195,39.51769452308587
38159,-1.8591528899066951,50.26238563935823
38160,-80.78793626594417,24.380873232625145
38161,-65.63890820000003,-15.872911500000003
38162,18.050200428714362,40.45325558876998
38163,18.546285603690645,56.93744351228338
38164,122.73753351059123,28.73563572861083
38165,4.116200849787917,52.137649788161795
38166,9.817933736882678,42.081049512051976
38167,1.282306276463219,38.822845788722574
38168,8.93996553054835,54.799508710450844
38169,20.32640987457694,37.75730789995072
38170,4.650596494239881,52.8650242967736
38171,5.431477485111754,53.825023592373164
38172,102.30794789595939,7.873327649350625
38173,12.210089970723248,40.36946444273733
38174,26.428634216612018,37.36389708099729
38175,2.2744317102161964,43.5193837539966
38176,5.600849384970197,52.810998949799135
38177,109.05892626599194,19.32766403092938
38178,-79.49936576642459,9.271811304768086
38179,15.896172689797426,55.95996990175509
38180,6.297834928057508,52.836948389272784
38181,10.130450646177467,57.378088702138065
38182,125.59206451862502,28.59709613133423
38183,4.070902742471346,52.77628431400817
38184,116.08653502669273,6.042000385642466
38185,3.3868809736889403,51.355371943049356
38186,13.907166668082832,39.688002022481726
38187,-8.030498398373496,43.840937432192526
38188,0.26649670899999056,38.89399819471158
38189,120.2618419321429,-1.7869394392857156
38190,-3.6671286483237417,39.263871879424194
38191,-10.866294094074636,38.91452857698003
38192,21.798980881084013,59.14093224211381
38193,11.7929253508802,41.474449601600256
38194,12.320279932031974,55.17979385616013
38195,5.039261757001022,52.16835444062687
38196,3.1823756886042758,52.02701950049481
38197,2.5470812179502818,50.122315552944976
38198,3.875420173605238,51.936521808769484
38199,-4.605836611081035,47.67350983627537
38200,14.837826199603002,37.864272431852434
38201,6.186516258124282,54.20570555266388
38202,3.855032542048048,52.67981833878099
38203,3.9500016901422357,52.56796777994299
38204,-0.07240678161647526,49.36127451473831
38205,0.7115624424172049,51.97659898113719
38206,118.62559950000006,-19.8833336
38207,115.26271675182534,-30.94893964285713
38208,-93.94449386185818,29.86877569243682
38209,1.8821806099695018,52.5333254407073
38210,106.7797813658443,20.835574825020363
38211,3.632774047048805,52.19024120237347
38212,-12.503233665850473,34.19908204386332
38213,16.418099839454342,54.20269049389639
38214,8.343114906429935,55.06463564830142
38215,2.6220792625291556,50.075969236570764
38216,4.769371491863834,53.47430373089223
38217,-69.35054577955886,24.405517036176466
38218,-109.85448352213531,24.798860253210623
38219,26.693744756968528,39.42278410937093
38220,-120.97693495051637,38.97950081222379
38221,2.2723673210953916,51.27713458972133
38222,1.4737153615786835,51.60238279956148
38223,12.54604166175269,55.09541792890545
38224,128.3266533854161,36.453504761326236
38225,1.641994446161815,51.06693968423707
38226,131.20249266117347,32.08993774611472
38227,-3.5775365945231896,43.76100838268349
38228,-1.6463714832432017,50.03272787461346
38229,3.8693909115376646,51.97197405159591
38230,137.46475852322715,34.46504517973301
38231,-1.6030758867196213,48.206745562014476
38232,-1.2556932125334703,48.22003979252726
38233,3.824360511008367,52.00948215845076
38234,21.74261479092192,39.655459257204036
38235,-2.121520562108527,42.54630273785941
38236,3.153119045304149,50.860324727059194
38237,126.07231058692754,36.854878635876425
38238,-118.38122193659899,32.94900011227164
38239,-122.34507870626844,46.68944734523147
38240,-77.3913341806899,36.23234733059634
38241,-122.32259671186642,46.510292275925586
38242,2.2706069602571572,51.64986603270026
38243,11.833916316733502,38.02470750374414
38244,6.024068972074314,53.94443566143579
38245,1.2942775971018947,50.49403813601586
38246,10.108717000914893,41.898560692298695
38247,135.00396075001933,34.908805522078126
38248,19.416424202174316,57.767439612991055
38249,-11.159255687800746,31.30587780559953
38250,-8.075640636713638,43.55208644093123
38251,107.04236207576828,9.821192336718617
38252,27.26233299999999,-28.29856540000002
38253,-52.37030146381144,36.309414452695215
38254,6.956948563576436,54.47618679959166
38255,138.51090631229002,35.149312884475215
38256,4.207024864979952,51.345292804595346
38257,0.2590716414538088,50.932688164293744
38258,17.175268956244246,58.50135606826909
38259,2.5162318650495497,51.71938025858166
38260,9.589578464426749,55.11918081261114
38261,-2.204127809529626,48.63343022119143
38262,1.286818788509199,51.20623723555152
38263,12.522255375923738,55.064041733542524
38264,5.8173675959854165,53.48507735371617
38265,0.2457782799430629,39.63266368574944
38266,23.669864667498373,37.45339996196108
38267,19.56083785941758,57.94110391999092
38268,-8.111413259950494,44.23946295001346
38269,-1.8018259521656028,48.46357365620105
38270,10.334202708843367,41.52063592599894
38271,1.6121650277182553,40.39139515733473
38272,7.7662307591031094,55.186155779631136
38273,-8.312318545506717,34.466351954019316
38274,169.71559620998562,-38.09589018014915
38275,-0.31259214947341507,50.706453875638374
38276,-80.68886683512987,25.409615435865803
38277,116.38251238149516,-31.82294409412514
38278,-74.63874899659756,39.11524791983325
38279,-2.591084556306348,40.24036277686141
38280,9.656032240676955,55.50362729788944
38281,20.6827319165894,58.350476584694455
38282,33.29546982142858,-28.17986125535715
38283,152.46676760609952,-29.78061660670397
38284,6.962565346549832,53.12640930643254
38285,134.05984855660662,36.63111670379299
38286,19.82343814115775,57.676520286797604
38287,12.998537450190673,42.231478059652524
38288,0.7625260345194537,51.9911632338592
38289,-17.87840879785062,40.03705737365764
38290,1.8821806099695018,52.5333254407073
38291,-11.239440937800746,31.229217497266195
38292,54.71167021404352,25.110954851173425
38293,3.1540859128601677,54.497504675498774
38294,5.708222552232557,40.9740266288168
38295,4.769371491863834,53.47430373089223
38296,-2.1515348066075646,50.755443015173576
38297,3.3707978644029613,51.40491858228282
38298,18.547308007816262,56.94217690530472
38299,3.9596016426450587,52.07034904963365
38300,128.83848603366476,29.903232620716906
38301,13.907166668082832,39.688002022481726
38302,-15.419157924028305,28.146592453314828
38303,107.0369670868794,9.825611736718614
38304,14.840762758688086,37.87087286271038
38305,12.319337689712226,55.18844362559587
38306,112.68502828500223,-0.9660384284927847
38307,115.2596990625396,-30.94612062142856
38308,-93.94449492543566,29.868778232817167
38309,3.632772679482161,52.19024158239027
38310,106.77978178564621,20.835576895968913
38311,-73.62585020404833,27.337051680392864
38312,16.643880496282605,54.21988416389444
38313,26.69119427530186,39.42254148520426
38314,-120.96955835051638,38.88548271222379
38315,2.2916738938361334,51.28175531954438
38316,1.4008966813286836,51.582024592811486
38317,128.32665280208275,36.45350651965957
38318,131.28222646117345,32.212335746114725
38319,-1.6926353130144438,50.04348225915594
38320,3.1120101947148378,50.82528523310857
38321,-12.481488779183808,34.21722246052999
38322,116.38703389090641,-31.818814308370847
38323,-65.5726271,-15.872186799999998
38324,13.42173059397595,39.51279500600095
38325,4.108276264495625,52.72097873814401
38326,-80.57713083229335,23.956205735164826
38327,17.820951905381023,40.36760135980173
38328,-1.8591528899066951,50.26238563935823
38329,122.87071036059122,28.826732328610834
38330,8.994421856597194,54.57361118134686
38331,20.32318965320818,37.75785449497223
38332,1.2160979550346473,38.736591688722584
38333,4.650596494239881,52.8650242967736
38334,0.26524421709483453,50.932648810703995
38335,102.31895965165995,7.879088939712344
38336,-79.49936576642459,9.271811304768086
38337,12.210089970723248,40.36946444273733
38338,5.429377297860672,53.82848209178874
38339,10.130450646177467,57.378088702138065
38340,-8.535162654751,43.26473262998745
38341,26.428634216612018,37.36389708099729
38342,5.618473501636864,52.81336156646578
38343,6.297834928057508,52.836948389272784
38344,118.40412860000004,-19.846743899999993
38345,109.05161656849194,19.323023447596047
38346,4.057555868283034,52.7791655805125
38347,125.60480368410128,28.496905221704605
38348,-79.55307151664854,9.446202262397657
38349,116.08654618145464,6.041993895404371
38350,3.3868809736889403,51.355371943049356
38351,-109.86467792929538,24.793700056554236
38352,3.0330299769113647,51.356927599297
38353,121.15067646188876,19.733952007260324
38354,0.824192673509831,37.258081095401
38355,0.6615537045919193,50.88661716351427
38356,121.05972013214294,-1.7372825392857159
38357,0.26804495583981736,38.8980354780882
38358,124.60149387110533,25.864599145894655
38359,-3.6615992654520038,39.228133790646154
38360,-10.868780468360349,38.91614659126574
38361,-69.34514467955884,24.408512336176468
38362,9.817933736882678,42.081049512051976
38363,-122.32241951472159,46.509580550941166
38364,-122.34585004474383,46.69811130087101
38365,5.039261348667687,52.16835456562688
38366,21.80132646219512,59.14560101544716
38367,173.83868707868973,-41.03357615063932
38368,2.2045768117673763,43.32027605803302
38369,1.5508598755947292,40.40193665307119
38370,21.745441840921917,39.66088235720404
38371,33.30295832142858,-28.17769235535715
38372,6.962565346549832,53.12640930643254
38373,3.960588536726086,52.589763644383986
38374,2.542869384616948,50.12342128627831
38375,11.284001662255612,40.21293276998886
38376,3.9541036719361067,52.00097230275369
38377,-52.35116162194427,36.32878445907366
38378,-4.5840210310810345,47.67555560627537
38379,19.639584985854345,57.99093474803687
38380,6.247625940364819,54.26138288933053
38381,-2.964308395277531,39.79201560742375
38382,-80.81714293512988,25.4618743358658
38383,-74.62753544560634,39.115466098427994
38384,2.6220792625291556,50.075969236570764
38385,-0.2842002317947005,50.71368768721122
38386,9.668586093057908,55.51121142169895
38387,-0.29849610074780786,39.03990073038641
38388,126.01693261272129,36.841758716231176
38389,19.124772909003084,57.76700667609248
38390,-118.37888553659901,32.94908321227163
38391,4.207024820535508,51.34529258237313
38392,-77.3913341806899,36.23234733059634
38393,3.855032542048048,52.67981833878099
38394,-7.9768854877385715,43.94344041370046
38395,6.912572286440772,54.49997163881829
38396,3.8195095694485377,52.00541931571572
38397,1.6803418314807608,51.06638866845021
38398,10.33420285596673,41.52063354812317
38399,2.35037217145886,51.703417827816004
38400,0.24099718251018615,39.63234170011961
38401,10.86069091787485,53.94371974789423
38402,12.075285847289058,38.02555701485526
38403,-1.9141786197853168,48.53785910152026
38404,1.2995109421018944,50.500901331015854
38405,7.867783048269774,55.1467388587978
38406,-8.332545445506716,34.43134688735265
38407,15.943946136492263,56.00573850319478
38408,10.11544620091489,41.90874100896537
38409,27.254040099999983,-28.300328900000018
38410,5.991274252074314,53.92792689060246
38411,12.510653507741917,55.059735030295776
38412,134.98867768870062,34.91035244057628
38413,137.47274383305515,34.47507158808681
38414,-2.5726516813063482,40.241318035194766
38415,3.857570449037664,51.96999139246892
38416,20.771880542053168,58.37322441501614
38417,152.4641152060995,-29.782303106703967
38418,3.1262821858143672,52.12719900541644
38419,-1.5578894596962223,48.21928087218819
38420,-1.2105067855100713,48.23257510270098
38421,-3.559511741244501,43.75932685399497
38422,23.670164515831708,37.45241983529442
38423,17.322761135219224,58.506690272778776
38424,8.343114906429935,55.06463564830142
38425,9.549795671479325,55.12896595532925
38426,1.2356998435560238,51.147877312097314
38427,-0.0674620149498086,49.360990014738306
38428,-8.00777143671364,43.35417454093123
38429,11.602891149597864,40.19095885420766
38430,5.8173675959854165,53.48507735371617
38431,169.49663671065792,-38.08007212461443
38432,-2.1110385121085273,42.55878992952607
38433,-2.2028549307417475,48.63411434543386
38434,138.51171148809422,35.14934356027942
38435,12.513214892061988,55.0660643438732
38436,2.4888544862197617,51.715030915496556
38437,-12.497643479183806,34.20550216052999
38438,128.83848603366476,29.903232620716906
38439,112.69002482500223,-0.9641789084927851
38440,1.2861112421018945,50.498730131015854
38441,0.7625260345194537,51.9911632338592
38442,-17.42180197546135,39.9962620427928
38443,-123.71516261384625,45.229149194669205
38444,-3.5566884112445014,43.76025131899497
38445,-15.419160636485005,28.146602758311893
38446,0.2718457859846505,50.88514992521951
38447,124.61122993777202,25.964625632561315
38448,3.0330299769113647,51.356927599297
38449,-122.34628677356905,46.702295722167385
38450,21.762145451084006,59.14660548211382
38451,5.039261457001021,52.16835454062687
38452,12.302188689712224,55.20327872559587
38453,173.83885917868977,-41.03343035063932
38454,-1.6044731068927363,50.65423230842798
38455,2.542869384616948,50.12342128627831
38456,3.9541036719361067,52.00097230275369
38457,-4.584020931081035,47.67555580627537
38458,3.855032542048048,52.67981833878099
38459,-0.08741350824912537,49.386518969339186
38460,-93.94449492543566,29.868778232817167
38461,115.26498405182534,-30.949386142857126
38462,3.632774191386923,52.19024106840218
38463,106.77978148391459,20.83557729445376
38464,-109.87285891444267,24.784032628061496
38465,16.64388095786092,54.21988397425588
38466,33.306299221428574,-28.178973955357147
38467,-69.34772777955885,24.40844213617647
38468,4.769371491863834,53.47430373089223
38469,14.848711775354753,37.85120317382149
38470,26.69099051530186,39.422129805204264
38471,-120.96707555051638,38.8813500122238
38472,2.2916738938361334,51.28175531954438
38473,1.404021501783229,51.57927050240745
38474,128.45664678736347,36.43759048876411
38475,-0.29845600074780776,39.04308113038641
38476,130.43756396418078,31.455190449215824
38477,5.483302552232556,40.97066212881681
38478,-1.6541541061562686,50.075454621029486
38479,-65.57215080000002,-15.871165699999997
38480,3.153119602822946,50.86032570702161
38481,116.38576895281118,-31.811532521466084
38482,4.116811188644618,52.67429031982675
38483,-122.31523461545203,46.50496356471372
38484,13.430139075997454,39.53794386263785
38485,-1.8591528899066951,50.26238563935823
38486,-74.40441927505972,39.448242368166824
38487,-1.5579650379570915,48.21929160697079
38488,-1.2105066637709405,48.23257503748358
38489,-80.52197003229334,24.000417635164826
38490,18.649844041176337,56.96149275139964
38491,17.87508968704769,40.4025062264684
38492,122.73751486059123,28.73552962861083
38493,3.952826025978392,52.07344924963366
38494,54.71167014904352,25.11095491784009
38495,-79.49936576642459,9.271811304768086
38496,8.99834754326386,54.57095186134686
38497,20.327269320070922,37.75662048654087
38498,9.817933736882678,42.081049512051976
38499,4.650596494239881,52.8650242967736
38500,3.8121028279808393,52.478656261684364
38501,102.31041942040994,7.872557395962344
38502,26.428634216612018,37.36389708099729
38503,12.210089970723248,40.36946444273733
38504,-79.55307151664854,9.446202262397657
38505,5.431304675111754,53.824274212373155
38506,1.6062365586829719,43.171207256103635
38507,5.639427176636865,52.81394296646578
38508,10.130450646177467,57.378088702138065
38509,6.962565346549832,53.12640930643254
38510,-2.1208552121085273,42.54732468785941
38511,6.297834928057508,52.836948389272784
38512,109.05183899944431,19.323315520453193
38513,3.249346009057965,52.09255043128938
38514,19.625758085854358,57.9875875480369
38515,125.6097225491806,28.606489808212537
38516,3.3868809736889403,51.355371943049356
38517,4.064173383759225,52.77819583872052
38518,116.0865346981213,6.041994307071039
38519,1.8821806099695018,52.5333254407073
38520,8.23995970219112,55.020581989560434
38521,5.921155740495367,53.8952366105586
38522,13.907166668082832,39.688002022481726
38523,121.15065774919037,19.73378601599048
38524,-0.2842002317947005,50.71368768721122
38525,-2.9652065952775306,39.800926307423744
38526,0.8214424939643767,37.25583533934039
38527,0.7470473580961925,50.94159226273079
38528,0.20120184513839148,38.849582087634914
38529,1.6747039042080334,51.06383748663202
38530,1.5423294255947286,40.40521757807118
38531,13.099822350190673,42.14323780965252
38532,9.39905531506511,55.07444099519311
38533,138.51090648809424,35.149311460279414
38534,3.8074692611152043,52.004853969882376
38535,0.24099706028796392,39.63234161678628
38536,-73.58416025977935,27.453002676796377
38537,120.5785868321429,-1.413373539285715
38538,-7.9787886877385725,43.94077131370046
38539,-10.866294094074636,38.91452857698003
38540,12.504782360122872,55.05749684339101
38541,-8.332009145506717,34.42790048735264
38542,10.111302200914892,41.906630242298704
38543,-3.6632074654520044,39.22654799064616
38544,21.75176794092192,39.65558897720404
38545,-80.67263253512988,25.4057993358658
38546,126.01855484605461,36.84322076623118
38547,-74.76701171857931,38.97319918491448
38548,19.131387537499972,57.73729832834724
38549,-118.37752263659901,32.94902001227164
38550,107.03620218687938,9.823817336718616
38551,4.206835717928356,51.345198995404644
38552,12.515925845627205,55.070806231177556
38553,-77.3913341806899,36.23234733059634
38554,9.672036593057907,55.51173862169895
38555,11.496238962593763,40.133427169397976
38556,2.6220792625291556,50.075969236570764
38557,-1.976804927954799,48.57647434607089
38558,6.246621872013171,54.26437203933053
38559,10.86069091787485,53.94371974789423
38560,12.068250108400168,38.02220715374414
38561,10.334202655966731,41.520634748123165
38562,2.5563075548410246,51.736094049495684
38563,7.947572644294236,55.13429009427182
38564,1.9828315664705891,51.52083503121848
38565,118.62506810000006,-19.883491899999996
38566,-8.574537039751,43.17268562832078
38567,15.859249445497499,55.96357219893649
38568,134.98923368870064,34.910446940576286
38569,-2.572528381306348,40.24082993519477
38570,23.670164515831708,37.45241983529442
38571,27.25978639999999,-28.29912610000002
38572,3.823527382370997,51.96445825913558
38573,-52.352035808610935,36.327513712407
38574,137.4735000830552,34.47480578808682
38575,17.326157735219226,58.50776677277878
38576,20.776285042053164,58.37322901501613
38577,-2.2028549307417475,48.63411434543386
38578,-11.209812337800747,31.266801397266196
38579,-7.999740236713637,43.33578294093123
38580,11.285919393409458,40.23379399888996
38581,152.4652297060995,-29.782370106703965
38582,5.8173675959854165,53.48507735371617
38583,169.4966232106579,-38.080812324614435
38584,1.2265015096234946,51.15092374520201
38585,6.968916812762351,54.50373770198852
38586,-79.49936576642459,9.271811304768086
38587,1.3293322923187056,38.85541897530622
38588,124.61497401777198,25.95040681256132
38589,-69.35004467955883,24.40516083617647
38590,127.97186665004445,29.43382539557417
38591,1.8821806099695018,52.5333254407073
38592,13.101763050190673,42.14310590965252
38593,173.838848250622,-41.03346631593236
38594,-11.197893537800747,31.272245397266197
38595,4.769371491863834,53.47430373089223
38596,-0.2842002317947005,50.71368768721122
38597,19.640274952521022,57.994373061370226
38598,3.9476725331212488,52.072933853205086
38599,9.817933736882678,42.081049512051976
38600,12.529558612293872,55.07622276451089
38601,4.064047199614203,52.77679662829389
38602,125.70797538251396,28.54791368821254
38603,13.907166668082832,39.688002022481726
38604,3.3868809736889403,51.355371943049356
38605,121.15277193252368,19.73202171599048
38606,-15.419161931933978,28.146607738252243
38607,0.14733644292937237,38.80570748016782
38608,0.8209545469055533,37.252826362869804
38609,120.56544973214291,-1.4868477392857153
38610,7.386582085762748,53.78377920224131
38611,-10.866294094074636,38.91452857698003
38612,-47.785011442142896,-27.022935765000007
38613,-3.717264439986888,39.084821134150026
38614,21.76205315108401,59.143097632113815
38615,5.039261757001022,52.16835444062687
38616,12.29063500637889,55.198952392262534
38617,3.2573125812549346,52.101226287887854
38618,-73.61580695977933,27.665475976796372
38619,2.587392017950281,50.133439852944974
38620,3.9541036719361067,52.00097230275369
38621,-4.584933931081036,47.67533975627537
38622,112.88016332500221,-0.8578133084927845
38623,3.855032542048048,52.67981833878099
38624,0.2457474602879639,39.63264211678627
38625,-0.17913833713720606,49.46502801668759
38626,1.2733944859907833,50.49066284712697
38627,-93.94449492543566,29.868778232817167
38628,-74.46954806617907,39.29842980596092
38629,115.26336225182531,-30.94876964285713
38630,3.632774047048805,52.19024120237347
38631,106.77978083956832,20.835577134499463
38632,-109.85272168020481,24.80069111810551
38633,12.505019394105553,55.057526269581494
38634,16.418099490513065,54.20269028411239
38635,-3.0940645413395007,44.05882676078158
38636,5.483877152232555,40.969980898816814
38637,-65.57816180000003,-15.867913799999998
38638,-122.27389292152645,46.365198403647106
38639,2.3081823160649306,51.28653851161181
38640,1.4040248017832289,51.579299602407445
38641,-120.98057055051636,38.990439412223786
38642,33.314125921428584,-28.177710855357148
38643,128.45664678736347,36.43759048876411
38644,129.7481849211648,30.79338971562346
38645,15.743453422989367,55.90953092253897
38646,-1.3429302496978366,50.24133912895821
38647,-8.65440930440468,43.001063233840256
38648,3.153119045304149,50.860324727059194
38649,3.4430965632717396,51.48414286553045
38650,116.38570233423975,-31.809572660037517
38651,4.116014421977952,52.67440286982674
38652,13.430132561837054,39.537932568552634
38653,-80.84597213229335,24.343307935164827
38654,1.5494747860598452,40.405808714505284
38655,14.844711675354747,37.85302667382149
38656,-1.8591528899066951,50.26238563935823
38657,17.84349878704769,40.394088026468395
38658,18.681186566165092,56.9502174787797
38659,0.6099168517143749,50.91939609615981
38660,122.73753351059123,28.73563572861083
38661,3.8121028279808393,52.478656261684364
38662,54.71167040661928,25.11095531784009
38663,8.998762052820972,54.57472238302518
38664,20.326409652955316,37.757307597248015
38665,4.650596494239881,52.8650242967736
38666,-79.55307151664854,9.446202262397657
38667,102.30182512040994,7.878147795962348
38668,1.4311951763615434,43.18140491824649
38669,26.428634216612018,37.36389708099729
38670,5.4314486851117545,53.82418599237316
38671,12.210089970723248,40.36946444273733
38672,10.130450646177467,57.378088702138065
38673,126.01755901272128,36.84237731623117
38674,5.650249576636864,52.811945866465784
38675,27.259904599999984,-28.29864530000002
38676,137.48136933966995,34.48550090014907
38677,2.2009140386499824,52.19900133694668
38678,109.04906231402765,19.32462163711986
38679,9.815731644304508,41.652026026588885
38680,107.0414446868794,9.821185036718619
38681,-122.34755034258218,46.71302500890952
38682,6.297834928057508,52.836948389272784
38683,5.915634228258245,53.513019185713084
38684,134.9879904187006,34.91104213724296
38685,-1.4625279323596296,50.61221150757908
38686,10.108717000914893,41.898560692298695
38687,-1.557964821290425,48.21929139030412
38688,-1.210506447104274,48.23257482081691
38689,23.670164515831708,37.45241983529442
38690,21.763362440921913,39.655890927204034
38691,116.0865366981213,6.042005207071038
38692,4.2025406128210365,51.346413914057614
38693,17.326444535219228,58.505587872778776
38694,8.23995970219112,55.020581989560434
38695,169.71063133437588,-38.103967563075976
38696,-52.35200208003951,36.32891828383556
38697,1.0903522756657427,50.9998239580273
38698,152.46676760609952,-29.78061660670397
38699,3.8003751444485374,52.00322084488238
38700,2.6220792625291556,50.075969236570764
38701,-2.9659769952775314,39.801592307423746
38702,-80.72725093512987,25.41951543586581
38703,6.962565346549832,53.12640930643254
38704,-0.2939339007478079,39.04099423038642
38705,5.921155740495367,53.8952366105586
38706,-118.38122193659899,32.94900011227164
38707,-74.7583426685793,38.97338898491448
38708,-2.571480406306349,40.24092958519477
38709,26.704931974428842,39.424174218101086
38710,3.0542365388308697,51.37192340301216
38711,9.696058051788064,55.522114239556096
38712,20.789251517053163,58.368154777516146
38713,-2.204127809529626,48.63343022119143
38714,0.706099478785848,50.921458402816995
38715,138.5109063175281,35.14931252971331
38716,-77.3913341806899,36.23234733059634
38717,19.07705013749997,57.706879928347234
38718,-2.095826044935598,42.57342563512227
38719,-7.975142947738573,43.94460361370046
38720,-7.97725473671364,43.329370740931225
38721,2.5665870046198362,51.7611605130035
38722,6.96891586918214,54.50373771227618
38723,6.243773488679836,54.2709569059972
38724,12.071237416733503,38.02414710374414
38725,3.8235279115376644,51.96445885159589
38726,11.285919393409458,40.23379399888996
38727,1.3692294931372555,51.32468657955181
38728,118.62582840000005,-19.8838666
38729,10.86069091787485,53.94371974789423
38730,-2.0024961882588532,48.625262780699266
38731,1.6495818413911323,51.043950369167234
38732,10.33420235596673,41.520635548123174
38733,7.975751775960904,55.118133510938485
38734,-8.336808045506718,34.428974054019314
38735,9.388693491652413,55.09066277558993
38736,-8.65440930440468,43.001063233840256
38737,5.479736518899221,40.98039758215015
38738,2.2009140386499824,52.19900133694668
38739,2.643844190637945,54.386811753276554
38740,-3.0940646104135756,44.058825931522314
38741,-47.79019666714288,-27.02428124833333
38742,3.329600417524105,51.30013663765566
38743,-7.971827731071906,43.950462413700464
38744,1.5467347860598455,40.40091474783861
38745,16.72560979375063,56.327907285621215
38746,-15.419160649549305,28.14659330308569
38747,126.00836698477423,36.75618572765157
38748,112.87358158500223,-0.8701566284927845
38749,3.855032542048048,52.67981833878099
38750,8.23995970219112,55.020581989560434
38751,4.0575553932830335,52.7791655055125
38752,33.31469892142857,-28.176297055357146
38753,116.08654618145464,6.041993895404371
38754,3.3868809736889403,51.355371943049356
38755,121.15537796188873,19.73134570726032
38756,0.8750336335938647,37.26601565321613
38757,0.13838394327797118,38.79797587611754
38758,121.06749613214294,-1.678106039285716
38759,-3.730495679117322,39.06784378342539
38760,-10.868780468360349,38.91614659126574
38761,21.75604466219512,59.15491621544716
38762,5.039261348667687,52.16835456562688
38763,12.288251342917354,55.19359214803177
38764,173.83869011940402,-41.03357803849647
38765,118.38928620000004,-19.824880699999998
38766,3.9541036719361067,52.00097230275369
38767,2.583180184616948,50.1345455862783
38768,-4.608422171081035,47.67041847294203
38769,-0.2401923149199442,49.403046333056636
38770,-93.9444948694756,29.86877819865434
38771,115.26380835182532,-30.94879024285713
38772,3.6327738774980345,52.1902408343744
38773,6.9689144518844515,54.503728136851315
38774,-65.5760802,-15.877338899999994
38775,16.877573896282605,54.243370563894445
38776,106.77978125206833,20.83557751518128
38777,-110.0345582889765,24.628693670671606
38778,12.492094011571421,55.05221749375732
38779,-73.03797889924793,27.56780022243044
38780,4.769371491863834,53.47430373089223
38781,-121.03855485051638,39.031779512223785
38782,-2.0866595449355985,42.58409897678894
38783,2.3081823160649306,51.28653851161181
38784,1.404021501783229,51.57927050240745
38785,128.45664620403014,36.43759224709744
38786,-0.896711420091837,50.494020043933126
38787,129.51884366012573,30.313472627261
38788,3.112009944714838,50.82528565810857
38789,116.38946452452821,-31.81543826968495
38790,4.188591396585758,52.681504974538136
38791,13.291674514136517,40.06756070409702
38792,-1.9163505506976382,50.259447931924655
38793,-121.10177957431553,40.68703701799289
38794,-80.63739289765049,23.902471834450537
38795,17.71688496442075,40.33673317330501
38796,-1.4672726464505388,50.60634045780636
38797,-74.47169078413974,39.27980313327375
38798,-79.55307151664854,9.446202262397657
38799,54.71167021404352,25.110954851173425
38800,122.87071036059122,28.826732328610834
38801,11.53215819573112,40.15498980849607
38802,3.9643885426450582,52.07033664963365
38803,9.817933736882678,42.081049512051976
38804,9.080343990672583,54.34894635118192
38805,-122.30195269285883,46.57659278377303
38806,20.311419976366075,37.75866991602487
38807,-79.53482471503105,9.248606002932908
38808,-11.272084177800746,31.193928727266194
38809,2.519237750084764,51.75393117041057
38810,3.2427677490927325,52.16426765975033
38811,4.650596494239881,52.8650242967736
38812,102.31727495582662,7.878972085545676
38813,0.9761170162895286,42.81147466088889
38814,23.670164515831708,37.45241983529442
38815,3.8142069279808384,52.479207761684364
38816,5.429070335587944,53.82386618951603
38817,12.186242541905683,40.387541926753286
38818,26.428634216612018,37.36389708099729
38819,138.5117114933323,35.14934320551751
38820,5.733212953303532,52.80706584313245
38821,14.712513227735705,37.85130528096434
38822,6.304117971317198,54.33218849885435
38823,9.755883369405806,55.52728952988541
38824,12.068747725066835,38.01904677041082
38825,-1.1605522470067875,48.27994068820886
38826,-0.8130938728206357,48.293224118721646
38827,134.9843443187006,34.914135160576286
38828,-52.35081722194427,36.346073159073654
38829,10.130450646177467,57.378088702138065
38830,10.86069091787485,53.94371974789423
38831,109.04826779003952,19.32719109700081
38832,169.48673001913514,-38.082968687683504
38833,-0.19201927226889218,50.741950820817436
38834,-0.17941413551882632,38.92034899830051
38835,-80.8243364351299,25.467933335865805
38836,152.4644585060995,-29.782342706703968
38837,-74.75744949119837,38.97336942618432
38838,12.515925845627205,55.070806231177556
38839,3.0542365388308697,51.37192340301216
38840,6.297834928057508,52.836948389272784
38841,-2.964336095277531,39.79772730742375
38842,18.681186566165092,56.9502174787797
38843,26.706388634190745,39.42339692075982
38844,0.7039881657037195,50.93471646794028
38845,-118.37888553659901,32.94908321227163
38846,-7.9816778545707825,43.23794982307409
38847,107.0319837868794,9.822778936718617
38848,6.962565346549832,53.12640930643254
38849,4.209900591469705,51.34100043649956
38850,-77.3913341806899,36.23234733059634
38851,-2.0047209882588533,48.62548068069927
38852,19.04820813459739,57.555164502158824
38853,1.643338941391132,51.04880016916724
38854,-69.33448127955884,24.38582763617647
38855,3.8453153828598126,52.00820876267495
38856,1.0870102666666674,51.198030961904735
38857,21.806870940921918,39.66214977720404
38858,10.33420270596673,41.52063344812317
38859,5.9171056204953665,53.893971110558596
38860,8.040635327627571,55.103915127605134
38861,2.6220792625291556,50.075969236570764
38862,-2.570009700353968,40.23932477209953
38863,1.1967812193628868,50.50797315148343
38864,-8.367600305506716,34.37595824735264
38865,10.112578800914891,41.91055090896537
38866,19.053141365025805,57.7839494403456
38867,0.7241457826116628,50.94272054748281
38868,27.255970899999983,-28.29992390000002
38869,3.8210250650258915,51.970580490559506
38870,20.777664905882954,58.3694592277821
38871,125.90835747267269,28.454722018847455
38872,-2.2028549307417475,48.63411434543386
38873,1.0374228772343252,50.99308715243154
38874,13.907166668082832,39.688002022481726
38875,9.876154009682313,41.67001229549477
38876,5.915634228258245,53.513019185713084
38877,137.48053743966994,34.48582850014907
38878,17.347293741838186,58.52379565864639
38879,9.382527278106236,55.085695358332885
38880,11.465593511370523,40.11561425323233
38881,1.8821806099695018,52.5333254407073
38882,19.04820813459739,57.555164502158824
38883,0.8077179393062147,52.0045796316336
38884,5.706686952232556,40.97374882881681
38885,-121.10188327431553,40.686716817992895
38886,12.515925845627205,55.070806231177556
38887,112.88136002500221,-0.8740063084927843
38888,138.5109064933323,35.14931110551751
38889,-2.0957397782689315,42.573830060122276
38890,3.9594206259783915,52.073265749633656
38891,3.4430965632717396,51.48414286553045
38892,33.31352712142858,-28.177905155357145
38893,121.1557683618888,19.731117157260325
38894,11.611604539951697,40.17815314292142
38895,1.6377556413911318,51.04667256916723
38896,3.855032542048048,52.67981833878099
38897,1.5377646133325726,40.40828090117195
38898,-7.939702764405239,43.97159351370046
38899,27.26153349999999,-28.298913300000024
38900,121.74860303793497,-33.993920288188136
38901,54.71167014904352,25.11095491784009
38902,9.817933736882678,42.081049512051976
38903,102.31041368707662,7.872562545962344
38904,-11.242455577800746,31.23151262726619
38905,12.186242541905683,40.387541926753286
38906,6.297834928057508,52.836948389272784
38907,125.91623613775202,28.561873405355396
38908,13.907166668082832,39.688002022481726
38909,4.063926483759224,52.778188365036314
38910,116.0865346981213,6.041994307071039
38911,3.3868809736889403,51.355371943049356
38912,-15.419162220967433,28.14660053510373
38913,0.13838467661130444,38.79797620945087
38914,0.852870870715077,37.26165878048886
38915,120.58655633214292,-1.352642739285715
38916,124.613868817772,25.95675573256132
38917,-3.7321038791173224,39.066257983425395
38918,-10.866294094074636,38.91452857698003
38919,5.039261457001021,52.16835454062687
38920,13.094868133524006,42.14581407870014
38921,-122.26841752710206,46.361242622175205
38922,2.5840241846169483,50.13344988627831
38923,3.9541036719361067,52.00097230275369
38924,-4.608422071081035,47.670418672942034
38925,-0.26552716930590914,49.40377371551278
38926,10.111302200914892,41.906630242298704
38927,-65.61745340000002,-15.884879499999997
38928,-93.9444948694756,29.86877819865434
38929,-69.33554757955885,24.38420913617647
38930,3.6327743177505596,52.19024114658399
38931,115.26530275182533,-30.949501242857128
38932,106.77978123323716,20.835578017995136
38933,-110.04118471589145,24.61991621206499
38934,16.87757435786092,54.24337017425588
38935,-73.04152389924793,27.570887022430437
38936,12.488996778238088,55.050964360423976
38937,8.213862251989507,55.01213872171769
38938,4.717203276215547,53.44977552269551
38939,2.332289915947803,51.28564415425169
38940,1.404021501783229,51.57927050240745
38941,128.45664678736347,36.43759048876411
38942,129.12595802634098,29.926513326594883
38943,-121.03884005051637,39.033538512223785
38944,-0.8206280205463713,50.471509427649224
38945,-0.19201927226889218,50.741950820817436
38946,3.153119852822946,50.8603259320216
38947,3.0542365388308697,51.37192340301216
38948,116.38578123643298,-31.808105632780194
38949,4.10513065614118,52.63137385151504
38950,13.291583244340394,40.0672627956005
38951,-74.53894988098317,39.20893891714368
38952,0.488326344029453,50.88872768817214
38953,-1.2574945375674216,50.62433198231718
38954,-80.58077829765048,23.946160934450536
38955,-3.1955614478846353,42.70867616100525
38956,-79.55307151664854,9.446202262397657
38957,3.8121028279808393,52.478656261684364
38958,-1.9163505506976382,50.259447931924655
38959,17.770986046087415,40.37159703997167
38960,-47.80938763214289,-27.061954885000006
38961,122.73753356059123,28.73563492861083
38962,5.942346307162033,53.89695607722527
38963,173.8388702519183,-41.03343323574718
38964,118.53994240000003,-19.8267849
38965,-74.76858984119836,38.97315372618432
38966,-122.30294510661908,46.58436653950589
38967,9.080343990672583,54.34894635118192
38968,20.31549964322882,37.757435907593496
38969,4.650596494239881,52.8650242967736
38970,134.97787383870062,34.913462183242956
38971,10.130450646177467,57.378088702138065
38972,19.094015956692466,57.795925457012274
38973,107.03620218687938,9.823817336718616
38974,-77.3913341806899,36.23234733059634
38975,9.757491069405807,55.52736872988541
38976,-2.0047209882588533,48.62548068069927
38977,5.431254885111754,53.82340879237316
38978,18.681186566165092,56.9502174787797
38979,5.837092615483019,52.791362769286295
38980,26.428634216612018,37.36389708099729
38981,3.2786429298594,52.124971705915506
38982,21.752917651084008,59.15233393211383
38983,21.797410790921923,39.65611087720404
38984,14.711119027735704,37.85166658096434
38985,6.309880696298884,54.34861973552103
38986,12.068250108400168,38.02220715374414
38987,2.5427627700872155,51.795413274386895
38988,1.1855161292648475,50.50034819906046
38989,9.874547209682312,41.66950769549478
38990,12.505494094781024,39.608056285311925
38991,11.431643951114863,40.10685796389319
38992,-0.8862658087920029,48.17615258739306
38993,-0.45024930960585136,48.33078430540584
38994,0.9288130392313861,51.025499981304804
38995,3.809421071789961,51.96860901938346
38996,9.382031869177665,55.08595858458288
38997,1.0847142418174485,51.00575633419177
38998,6.962565346549832,53.12640930643254
38999,3.8413935451931467,52.00781231017495
39000,137.48141198966997,34.485487300149074
39001,17.42366439509106,58.55236097201113
39002,-79.53482471503105,9.248606002932908
39003,5.915634228258245,53.513019185713084
39004,23.670164515831708,37.45241983529442
39005,169.4750396928531,-38.08941332614505
39006,109.04826846420622,19.32719141033414
39007,152.4670027060995,-29.781595706703964
39008,-8.363683705506716,34.382928414019304
39009,4.217299132852339,51.33553758521919
39010,-2.569619758687301,40.23883021793286
39011,0.9871773666666673,51.16870313333331
39012,10.86069091787485,53.94371974789423
39013,-80.67757553512988,25.412161435865805
39014,0.5578954371271017,42.62921163951877
39015,8.023546715960904,55.040797760938496
39016,1.8821806099695018,52.5333254407073
39017,2.6220792625291556,50.075969236570764
39018,-2.9649399952775313,39.80417610742374
39019,10.33420240596673,41.52063494812317
39020,-0.10466936885215951,38.928508664967175
39021,-52.35169140861094,36.34480241240699
39022,20.78899108088295,58.36930019028208
39023,12.283548342917355,55.190371848031766
39024,26.707861374190742,39.42330644075982
39025,-2.2028549307417475,48.63411434543386
39026,-7.977934154570781,43.23974512307408
39027,-118.37752263659901,32.94902001227164
39028,21.80126160520764,39.657170770061185
39029,127.61697757516339,29.23727801272325
39030,2.2009140386499824,52.19900133694668
39031,-121.10145685883936,40.68644259965956
39032,3.952459433121249,52.07292145320509
39033,8.14446806312061,54.94431255603646
39034,107.04237818687939,9.823828736718617
39035,0.8501912373817436,37.262113413822185
39036,-3.1161533462179687,42.724638654338584
39037,-2.0938172273430053,42.581506251788944
39038,12.529558612293872,55.07622276451089
39039,-16.97371070942544,39.58240820723359
39040,121.6334225712683,-33.992499788188134
39041,-3.505916917877637,43.760921783876114
39042,1.1832603292648474,50.50000099906046
39043,-7.935480004405239,43.97867550370046
39044,17.683798421996084,40.34464964300056
39045,13.096808833524005,42.14568217870014
39046,122.73753351059123,28.73563572861083
39047,173.83886940191823,-41.03347103574717
39048,54.71167040661928,25.11095531784009
39049,9.082751390672582,54.34760985118192
39050,20.310862576113212,37.758601918300656
39051,4.657283625170317,52.87222164062414
39052,5.431309485111755,53.82228319237317
39053,102.3018200870766,7.878153045962347
39054,12.186242541905683,40.387541926753286
39055,26.428634216612018,37.36389708099729
39056,5.94863471548302,52.7717398192863
39057,109.04612867878954,19.32756075200081
39058,10.130450646177467,57.378088702138065
39059,6.316663444769563,52.84291255290609
39060,-75.49700426203235,38.650826784292335
39061,4.056399314386665,52.81970494946393
39062,-79.53482471503105,9.248606002932908
39063,116.0865366981213,6.042005207071038
39064,126.12264084251392,28.687535128212538
39065,3.3868809736889403,51.355371943049356
39066,10.108717000914893,41.898560692298695
39067,0.1368356964381443,38.793938592740915
39068,121.15100866252371,19.625155825990486
39069,-15.419164044210307,28.146605033107953
39070,124.61188611777197,25.949547812561317
39071,120.57372563214292,-1.4240514392857153
39072,-10.866294094074636,38.91452857698003
39073,-3.703936679117323,39.22252258342539
39074,9.817933736882678,42.081049512051976
39075,-0.773578765313742,48.19699844174089
39076,-0.33756226612759044,48.35163015975367
39077,5.039261757001022,52.16835444062687
39078,1.652327002391132,51.04802847216723
39079,-122.26875158374672,46.36130508050992
39080,3.9541036719361067,52.00097230275369
39081,-65.62321210000003,-15.8741857
39082,2.579848858426472,50.13343236484973
39083,-4.626352382192147,47.671216050719806
39084,112.19363542500223,-2.339111708492784
39085,-73.04093559924794,27.570873722430434
39086,-0.3948133651282529,49.36632850177543
39087,13.907166668082832,39.688002022481726
39088,-93.9444948694756,29.86877819865434
39089,115.26336225182531,-30.94876964285713
39090,3.632774047048805,52.19024120237347
39091,106.77978092866066,20.835577861129345
39092,12.48917611222077,55.05110078661446
39093,-110.01540593110863,24.64145832963495
39094,5.479736518899221,40.98039758215015
39095,3.7189446269901283,52.43979035096046
39096,16.651792690513062,54.2261764841124
39097,4.717203276215547,53.44977552269551
39098,0.9943102666666674,51.193636133333314
39099,2.332289915947803,51.28564415425169
39100,1.4040248017832289,51.579299602407445
39101,-121.0540908838497,39.14523451222379
39102,128.45664678736347,36.43759048876411
39103,128.99381202634098,29.78485500841306
39104,-0.47601297174420354,50.62871257746414
39105,-0.06535746885215965,38.93030266496717
39106,3.153119684777833,50.86032563758551
39107,-69.34054477955885,24.384690536176468
39108,3.540684592421308,51.51250503472908
39109,6.311064527965549,54.36769457385436
39110,116.38578129786157,-31.808108348018287
39111,-74.75992064119836,38.97334362618432
39112,-122.24996970337666,46.44133884496745
39113,-79.55307151664854,9.446202262397657
39114,13.224900959353947,40.12233471741622
39115,4.054897951538806,52.57644460859169
39116,-47.81348683214289,-27.06819748500001
39117,8.033856355960904,54.970117340938494
39118,0.8077179393062147,52.0045796316336
39119,0.3379312300490721,50.86271872825468
39120,-1.9163505506976382,50.259447931924655
39121,9.504947259329747,41.66864162160293
39122,21.75220305108401,59.148693632113826
39123,137.852615119036,34.810202304161386
39124,2.501182746539766,51.77401083854163
39125,-0.8764972994546767,50.68440123445622
39126,-74.53848431002342,39.19969158989177
39127,-80.9034716976505,24.289781934450538
39128,12.071237416733503,38.02414710374414
39129,134.97307093070063,34.91250848324296
39130,0.9457820406705989,51.029313605444834
39131,3.0609281995451556,51.3732639815836
39132,3.8071661301232944,51.96826221462155
39133,0.012147092423858306,42.37290509872339
39134,-2.151916773995035,48.632388868518476
39135,5.915634228258245,53.513019185713084
39136,2.6220792625291556,50.075969236570764
39137,137.48932543738425,34.49250121957764
39138,27.261651999999984,-28.298431900000022
39139,10.334202205966731,41.520635448123166
39140,9.385257882669729,55.08615325664638
39141,-52.27232018003951,36.49146738383556
39142,1.1373513670095685,51.00930339013657
39143,5.942346307162033,53.89695607722527
39144,11.611604539951697,40.17815314292142
39145,14.7051089527357,37.861371425131004
39146,-8.389828855506716,34.37614661401932
39147,1.8821806099695018,52.5333254407073
39148,4.224849023855254,51.32948873947173
39149,-2.570066825353968,40.23895568459952
39150,23.670164515831708,37.45241983529442
39151,17.42395119509106,58.55018207201113
39152,118.54099250000004,-19.8255614
39153,169.6483444928531,-38.14358652614506
39154,10.86069091787485,53.94371974789423
39155,20.795035880882953,58.36438959028209
39156,11.431643951114863,40.10685796389319
39157,3.855032542048048,52.67981833878099
39158,19.150129086670702,57.81479127345006
39159,-0.19201927226889218,50.741950820817436
39160,-80.72890453512987,25.423078035865807
39161,-7.991996754570782,43.224617223074084
39162,12.505494094781024,39.608056285311925
39163,152.4667922060995,-29.78069400670397
39164,9.717254026264307,55.49628394881207
39165,-2.965950995277532,39.80704650742374
39166,26.72001523331772,39.425498613656636
39167,6.962565346549832,53.12640930643254
39168,-77.3913341806899,36.23234733059634
39169,-2.071796960418266,48.66114973436102
39170,18.929668534597386,57.52450880215881
39171,12.280914339887051,55.19259166469844
39172,-118.38122193659899,32.94900011227164
39173,3.2786429995563697,52.12497142409732
39174,18.681186566165092,56.9502174787797
39175,3.842558845193147,52.00805611017495
39176,29.46792745591155,40.712426040664816
39177,6.968915457024026,54.50376474181254
39178,-74.53996588502342,39.20334543989178
39179,2.1480598255399346,52.15963241831829
39180,127.61980668659197,29.235143673675633
39181,-75.49700426203235,38.650826784292335
39182,16.47515806915939,56.436395046849185
39183,-11.326882658473014,31.13245565583762
39184,33.31461052142858,-28.17649735535715
39185,133.8868964475157,36.66290916742935
39186,54.707299591508175,25.107508180340087
39187,-7.920282607262383,44.00313118846235
39188,-47.82936143519483,-27.093233334047618
39189,-0.16769665490476174,50.74644143060004
39190,1.5341289927443376,40.397697800191565
39191,-122.26013198462476,46.355471158622315
39192,-121.10435833795187,40.68990527253836
39193,-15.419171147684802,28.14660247018203
39194,-69.31825277955885,24.344913036176468
39195,0.24099718251018615,39.63234170011961
39196,-16.719668014484967,39.67776642211456
39197,1.1458662372332158,49.346496086107315
39198,-0.4355321130332646,48.25942062019358
39199,0.0004843861528870219,48.41405233820637
39200,-3.480351680489375,43.76114308073284
39201,3.9644065426450585,52.07033594963365
39202,102.31932020332661,7.878632609712344
39203,8.12662159562061,54.937870489536465
39204,-79.53482471503105,9.248606002932908
39205,112.19117752500225,-2.3404263084927837
39206,5.736573309375413,40.99400005738823
39207,4.717203276215547,53.44977552269551
39208,3.5406843894137894,51.51250512420277
39209,-1.8706162730365734,50.25357709168189
39210,18.959909276850702,57.74365500485997
39211,17.645664001161183,40.322908224924106
39212,122.86943766059122,28.83437072861083
39213,152.4644585060995,-29.782342706703968
39214,9.075663262811368,54.33356616846248
39215,20.311419976366075,37.75866991602487
39216,4.657283625170317,52.87222164062414
39217,5.429638786316516,53.8201937051644
39218,9.7674167667657,41.839751765001374
39219,26.428634216612018,37.36389708099729
39220,6.027944061766544,52.74869205534544
39221,12.186242541905683,40.387541926753286
39222,2.5640583198046123,54.36181283660988
39223,6.3664263342627985,52.85810339639507
39224,10.130450646177467,57.378088702138065
39225,109.04723084337287,19.328185123667478
39226,4.044434087143076,52.84831550189067
39227,126.11570937267268,28.58039331884746
39228,116.08654311478796,6.041998253737704
39229,10.11282340091489,41.90649760896537
39230,3.3868809736889403,51.355371943049356
39231,13.907166668082832,39.688002022481726
39232,121.15126211188876,19.625594457260323
39233,0.8353039835938647,37.260317519882804
39234,124.60261197110536,25.863283665894652
39235,120.57925903214293,-1.3672708392857151
39236,12.515925845627205,55.070806231177556
39237,0.13838394327797118,38.79797587611754
39238,-3.454860580796659,39.49844649755137
39239,-10.868780468360349,38.91614659126574
39240,173.8387293713514,-41.0335890687904
39241,1.6798583670970144,51.05239030746136
39242,-65.6390209,-15.892946999999994
39243,118.33560110000002,-19.924837399999998
39244,5.039261548667687,52.16835466562688
39245,3.9536906325044527,51.99972478864607
39246,-4.647896332192146,47.643717584053135
39247,-0.37710725389658145,49.37688156016929
39248,-73.02643889924792,27.552861522430433
39249,27.25597099999998,-28.299923800000023
39250,3.6327738774980345,52.1902408343744
39251,115.26980080182531,-30.940968342857126
39252,-93.9444948694756,29.86877819865434
39253,-77.3913341806899,36.23234733059634
39254,106.7797817015433,20.835570547081943
39255,-110.22265658733748,24.445471624950052
39256,16.877573896282605,54.243370563894445
39257,12.47292908135164,55.04475393221885
39258,17.420267795091057,58.55128447201113
39259,3.721048726990128,52.44034185096046
39260,2.332289915947803,51.28564415425169
39261,3.0588596952088722,51.37236972521193
39262,1.404021501783229,51.57927050240745
39263,128.45664678736347,36.43759048876411
39264,129.13035879634097,29.870197008413065
39265,-121.05221002051638,39.04981886222379
39266,107.03347698687939,9.823125536718615
39267,-0.23072196670632997,50.68433415606536
39268,11.359981346985006,40.08137265434645
39269,-79.55307151664854,9.446202262397657
39270,3.1277813447148377,50.83636775810857
39271,134.9784209087006,34.91314158657629
39272,137.48908503738429,34.492352719577646
39273,23.66918571583171,37.44996033529441
39274,9.33196597349995,55.09281860558624
39275,7.006373488239151,53.67459632544725
39276,3.855032542048048,52.67981833878099
39277,-2.1654498188296554,48.62823104742457
39278,116.38620523286154,-31.808380078018285
39279,-3.0375704004603934,42.74056070676283
39280,9.703768847327886,55.499423863651636
39281,1.0066829812622904,51.017362696644184
39282,11.611604539951697,40.17815314292142
39283,1.035418754739143,51.0199269815888
39284,4.1579815512293745,52.621488807969826
39285,-7.991737442070782,43.16277716057409
39286,12.4971132220994,39.603067527438
39287,169.46984846913514,-38.0934417126835
39288,13.334925498663752,40.16072233554367
39289,-3.0753417952775313,39.86517360742375
39290,-0.19536386124532207,38.804344288837754
39291,18.80605173459739,57.442823435492144
39292,-80.81737733512989,25.46856113586581
39293,12.25717331138917,55.20051562009921
39294,18.375724950320937,56.79834132605242
39295,-52.3904301732538,36.34728925145461
39296,-0.32848081245283894,41.97657597121158
39297,-122.24996970337666,46.44133884496745
39298,14.697222271783323,37.86247877798815
39299,124.18667043126828,-34.34322459818814
39300,0.2949794695728814,50.873902805629534
39301,-118.37888553659901,32.94908321227163
39302,1.8821806099695018,52.5333254407073
39303,2.6220792625291556,50.075969236570764
39304,-2.601875394401587,40.29774818221854
39305,10.86069091787485,53.94371974789423
39306,2.506420245093139,50.21409133818307
39307,20.820886905882954,58.38568222778209
39308,3.280490980020431,52.12430520068201
39309,9.828427245080213,41.676480836443396
39310,137.8288091605195,34.814130668172375
39311,2.2734515436118046,51.72321048441465
39312,-0.6042518619546765,50.67007332195621
39313,26.706388634190745,39.42339692075982
39314,0.9215828614058877,52.2425224628836
39315,21.739365351084007,59.16268808211384
39316,1.0244465166666674,51.2014075833333
39317,-80.71043089765048,23.80807113445054
39318,12.115942208751045,38.057850594884506
39319,6.326371279650532,54.383622667901975
39320,4.223857958885137,51.32974635410242
39321,3.87396648477648,52.01998514338574
39322,-2.0815289171176126,48.66085298501461
39323,-74.76257401273197,38.97294617844272
39324,6.962565346549832,53.12640930643254
39325,5.915634228258245,53.513019185713084
39326,3.8082509676232945,51.96849475549457
39327,10.33420295596673,41.52063344812317
39328,5.942346307162033,53.89695607722527
39329,8.06533596762757,54.98078704760516
39330,-8.450164755506716,34.355309947352644
39331,138.5109064933323,35.14931110551751
39332,-122.24996970337666,46.44133884496745
39333,13.089981430263137,42.1415320070697
39334,9.828427245080213,41.676480836443396
39335,-2.066753358921953,42.646774462315264
39336,134.04286714751572,36.62586586742934
39337,54.7057298147878,25.10792282328685
39338,3.9576309259783913,52.07343614963365
39339,6.944036116141198,53.66255821514359
39340,20.795524562654336,38.17835946848601
39341,-3.019059550460393,42.732775631762834
39342,33.31121162142858,-28.17792265535715
39343,3.540684592421308,51.51250503472908
39344,-16.719668014484967,39.67776642211456
39345,0.24099706028796392,39.63234161678628
39346,118.55862340000004,-19.954660699999994
39347,4.717203276215547,53.44977552269551
39348,-121.08457292051638,39.04917146222378
39349,5.511952909375412,40.98995535738823
39350,2.332289915947803,51.28564415425169
39351,1.404021501783229,51.57927050240745
39352,128.45664678736347,36.43759048876411
39353,129.12802429634098,29.868626808413065
39354,-0.13695378928697508,50.713849521979334
39355,3.169107952822946,50.87106893202161
39356,116.38578003643299,-31.80810824944686
39357,4.1579815512293745,52.621488807969826
39358,13.36305906301276,40.24467412742156
39359,-69.31899067955885,24.342772936176466
39360,-80.65381629765048,23.851760234450534
39361,-77.3913341806899,36.23234733059634
39362,19.033907609426457,57.76380944879935
39363,-1.8706162730365734,50.25357709168189
39364,-0.4355319912941342,48.25942055497619
39365,0.00048450789201744284,48.41405227298897
39366,17.68147212449452,40.36564581659077
39367,11.691835427879626,40.19915171778628
39368,-79.55307151664854,9.446202262397657
39369,122.73626086059123,28.743273328610826
39370,-72.97378839924794,27.528176189097103
39371,152.4670027060995,-29.781595706703964
39372,9.07595796281137,54.339005668462484
39373,20.31549964322882,37.757435907593496
39374,4.657283625170317,52.87222164062414
39375,1.1067964206031347,51.00065216776641
39376,102.3082392720766,7.872577565962344
39377,26.428634216612018,37.36389708099729
39378,10.130450646177467,57.378088702138065
39379,5.431328076316516,53.81957786516439
39380,6.073079554773081,52.72953775724086
39381,173.83890235756942,-41.033443851226295
39382,12.186242541905683,40.387541926753286
39383,6.3664263342627985,52.85810339639507
39384,109.04723151753953,19.32818543700081
39385,126.04808100441868,28.660496705355396
39386,4.012623914285932,52.846040186414484
39387,116.08653389812129,6.041992907071037
39388,-0.19762199457865548,38.80587735550442
39389,10.11154680091489,41.9025769422987
39390,107.0371891868794,9.823055136718619
39391,3.3868809736889403,51.355371943049356
39392,-79.53482471503105,9.248606002932908
39393,-65.63624740000002,-15.891393899999999
39394,121.3485595991904,19.944141165990484
39395,-15.419173013919231,28.14660489660448
39396,0.1368356964381443,38.793938592740915
39397,120.57412133214294,-1.4157290392857151
39398,1.015675744098653,37.37704865028442
39399,124.60984101777203,25.957632232561323
39400,-3.4545172807966584,39.49875399755137
39401,-10.866294094074636,38.91452857698003
39402,12.515925845627205,55.070806231177556
39403,7.034491889734376,54.534786055039376
39404,1.6752377670970144,51.05019000746135
39405,2.5549968823046116,54.35828574910988
39406,5.039261457001021,52.16835454062687
39407,-1.4046641836369316,41.342994694470356
39408,11.262585971128113,40.04353243981053
39409,3.9536906325044527,51.99972478864607
39410,-12.501073060850471,34.20166342886333
39411,-3.075369195277531,39.86439590742375
39412,-4.647896232192147,47.643717784053145
39413,112.19210902500222,-2.3391965084927837
39414,-0.37643978224664315,49.35492282015122
39415,3.281153553668924,52.1277531011536
39416,3.8901190098660856,52.029976814263875
39417,115.26976285182532,-30.94134614285713
39418,-93.9444948694756,29.86877819865434
39419,-2.1654498188296554,48.62823104742457
39420,-47.84670056019484,-27.12948610071429
39421,3.7189446269901283,52.43979035096046
39422,3.855032542048048,52.67981833878099
39423,13.907166668082832,39.688002022481726
39424,12.499412152099401,39.61180195743799
39425,3.6327743177505596,52.19024114658399
39426,-118.377820836599,32.94895741227164
39427,18.274312425320936,56.74849217605242
39428,1.010117806064273,52.41696201567862
39429,3.077478868678261,51.38983589705672
39430,10.86069091787485,53.94371974789423
39431,12.261946711389168,55.20591802009922
39432,12.116406575417713,38.06166152821783
39433,-122.26013152212478,46.355470562788966
39434,6.3368992232036465,54.41110484052101
39435,-8.464753955506717,34.35734051401931
39436,-0.5043161151209546,50.64745320518852
39437,-2.6033679039253967,40.29676842031378
39438,1.0343753166666674,51.21138378333331
39439,106.77978059851299,20.83557119859709
39440,-110.21447547793704,24.449709284890577
39441,137.8359913319481,34.81386106102952
39442,2.3468583172252697,51.757624986762764
39443,134.97787383870062,34.913462183242956
39444,1.1694876255285838,50.49817455334617
39445,20.862808180882954,58.39651699028208
39446,12.473166115334324,55.04478335840933
39447,-7.984904842070782,43.113222960574085
39448,26.707861374190742,39.42330644075982
39449,2.6220792625291556,50.075969236570764
39450,137.52518786454561,34.514678103273894
39451,27.261533699999987,-28.298912900000023
39452,3.8036862717899607,51.96745441938346
39453,2.508764445093139,50.21299983818306
39454,18.789916934597386,57.447348935492144
39455,0.8302699055793008,50.94532098514879
39456,5.915634228258245,53.513019185713084
39457,4.172921305584954,51.308226544519286
39458,23.66918571583171,37.44996033529441
39459,21.738188851084015,59.15875033211383
39460,9.700757947327887,55.49749066365164
39461,9.33194121457138,55.093193406836235
39462,9.7674167667657,41.839751765001374
39463,-121.10445951295189,40.689584264205024
39464,17.455398227523492,58.564318432821935
39465,169.46958309285307,-38.09348885114505
39466,-2.0815289171176126,48.66085298501461
39467,5.942346307162033,53.89695607722527
39468,-0.10614267178299938,50.79454160999734
39469,14.69692597178332,37.86237197798815
39470,16.88316155786092,54.247070174255875
39471,8.069716715960903,54.9310771809385
39472,124.21669349793497,-34.353321464854815
39473,-74.76338326273198,38.97293307844272
39474,6.962565346549832,53.12640930643254
39475,10.33420198055608,41.520634496380374
39476,-52.381191673253795,36.35195368478795
39477,-80.67061673512987,25.4127898358658
39478,1.8821806099695018,52.5333254407073
39479,-2.5069269052159115,46.45362026747118
39480,-122.24998948660381,46.444614044197316
39481,1.8821806099695018,52.5333254407073
39482,-0.19762199457865548,38.80587735550442
39483,134.03433614751572,36.61946656742934
39484,107.0377710868794,9.822597336718617
39485,134.97773363870064,34.913831283242956
39486,33.314126121428586,-28.17771115535715
39487,-47.85099986019484,-27.13550930071429
39488,-15.419166821117031,28.146604754472616
39489,20.795524562654336,38.17835946848601
39490,12.470787465334324,55.043836158409334
39491,-79.55307151664854,9.446202262397657
39492,54.70520794942765,25.107449171590005
39493,4.012148541529522,52.84621083398774
39494,-3.076380195277531,39.86726630742375
39495,-7.908291147262384,44.01822343012902
39496,3.9536906325044527,51.99972478864607
39497,-4.65473356552548,47.65394096738647
39498,112.19592492500226,-2.3452799084927833
39499,-65.55638220000003,-15.856881900000001
39500,-0.37290578224664317,49.35458512015121
39501,3.7189446269901283,52.43979035096046
39502,115.26785625182531,-30.940287142857134
39503,-93.9444948694756,29.86877819865434
39504,3.632774047048805,52.19024120237347
39505,3.8036871301232935,51.967454814621554
39506,106.77978079156856,20.83557083537559
39507,-110.18626874096593,24.474355650392216
39508,-72.9201415659146,27.66212392243044
39509,16.651792531480805,54.22617638043498
39510,4.717203276215547,53.44977552269551
39511,-121.09901295384971,39.16475926222379
39512,2.332289915947803,51.28564415425169
39513,1.4040248017832289,51.579299602407445
39514,-79.53482471503105,9.248606002932908
39515,128.45664678736347,36.43759048876411
39516,129.12733489634098,29.869722008413063
39517,0.059135409131506333,50.763394872981664
39518,1.2202446439024113,51.04137669591974
39519,3.183030604777834,50.88240959758551
39520,3.540684592421308,51.51250503472908
39521,116.38577809786159,-31.808111431351623
39522,4.1579815512293745,52.621488807969826
39523,13.286620524190244,40.33825308350618
39524,-80.9765096976505,24.195381234450537
39525,-1.8706162730365734,50.25357709168189
39526,118.55938240000003,-19.955034600000005
39527,18.811174100337798,57.64988424876961
39528,17.677139086994522,40.36475482909077
39529,122.70474141059123,28.711727528610826
39530,3.8759464831212487,52.044804690705085
39531,152.4667922060995,-29.78069400670397
39532,9.120788357590426,54.31912535647404
39533,20.310862576113212,37.758601918300656
39534,12.982507196929802,42.22119341873638
39535,6.734406669838808,53.61591755421338
39536,4.657283625170317,52.87222164062414
39537,102.3011502720766,7.873117665962347
39538,5.431308126937007,53.80755530054678
39539,12.186242541905683,40.387541926753286
39540,26.428634216612018,37.36389708099729
39541,-69.31648997955885,24.33840223617647
39542,173.84345539645827,-41.00837746789296
39543,10.130450646177467,57.378088702138065
39544,6.120843771552459,52.70556510407622
39545,6.354357164860808,52.81986715826121
39546,109.04484332712288,19.329023346167478
39547,2.514924124368104,54.34760800843527
39548,-2.0154092052617036,40.89910848889117
39549,116.08576455526413,6.041230092785323
39550,126.13703977918058,28.63693247821253
39551,3.3868809736889403,51.355371943049356
39552,1.1694876255285838,50.49817455334617
39553,2.2519384815774286,51.72090443656814
39554,7.034491636402614,54.53478614116555
39555,-16.784233564484968,39.54574042211455
39556,10.128782917581558,41.84236285896536
39557,13.907166668082832,39.688002022481726
39558,-0.43560739636659795,48.25943110352691
39559,0.00040910281955369054,48.414062821539694
39560,-121.0495461924757,40.66274648920503
39561,121.34826236252373,19.94360252599049
39562,0.1368356964381443,38.793938592740915
39563,120.57291873214291,-1.4209114392857152
39564,-3.485110172993465,39.54954018568558
39565,-10.866294094074636,38.91452857698003
39566,-122.241521570997,46.23543569274484
39567,124.60628091777203,25.95610661256132
39568,12.499412152099401,39.61180195743799
39569,1.1199526990954434,37.38433146997172
39570,137.5664256145456,34.52919120327388
39571,-12.376763725850472,34.15410393386332
39572,1.6026517020970146,51.027080442461354
39573,5.039261757001022,52.16835444062687
39574,11.691835427879626,40.19915171778628
39575,9.710600767822749,55.50318484621467
39576,5.915634228258245,53.513019185713084
39577,17.455685027523494,58.56213953282194
39578,10.334201780556079,41.520634996380366
39579,9.335166637457382,55.093387948596686
39580,0.7256007975479943,50.87390424810804
39581,3.855032542048048,52.67981833878099
39582,23.66918571583171,37.44996033529441
39583,169.4071247928531,-38.068849451145056
39584,-52.30182044468237,36.498618656216514
39585,9.7674167667657,41.839751765001374
39586,137.84330500117886,34.81053303987567
39587,-80.72194593512987,25.423706435865803
39588,18.666948434597387,57.36420863549214
39589,-2.1667226976175344,48.627546923182145
39590,4.18189443316446,51.302133102013876
39591,3.928369583565849,52.045757076374336
39592,-77.3913341806899,36.23234733059634
39593,2.6220792625291556,50.075969236570764
39594,21.73415545108401,59.15722663211383
39595,-2.0801036060065017,48.661402879459054
39596,-0.2035881197988723,50.76117322825131
39597,-118.38122193659899,32.94900011227164
39598,18.274312425320936,56.74849217605242
39599,-0.5030021151209546,50.64774960518853
39600,6.962565346549832,53.12640930643254
39601,1.0150869166666676,51.209564283333314
39602,10.86069091787485,53.94371974789423
39603,14.70024927178332,37.86593306798815
39604,8.109498165960902,54.84765783093851
39605,-8.470488155506716,34.35461921401932
39606,124.06469489793497,-34.35462546485481
39607,-74.76504516273197,38.97292037844272
39608,0.17123655596427534,39.66311273694906
39609,12.529558612293872,55.07622276451089
39610,5.942346307162033,53.89695607722527
39611,1.0429829383223372,52.47055379309798
39612,3.078951370779101,51.38725560976681
39613,12.118431900417713,38.06295092821783
39614,21.14347468088295,58.524300890282085
39615,6.375172494870314,54.47831182246546
39616,26.72001523331772,39.425498613656636
39617,-2.7697004889253973,40.28191942531379
39618,27.261651999999984,-28.298431900000022
39619,2.4248779107051917,50.28852301268401
39620,12.260371806464928,55.21478491025073
39621,-7.980122375404116,43.157483827240746
39622,3.3008914500459086,52.14618111453906
39623,11.142935584513308,39.9820018989442
39624,11.139945139352,39.92684966772032
39625,-2.0188914165865683,42.65520139673199
39626,133.79135264751568,36.67909546742935
39627,-74.53884860582917,39.2097598137133
39628,-69.31147745955884,24.338501116176467
39629,12.499412152099401,39.61180195743799
39630,-7.905710530595717,44.022555330129016
39631,-15.419164141600847,28.146601077750947
39632,1.1458662372332158,49.346496086107315
39633,-16.742381614484966,39.67545642211456
39634,2.4907294022709356,54.32645542303904
39635,3.5406843894137894,51.51250512420277
39636,-72.73647679263762,27.584001947853068
39637,13.395545057594374,40.347954960552855
39638,27.255159699999982,-28.30131540000002
39639,16.652897910714966,56.53175618988176
39640,173.84123287135142,-41.031691468790385
39641,17.712702934764835,56.83420316029989
39642,-0.1521009718659999,50.74784477507139
39643,13.907166668082832,39.688002022481726
39644,0.9885145064614104,37.34794071051952
39645,124.59703619110533,25.86734116589465
39646,-4.58494799052548,47.759714050719815
39647,127.25348184688215,29.00849348214299
39648,-0.3350988195754314,49.37950474886133
39649,-93.9444948694756,29.86877819865434
39650,-47.862487215380014,-27.145804271825394
39651,115.26457636253959,-30.937728721428563
39652,3.6327730794821607,52.19024188239027
39653,3.813960275956627,51.969091072161234
39654,1.5067429085562776,40.41638001029425
39655,106.77978185526231,20.83557044542905
39656,-110.20017517090888,24.467943915378623
39657,107.01118100687941,9.821070036718615
39658,16.87757379781038,54.24337030292222
39659,4.717203276215547,53.44977552269551
39660,2.332289915947803,51.28564415425169
39661,1.4040217705637168,51.57927062265135
39662,128.45664620403014,36.43759224709744
39663,-121.08783582051639,39.039353362223785
39664,129.13054839634097,29.871100608413066
39665,0.04194816008936085,50.746922545395456
39666,3.1417037985609912,50.84770915657011
39667,116.38946132452821,-31.815441353018286
39668,4.162250122503479,52.590064608523086
39669,-121.10893673795185,40.69620487253835
39670,-74.76725989066237,38.972851609285215
39671,-80.61617819765048,23.81436743445054
39672,-3.0753417952775313,39.86517360742375
39673,18.48356106732471,57.50432769314516
39674,17.62741194282785,40.33083004992411
39675,-1.8706162730365734,50.25357709168189
39676,3.782196442645058,52.01229298713365
39677,122.83647796059122,28.803335328610828
39678,-65.56731740000001,-15.878831099999998
39679,118.34386590000004,-20.1832737
39680,54.70168565124562,25.108151043053066
39681,152.46382937167985,-29.7847900460858
39682,9.117608757590427,54.320877356474035
39683,20.311419976366075,37.75866991602487
39684,4.657283625170317,52.87222164062414
39685,102.45219061999327,7.980589126379011
39686,5.938296187162033,53.89569057722527
39687,10.130450646177467,57.378088702138065
39688,12.186242541905683,40.387541926753286
39689,26.428634216612018,37.36389708099729
39690,5.432416498589244,53.809607807437125
39691,6.19848951277593,52.65667160387127
39692,6.637420868594221,53.58701713751966
39693,109.04722887837288,19.328185228667476
39694,6.385902206527475,52.864273929927876
39695,126.13243142541484,28.528236115166347
39696,4.019553605952599,52.84421755308115
39697,-3.4109072217766485,43.757836908197795
39698,116.08654618145464,6.041994795404371
39699,10.115690800914889,41.90468770896537
39700,3.3868809736889403,51.355371943049356
39701,1.3635905900423122,51.08732195412759
39702,-52.38031748658713,36.35322443145461
39703,6.978149045798535,54.5310565784792
39704,121.34568033200689,19.9458231541817
39705,0.13838394327797118,38.79797587611754
39706,-0.41140431303326463,48.13885129519358
39707,0.0004843861528870219,48.41405233820637
39708,-3.474265571373067,39.5377905778928
39709,121.07889473214294,-1.6603934392857156
39710,-10.884160151693685,38.91204387459908
39711,-1.9255589547089493,40.71776032115613
39712,-79.53482471503105,9.248606002932908
39713,-122.2415229054858,46.2354356798947
39714,3.721048726990128,52.44034185096046
39715,3.1190759312987058,51.395888794826604
39716,-0.09396511779077656,38.7826838602923
39717,-0.5301573287573182,50.64322529155216
39718,1.5948888992308525,51.01990002950178
39719,2.364956236272804,51.74439648110616
39720,9.295794983634678,55.07961968682882
39721,-12.538894079183809,34.06956026052999
39722,5.039261529879808,52.16835496229354
39723,14.687825715116656,37.88212276687704
39724,-8.53751791979243,34.31697220027474
39725,-80.81755933512989,25.4689084358658
39726,137.82795112242428,34.81099022650571
39727,-118.37888553659901,32.94908321227163
39728,1.8821806099695018,52.5333254407073
39729,-77.3913341806899,36.23234733059634
39730,10.86069091787485,53.94371974789423
39731,3.9536906325044527,51.99972478864607
39732,4.181888122053349,51.30243912979166
39733,-2.7678833889253975,40.28089312531379
39734,10.334201238889412,41.52063369638037
39735,12.397524148961782,54.94366539386621
39736,2.6220792625291556,50.075969236570764
39737,1.0654240166666675,51.2318593833333
39738,12.19494614287803,38.106129407781324
39739,13.050768519103462,42.090940309131994
39740,21.175320105882953,58.55066002778209
39741,12.47292908135164,55.04475393221885
39742,11.691835427879626,40.19915171778628
39743,6.436813671292781,54.56069220247461
39744,26.706388634190745,39.42339692075982
39745,1.0429829383223372,52.47055379309798
39746,3.855032542048048,52.67981833878099
39747,12.259240809041145,55.21183828930562
39748,-7.988851742070783,43.10964646057408
39749,3.244797613922669,52.24636055279403
39750,9.683796626739651,55.475764312671245
39751,2.059176710705191,50.53573421268402
39752,0.780957172178536,50.872822944996805
39753,18.274312425320936,56.74849217605242
39754,6.002704385779013,53.54767027016595
39755,3.946288895232515,52.0464272962285
39756,137.37451275489647,34.427791126080905
39757,21.75102804552845,59.162360898780506
39758,-2.0815289171176126,48.66085298501461
39759,18.64494363459739,57.36292883549215
39760,-2.1654498188296554,48.62823104742457
39761,-0.12832467689473703,50.79192501912432
39762,124.05454713126828,-34.35217179818813
39763,6.962565346549832,53.12640930643254
39764,0.24099718251018615,39.63234170011961
39765,23.66918571583171,37.44996033529441
39766,17.48209410752349,58.57586837282193
39767,1.1782365892785835,50.49080327959618
39768,9.7674167667657,41.839751765001374
39769,8.207011034839727,54.790998277387935
39770,169.23133145759667,-38.01517980114504
39771,-7.906578347262383,44.02051423012901
39772,-121.10904093938045,40.69588124396692
39773,-15.419162015411617,28.14660665412151
39774,112.19382292500224,-2.347141508492784
39775,126.07981075136362,28.331721618312546
39776,3.778153625978391,52.014225787133654
39777,-8.540388419792432,34.31762270027473
39778,-3.075609795277531,39.86660030742375
39779,3.540684592421308,51.51250503472908
39780,2.1618528715716803,52.084549427048444
39781,124.60784532666092,25.9627251903391
39782,-72.7461585155829,27.505321605900953
39783,-2.1443271038592964,42.71703844930775
39784,-1.912920655795194,50.25658777788879
39785,-69.31540021250002,24.341561674999998
39786,121.40059540700695,20.063979179181693
39787,106.97697310687941,9.939076136718619
39788,120.58133453214292,-1.3652355392857158
39789,-10.88333099740797,38.91224528031337
39790,-3.5128436715790254,39.58377315092602
39791,-74.54556813579742,39.18745471678058
39792,1.6478526049581257,51.02455899468359
39793,5.039261472995751,52.16835506881528
39794,-12.558478360850472,34.05400122886333
39795,-4.584947890525481,47.759714350719804
39796,-0.41088315401987585,49.38000532441688
39797,-2.0528003169075286,48.65480534719949
39798,115.26986135182531,-30.940994242857126
39799,-47.88161886538001,-27.181183821825392
39800,-93.9444948694756,29.86877819865434
39801,3.6327749628154944,52.190241339830756
39802,3.8036866009566275,51.967454222161244
39803,106.77978218731704,20.83557093253944
39804,-110.22058311647962,24.446671867273267
39805,-52.381191673253795,36.35195368478795
39806,16.877574259388695,54.24337011328366
39807,4.717203276215547,53.44977552269551
39808,7.034492603022425,54.534785737518696
39809,2.3505258135917715,51.29487325010584
39810,1.4040217705637168,51.57927062265135
39811,128.46005031879204,36.43587875694145
39812,129.12794919634098,29.870436408413067
39813,-121.0844324205164,39.04859856222379
39814,3.1830299066690997,50.88241073048315
39815,-74.72732279011292,38.76724472606177
39816,-0.09430321779077648,38.7861674602923
39817,116.38733128643298,-31.809638766113522
39818,4.170534225969968,52.625343410223124
39819,13.399711257594376,40.35511109237103
39820,-80.56149879765047,23.859094434450537
39821,33.313866771428586,-28.176063405357148
39822,18.15555493622695,57.290203538394074
39823,-65.56821900000001,-15.877805699999996
39824,17.68147212449452,40.36564581659077
39825,1.6025979501902399,51.17605055612853
39826,122.70328246059121,28.71213262861083
39827,9.156827999181337,54.32772023397404
39828,152.46460057167982,-29.7848174460858
39829,20.31549964322882,37.757435907593496
39830,4.657283625170317,52.87222164062414
39831,102.44364818874328,7.9740589826290105
39832,10.746187643020342,39.89860154449782
39833,12.186242541905683,40.387541926753286
39834,26.428634216612018,37.36389708099729
39835,5.435915506316515,53.80931993599772
39836,173.83890316135145,-41.0334399887904
39837,109.0463619192062,19.328462742000806
39838,6.251460562761128,52.629249183839356
39839,1.0866287166666675,51.2541474833333
39840,6.385902206527475,52.864273929927876
39841,10.130450646177467,57.378088702138065
39842,3.1503590954034637,51.40952455556742
39843,-79.53482471503105,9.248606002932908
39844,11.691835427879626,40.19915171778628
39845,12.19478889503843,38.12167742856186
39846,-0.41140429129413425,48.13885122997618
39847,0.00048450789201744284,48.41405227298897
39848,136.8487394799153,34.130680535356944
39849,126.13773752541485,28.636830715166344
39850,4.015930039285933,52.843450953081145
39851,3.7189446269901283,52.43979035096046
39852,116.0865346981213,6.0419952070710385
39853,10.11154680091489,41.9025769422987
39854,5.942346307162033,53.89695607722527
39855,12.399797333296227,54.94789513117056
39856,-2.9235165232548637,40.327477343809186
39857,137.82254203194807,34.80696278602952
39858,-11.392122316806349,31.10338153917095
39859,3.3868809736889403,51.355371943049356
39860,-16.742381614484966,39.67545642211456
39861,-0.49080402848993865,50.64965612711366
39862,13.038729448270129,42.09306569579866
39863,12.47292908135164,55.04475393221885
39864,2.414135708450098,51.75749385475747
39865,6.476456711274467,54.63743544723651
39866,18.274312425320936,56.74849217605242
39867,27.260522799999986,-28.298918100000023
39868,9.682367326739652,55.47449271267124
39869,2.0541357960531763,50.53641719473529
39870,6.363172568857157,53.45901642145745
39871,-0.3765311908035594,50.74757123337768
39872,124.13493343126831,-34.38992369818814
39873,1.503342758556277,40.422420243627585
39874,1.1684226692785837,50.48391025959617
39875,-2.9127265975757775,42.77067008913462
39876,-1.980848338930977,40.726707708437594
39877,-122.24229444849475,46.23683195755309
39878,14.69571563178332,37.86290797798815
39879,8.214042768173059,54.75897776072128
39880,4.197826854081143,51.29098473223594
39881,118.53851090000003,-20.143725699999997
39882,0.10728740601255549,50.77315891148733
39883,9.298888939864305,55.077135517396925
39884,9.7674167667657,41.839751765001374
39885,3.3008913803489395,52.14618139635724
39886,6.002704385779013,53.54767027016595
39887,23.66918571583171,37.44996033529441
39888,17.510468754473894,58.58733546823445
39889,0.13838467661130444,38.79797620945087
39890,0.8773750299580206,50.95362354373647
39891,1.0694211465064463,37.332499483997374
39892,3.855032542048048,52.67981833878099
39893,169.22962937746848,-38.01434761268351
39894,21.326813341177072,58.60998837484089
39895,-80.67080983512987,25.4114664358658
39896,13.907166668082832,39.688002022481726
39897,-3.3912519556977347,43.75651796191568
39898,-7.940592042070782,43.04145976057409
39899,17.452977154901067,56.71845133027766
39900,26.707861374190742,39.42330644075982
39901,1.8821806099695018,52.5333254407073
39902,2.6220792625291556,50.075969236570764
39903,2.3239953872709354,54.30074274553905
39904,10.86069091787485,53.94371974789423
39905,3.9536906325044527,51.99972478864607
39906,12.253414417214223,55.212774236421
39907,-0.1931417002793633,50.73560546907375
39908,-118.37752263659901,32.94902001227164
39909,3.9676601628795742,52.04564334622851
39910,10.33420103888941,41.52063489638037
39911,18.590825734597384,57.37015483549215
39912,-2.1654498188296554,48.62823104742457
39913,6.962565346549832,53.12640930643254
39914,-77.3913341806899,36.23234733059634
39915,21.749356334417342,59.160195465447174
39916,0.27830685353120727,39.63296865575024
39917,1.0640461293011108,52.5083216357277
39918,-11.392122316806349,31.10338153917095
39919,107.0474294068794,9.580312736718616
39920,-121.1087137653328,40.69567490777645
39921,112.19578542500227,-2.3441159084927836
39922,125.89666337411295,28.222738714035817
39923,10.656035331368498,39.825856488819895
39924,-47.87812464038001,-27.179221638492066
39925,4.717203276215547,53.44977552269551
39926,0.2827699260274171,39.6332938924244
39927,3.770267333121248,52.014877790705086
39928,2.3220517442153796,54.29955082053903
39929,173.83889355756935,-41.03347695122629
39930,2.426805794164384,51.75543080475746
39931,-2.1214059098307763,42.75242091909385
39932,-15.419158691500053,28.1466040560574
39933,1.0686601590064462,37.3358149798307
39934,120.57475923214291,-1.429553139285715
39935,-2.1873226743952627,40.654562464723305
39936,124.61327800666089,25.93512429033909
39937,-10.88333099740797,38.91224528031337
39938,-3.5127292715790253,39.583876250926025
39939,12.507048037026937,39.62152434816264
39940,5.039261772995751,52.16835496881527
39941,33.31679217142859,-28.17585350535715
39942,1.6789552627125477,51.022161805903785
39943,7.03449162942321,54.53478600317928
39944,-4.58586089052548,47.759498300719805
39945,-0.37078836120236935,49.450084218735
39946,134.03303094751573,36.61915086742934
39947,3.632774518477376,52.19024147380205
39948,115.26784665182531,-30.940527142857132
39949,-93.9444948694756,29.86877819865434
39950,3.8036871301232935,51.967454814621554
39951,106.77978095006956,20.83557063333309
39952,-110.18670739036423,24.47389579009752
39953,1.511874458556277,40.420973110294256
39954,16.651792633008583,54.226176319462766
39955,-121.09808552051639,39.18781186222378
39956,2.3505258135917715,51.29487325010584
39957,1.4040250705637165,51.57929972265135
39958,-79.53482471503105,9.248606002932908
39959,128.46005031879204,36.43587875694145
39960,129.12752449634098,29.870625608413064
39961,-2.909078997575777,42.77067388913462
39962,134.94456213833828,34.90443613094827
39963,3.5256172603330236,51.507748214864904
39964,-52.37838724468237,36.353521756216516
39965,3.1830302191503033,50.88240958552073
39966,-65.57365740000002,-15.8744213
39967,116.38577789786157,-31.808111031351622
39968,4.170534225969968,52.625343410223124
39969,13.311170274261045,40.41332117570436
39970,-72.5953184584075,27.405525898278754
39971,18.243449440786605,57.33481269265835
39972,-1.912920655795194,50.25658777788879
39973,17.674816724494523,40.36418191659077
39974,3.7189446269901283,52.43979035096046
39975,122.70328241059121,28.712133428610827
39976,-12.376499765850472,34.15449794386332
39977,152.4664282232927,-29.778548742859993
39978,20.34941194523086,37.74590520447712
39979,-0.09341795112410982,38.78371712695896
39980,4.657283625170317,52.87222164062414
39981,102.43505225124329,7.979649082629013
39982,5.436040656316514,53.79710933599772
39983,26.428634216612018,37.36389708099729
39984,10.130450646177467,57.378088702138065
39985,6.2632960078029285,52.62306298613314
39986,109.04051330253955,19.330247958667474
39987,12.186242541905683,40.387541926753286
39988,5.942346307162033,53.89695607722527
39989,6.40522493036623,52.870597552091084
39990,1.8821806099695018,52.5333254407073
39991,4.015251799862855,52.842398383987735
39992,12.203880315276525,38.13236295475234
39993,118.54489350000003,-20.112349300000005
39994,126.6909714579413,28.945255475116284
39995,116.0865366981213,6.042006107071038
39996,1.1635451609452503,50.4825699868184
39997,3.9536906325044527,51.99972478864607
39998,3.3868809736889403,51.355371943049356
39999,-0.1931417002793633,50.73560546907375
40000,-74.53834565980155,39.191838198164355
40001,-123.74410615006174,45.23442777557469
40002,-69.31792811250003,24.338559374999996
40003,10.108961600914892,41.89450739229869
40004,16.652898110714965,56.53175620988176
40005,-2.92144718992153,40.327909910475846
40006,6.552118459131607,54.709653206522226
40007,-16.815194594788,39.54223630090243
40008,1.0640461293011108,52.5083216357277
40009,3.1503590954034637,51.40952455556742
40010,13.040481148270128,42.093087695798665
40011,18.453037534597385,57.341464335492134
40012,12.470787465334324,55.043836158409334
40013,11.691835427879626,40.19915171778628
40014,-0.4908214284899386,50.64973892711366
40015,6.347445250298141,53.45507276862162
40016,3.3256399732626925,52.17398698006354
40017,18.274312425320936,56.74849217605242
40018,-74.74178709011292,38.767000359395105
40019,-0.4114040746274676,48.13885101330951
40020,0.0004847245586841309,48.4140520563223
40021,23.66918571583171,37.44996033529441
40022,9.69201908546981,55.4793509305284
40023,2.0394159078278054,50.53599533704298
40024,-122.24857026470681,46.251976102007376
40025,14.697267131783322,37.86311257798815
40026,135.83174200006118,33.54894429145657
40027,1.6168440701902398,51.176980216128534
40028,17.828664431110596,58.677250000881806
40029,1.0600121166666674,51.23494888333331
40030,27.260641299999985,-28.29843760000002
40031,0.12813848643814432,38.78992454274092
40032,9.301277815023036,55.07765885493659
40033,9.7674167667657,41.839751765001374
40034,0.9304220573410692,50.97305632428883
40035,8.213562066506393,54.75778204405462
40036,-8.622845719792434,34.31494680027474
40037,6.002704385779013,53.54767027016595
40038,4.196967268826558,51.291226959789185
40039,10.86069091787485,53.94371974789423
40040,21.38135471617707,58.61336273734092
40041,137.8295586319481,34.80735578602952
40042,26.72301373331772,39.425623853656646
40043,3.966524246212907,52.0452634212285
40044,13.907166668082832,39.688002022481726
40045,2.6220792625291556,50.075969236570764
40046,-80.88419219765049,24.202715434450532
40047,9.162880351908608,54.3215549085195
40048,10.334200773140822,41.52063476897274
40049,121.40442467034029,20.068739599181704
40050,-80.72194593512987,25.423706435865803
40051,-3.3573550207181064,43.75394270016944
40052,12.251773725449516,55.225073670967895
40053,-7.933644542070783,43.042912160574076
40054,6.962565346549832,53.12640930643254
40055,12.427062378910264,54.958724722398635
40056,3.855032542048048,52.67981833878099
40057,21.783525334417345,59.20360811544717
40058,169.43525649969067,-38.04430793490573
40059,0.14883342472703157,50.91257195824902
40060,-2.1667226976175344,48.627546923182145
40061,-0.5683851590617965,50.69833162648716
40062,-118.26282967746698,32.84942587107724
40063,17.450267054901065,56.71739965884909
40064,-77.3913341806899,36.23234733059634
40065,-2.0528003169075286,48.65480534719949
40066,125.83411462472071,-34.5487491630691
40067,3.5256172603330236,51.507748214864904
40068,54.701685786245605,25.108151609719734
40069,112.19032548500225,-2.344960528492784
40070,125.89817043411294,28.22195151403582
40071,-77.3913341806899,36.23234733059634
40072,-11.501636327824889,31.00789079147972
40073,-121.10861258938044,40.695997643966926
40074,1.491319813556277,40.394335481960916
40075,-2.0357186371532094,42.765943153661425
40076,-15.419167952481082,28.1465998991651
40077,-12.479880747713219,33.94273870288293
40078,2.3555168130393764,51.65704631760677
40079,-8.787506191123722,42.543363352462386
40080,-110.20017517090888,24.467943915378623
40081,2.2823802431532885,54.27003900852924
40082,-72.36714121655751,27.356890924071944
40083,10.225952618995342,42.578637595535014
40084,-65.5831033,-15.895778499999995
40085,-123.7702293697046,45.23754404950328
40086,3.3868809736889403,51.355371943049356
40087,121.40234665531514,20.067141585008766
40088,121.06163493214294,-1.691041939285716
40089,1.1026467520259267,37.34269141020589
40090,124.60456908726695,25.835587376399697
40091,-3.4858351019476146,39.88586467744846
40092,-10.885817371693683,38.91386329459908
40093,-4.593972843858813,47.75663900405314
40094,5.039261529879808,52.16835496229354
40095,1.6703958210567031,51.01120683024578
40096,-0.1257250692193479,38.75367137457801
40097,0.2780196482496394,39.63299347575773
40098,-0.3036917833536857,49.47148891479901
40099,-79.53482471503105,9.248606002932908
40100,134.0381480475157,36.62617256742934
40101,3.6327748203551766,52.19024179389821
40102,115.26667945182531,-30.93971214285713
40103,-47.89140417447091,-27.205633821825394
40104,-93.9444948694756,29.86877819865434
40105,3.8139600676232934,51.96909085549457
40106,106.77978130254975,20.835567235623852
40107,16.877573997810384,54.243370502922225
40108,4.717203276215547,53.44977552269551
40109,-121.0726271605164,39.07587032222378
40110,118.51081350000003,-20.540513399999995
40111,2.3505258135917715,51.29487325010584
40112,1.4040217705637168,51.57927062265135
40113,128.4694273045307,36.45350105423445
40114,129.13054839634097,29.871100608413066
40115,3.1417040985609916,50.84770765657011
40116,-2.0528003169075286,48.65480534719949
40117,116.38946132452821,-31.815441353018286
40118,4.108994331384961,52.59475530654818
40119,13.35550854426104,40.41390715055285
40120,-1.912920655795194,50.25658777788879
40121,17.83598549576309,57.11629248362156
40122,17.57864370949452,40.31152474992411
40123,-69.31141325096156,24.341401728846154
40124,-3.0753417952775313,39.86517360742375
40125,18.307044646025957,57.30538919549213
40126,122.83647796059122,28.803335328610828
40127,3.6759893426450576,52.00151358713365
40128,152.4639488232927,-29.784557887859993
40129,-75.49700426203235,38.650826784292335
40130,4.657283625170317,52.87222164062414
40131,102.17922732824542,8.045115395156067
40132,12.171402064388278,40.4015200437058
40133,5.445220856316516,53.785513796712
40134,26.428634216612018,37.36389708099729
40135,10.130450646177467,57.378088702138065
40136,-8.690117669792432,34.277174750274725
40137,173.83873187135137,-41.03358556879039
40138,-0.41140419129413425,48.13885102997619
40139,0.00048410789201745795,48.41405167298897
40140,6.2670468333029286,52.62308001643706
40141,21.45684474117707,58.63786517484091
40142,6.40522493036623,52.870597552091084
40143,17.918869156110592,58.718910457131805
40144,3.1503590954034637,51.40952455556742
40145,109.05242183846444,19.330141074949523
40146,1.8821806099695018,52.5333254407073
40147,6.002704385779013,53.54767027016595
40148,135.3633032478676,33.25904019037983
40149,9.628515354632592,55.45604736779945
40150,9.281106309157957,55.076878927750094
40151,0.8953075264816033,50.95958589003795
40152,4.019553239285933,52.844218253081145
40153,3.721048726990128,52.44034185096046
40154,33.31995477142858,-28.174534005357145
40155,116.08654702274251,6.042006928038404
40156,20.34996929548372,37.74597330220134
40157,23.669072725667775,37.44892973529442
40158,169.22047659969067,-38.01914053490573
40159,126.6840199925089,28.838056371569483
40160,-16.757887424787995,39.67292066090243
40161,12.39916619483469,54.94694325617056
40162,0.12968673327797112,38.793961826117545
40163,-80.74206943512989,25.466696935865798
40164,5.938296187162033,53.89569057722527
40165,-0.60935401840226,50.68501485432139
40166,6.962565346549832,53.12640930643254
40167,4.058637304985139,52.103800392484
40168,8.235852784839727,54.760319277387936
40169,10.11030280091489,41.899292508965374
40170,3.9536906325044527,51.99972478864607
40171,10.349474067807833,41.51063487351605
40172,9.7674167667657,41.839751765001374
40173,-122.24828687517021,46.34502990831861
40174,-118.26049327746699,32.849508971077235
40175,-3.423223928741434,40.269389964623095
40176,13.907166668082832,39.688002022481726
40177,-0.1931417002793633,50.73560546907375
40178,-0.31732010587089104,50.581614998145405
40179,26.706388634190745,39.42339692075982
40180,16.65289782738163,56.53175618988176
40181,1.1588158166666676,51.27575678333331
40182,12.235618049800337,38.1275405571333
40183,12.584829395463444,55.1159276885265
40184,12.257134372954674,55.23051837420434
40185,137.7800281605195,34.78160969317237
40186,-7.8974991420707825,43.02056726057408
40187,10.771994043826071,39.74093139594137
40188,1.0640461293011108,52.5083216357277
40189,4.199284833361402,51.31286025742834
40190,2.6220792625291556,50.075969236570764
40191,21.79040284552845,59.20941509878051
40192,9.161549526908608,54.326571758519485
40193,-2.0233935140677506,48.666909499210284
40194,-3.2382472689279638,43.749020160654084
40195,11.691835427879626,40.19915171778628
40196,6.592206817669457,54.742311074180954
40197,-80.62995839765048,23.813087734450537
40198,0.19962731099563466,50.94088630519452
40199,13.043824381603462,42.092002509132
40200,-2.9037504589394136,42.77232846186189
40201,-52.36187696992046,36.36377168085937
40202,6.227156479284829,53.431695558923195
40203,-74.51223791714277,39.221173772063125
40204,3.3621252986392833,52.27244279820761
40205,18.274312425320936,56.74849217605242
40206,17.62934516825215,56.79670418903417
40207,12.500452630317687,39.61396512080524
40208,3.855032542048048,52.67981833878099
40209,1.675116475147996,51.20360101089061
40210,1.1965049059452506,50.492579756818394
40211,27.254960999999977,-28.29993000000002
40212,134.94524940833833,34.9037464342816
40213,14.694318905116656,37.868098833543705
40214,126.06981938841116,-34.57508809818814
40215,-74.71629400451619,38.53293090363245
40216,10.86069091787485,53.94371974789423
40217,2.006548158128842,50.53664039096045
40218,-2.1854062125698657,40.63031043336508
40219,12.500452630317687,39.61396512080524
40220,1.4952999135562772,40.39406878196092
40221,3.671021425978391,52.004442687133654
40222,-2.8795286973608647,39.92394202825708
40223,-12.499465029379884,33.927179671216265
40224,1.707355978783976,51.02109561542759
40225,7.0122624189888105,54.58534326524978
40226,54.704635080972885,25.110376294468647
40227,3.3868809736889403,51.355371943049356
40228,-69.31352655096157,24.340637628846153
40229,-110.22058311647962,24.446671867273267
40230,4.108834231384962,52.59514950654819
40231,-1.912920655795194,50.25658777788879
40232,122.70328246059121,28.71213262861083
40233,152.41265670978393,-29.925225067362927
40234,-2.1846832938198655,40.63229961461508
40235,-0.12606316921934774,38.75715497457801
40236,4.657283625170317,52.87222164062414
40237,5.446220306316516,53.78514909671199
40238,102.17229509500821,8.038743454675298
40239,12.171402064388278,40.4015200437058
40240,10.130450646177467,57.378088702138065
40241,26.428634216612018,37.36389708099729
40242,173.83890416135142,-41.0334412887904
40243,6.28060341094268,52.621242127203104
40244,109.05097533485332,19.330761034949525
40245,6.40522493036623,52.870597552091084
40246,1.8821806099695018,52.5333254407073
40247,4.0158102392859325,52.84351615308115
40248,116.08653860607585,6.042002981371736
40249,126.87549117862987,29.04682356694315
40250,3.9536906325044527,51.99972478864607
40251,2.2625125299050137,52.14892669371511
40252,10.10902620091489,41.8953718422987
40253,-2.902994942272747,42.77142712019522
40254,121.4046338103152,20.069176330008762
40255,1.0669159058138056,37.3396155138675
40256,-15.41916891415827,28.146599272374434
40257,120.58088863214293,-1.3640243392857159
40258,124.62455810268366,25.916742413066363
40259,-3.6209856357313988,39.87020944704306
40260,-10.88333099740797,38.91224528031337
40261,5.039261472995751,52.16835506881528
40262,6.062695601145236,53.38244442886242
40263,27.26052369999998,-28.29891910000002
40264,-121.1085159307174,40.6955989517508
40265,112.19646862500225,-2.3492815084927834
40266,124.98146520651282,27.682982271994224
40267,-0.3310563833536857,49.466860214799006
40268,-65.58593250000004,-15.894655899999997
40269,115.26646235182533,-30.939846242857126
40270,-47.75727494947092,-27.00726293849207
40271,-93.9444948694756,29.86877819865434
40272,3.6327749606077027,52.19024210610781
40273,3.7189446269901283,52.43979035096046
40274,3.7964697200768867,51.97191193949548
40275,106.77978176618609,20.835567353805672
40276,16.877574459388697,54.24337011328366
40277,4.717203276215547,53.44977552269551
40278,134.94470233833832,34.90406703094827
40279,10.86069091787485,53.94371974789423
40280,-121.0704203605164,39.09884452222378
40281,2.3505258135917715,51.29487325010584
40282,128.46942788786407,36.45349929590112
40283,129.12821389634098,29.869530408413066
40284,-72.47647592655755,27.366924204071942
40285,3.1830304066691,50.88240873048315
40286,-79.53482471503105,9.248606002932908
40287,116.38577803643298,-31.80810871611353
40288,13.399697557594378,40.35508501737103
40289,117.83958640000004,-19.471248499999998
40290,2.2656447681532885,54.264416071029245
40291,1.2315463166666678,51.30244318333331
40292,4.205358891001818,51.311934047493786
40293,3.3934432707004754,52.22389475899666
40294,-74.74013062408591,38.02962788017361
40295,-2.0528003169075286,48.65480534719949
40296,-16.757887424787995,39.67292066090243
40297,3.155278623974892,51.409989821281705
40298,-75.49700426203235,38.650826784292335
40299,17.78676656074456,57.05210224177629
40300,11.691835427879626,40.19915171778628
40301,-8.683570669792433,34.284614250274736
40302,13.038729448270129,42.09306569579866
40303,12.584887095463442,55.1158206885265
40304,-52.361085356587125,36.3625003341927
40305,-4.593972643858813,47.756639304053145
40306,137.77705023194807,34.77830198602952
40307,-7.894375342070781,42.98784576057408
40308,17.63266719116119,40.346299516590776
40309,20.354048962346468,37.74473929376997
40310,23.669072725667775,37.44892973529442
40311,21.787275834417343,59.20683281544718
40312,-80.57627529765048,23.856525134450536
40313,1.4040217705637168,51.57927062265135
40314,9.628613367132594,55.455555392799454
40315,-0.41140429129413425,48.13885122997618
40316,0.00048410789201745795,48.41405187298896
40317,134.9189825760106,32.98027916712921
40318,1.6535562054318202,51.17138970602646
40319,18.04817317325345,58.717573162846094
40320,9.27346578877556,55.07781662635759
40321,0.942415144632366,50.97984752874443
40322,-2.482446290862256,38.779847484533974
40323,6.002704385779013,53.54767027016595
40324,3.855032542048048,52.67981833878099
40325,9.13779922690861,54.32818832518615
40326,5.942346307162033,53.89695607722527
40327,-3.2382472689279638,43.749020160654084
40328,-122.24880769202166,46.34554497698823
40329,-74.49210705282782,39.20836490584919
40330,4.076115688318473,52.108019767484
40331,2.6220792625291556,50.075969236570764
40332,0.12695150946844727,38.790398745165156
40333,1.961726091462175,50.53515392191282
40334,9.7674167667657,41.839751765001374
40335,16.652898027381628,56.53175620988176
40336,-3.3428473954081004,40.42003889795643
40337,-80.59530883512987,25.410925835865797
40338,1.0640461293011108,52.5083216357277
40339,1.1856134585642983,50.48494840705649
40340,169.22013219969068,-38.019722734905734
40341,10.34947386780783,41.51063607351605
40342,21.668803701177062,58.711896134840906
40343,13.907166668082832,39.688002022481726
40344,10.771994043826071,39.74093139594137
40345,33.311015071428585,-28.175360705357146
40346,26.707861374190742,39.42330644075982
40347,18.10672059935929,57.24010569549213
40348,12.256249472954673,55.22821247420434
40349,12.39916619483469,54.94694325617056
40350,0.19637914395736886,50.9835266613989
40351,-2.0233935140677506,48.666909499210284
40352,-0.47820596280780636,50.72835857216037
40353,14.694022605116656,37.86799203354371
40354,126.08503642472073,-34.578435396402426
40355,-0.3173256058708911,50.5817180981454
40356,6.962565346549832,53.12640930643254
40357,12.233162733133668,38.12930514046663
40358,-0.1931417002793633,50.73560546907375
40359,-118.11065999702254,32.699977679373525
40360,6.588643965984475,54.754538585292075
40361,8.211878447061943,54.60715929127682
40362,18.274312425320936,56.74849217605242
40363,17.624935801585483,56.79541976820083
40364,-123.7494384072046,45.24267693700326
40365,2.2625125299050137,52.14892669371511
40366,7.012261998721358,54.5853432447842
40367,134.73603133669434,32.880579465419814
40368,-2.0528003169075286,48.65480534719949
40369,27.26052369999998,-28.29891860000002
40370,-0.12836140255268116,38.75550764124467
40371,-79.55307151664854,9.446202262397657
40372,17.599091601585485,56.78531900153416
40373,-121.1085172973841,40.695597941750805
40374,112.19805152500227,-2.3427371084927837
40375,3.666268133121248,52.00374659070508
40376,1.0536512849804722,37.338236159700834
40377,-15.419161421174733,28.146598252828056
40378,3.796469915910219,51.97191240973357
40379,-110.18564358922785,24.475537960552064
40380,1.9389646042003827,54.20629758629496
40381,-8.68375336979243,34.28335585027474
40382,-72.47431432655755,27.366367504071935
40383,173.8388945575694,-41.03347835122629
40384,17.385998134525778,56.83688309664983
40385,17.61375078426725,40.33563096458029
40386,122.70328241059121,28.712133428610827
40387,152.37837553916123,-30.012586975152907
40388,54.70463528097288,25.11037679446865
40389,4.657283625170317,52.87222164062414
40390,102.16368531145845,8.044339706623353
40391,5.445389419557529,53.78326138897686
40392,26.428634216612018,37.36389708099729
40393,6.3811032848258415,52.650534936825096
40394,134.94456213833828,34.90443613094827
40395,6.40522493036623,52.870597552091084
40396,10.130450646177467,57.378088702138065
40397,109.04773460776998,19.33148932661619
40398,1.8821806099695018,52.5333254407073
40399,126.87385322549089,29.045296204775653
40400,116.08654060607583,6.0420138813717355
40401,4.015180799862856,52.84241578398773
40402,10.106441000914892,41.8873022922987
40403,3.3868809736889403,51.355371943049356
40404,-2.899348242272747,42.771430986861894
40405,121.40439136507712,20.068730472865912
40406,124.62671610268366,25.904462938066374
40407,120.93597733214293,-1.9332295392857164
40408,-3.4671899994564046,40.067881414431874
40409,-10.911231476574635,38.90838485531337
40410,10.349473967807832,41.51063657351605
40411,5.039261772995751,52.16835496881527
40412,1.6721688787839764,51.0172730154276
40413,-65.59033510000003,-15.891063499999998
40414,-2.4820826155742286,38.7807021876416
40415,1.480646137240488,40.403242301259155
40416,-0.35072759003759685,49.45857222918266
40417,-2.8802990973608655,39.924608028257076
40418,-47.75546804947092,-27.00483873849207
40419,-93.9444948694756,29.86877819865434
40420,115.26442705182531,-30.939488342857132
40421,3.632774539905948,52.190242461897284
40422,3.855032542048048,52.67981833878099
40423,106.77978149560529,20.835567221265993
40424,16.651792633008583,54.226176319462766
40425,-11.546191440764769,30.957479681985582
40426,4.717203276215547,53.44977552269551
40427,0.20737304627370656,50.98894408228706
40428,10.86069091787485,53.94371974789423
40429,-74.49112471199577,39.20332271607974
40430,-121.08101569384974,39.21669382222378
40431,128.46942788786407,36.45349929590112
40432,129.12732789634097,29.871293108413067
40433,-16.822452974787996,39.54089466090243
40434,3.183030658623988,50.88240819604705
40435,-79.53482471503105,9.248606002932908
40436,1.0970715076530717,49.429440286722595
40437,-12.375155694379885,33.87962017621626
40438,126.0935765247207,-34.5808826630691
40439,3.9536906325044527,51.99972478864607
40440,5.942346307162033,53.89695607722527
40441,1.3595366166666671,51.34151088333332
40442,-75.49700426203235,38.650826784292335
40443,12.936132548270127,42.17182712079866
40444,-0.41147969636659804,48.13886177852691
40445,0.0004087028195537057,48.41406242153969
40446,4.108834231384962,52.59514950654819
40447,3.435934283478701,52.26611973020055
40448,6.002704385779013,53.54767027016595
40449,1.710435760640154,51.19546328519313
40450,1.4040250705637165,51.57929972265135
40451,21.728729576177056,58.714615697340925
40452,0.9842284001252992,50.985841595969134
40453,13.907166668082832,39.688002022481726
40454,137.79367990117885,34.776951539875675
40455,-0.18608666307127947,50.739166467229936
40456,9.636874587627455,55.46058797536248
40457,9.262547352847335,55.073995689145725
40458,3.7189446269901283,52.43979035096046
40459,13.311537302038824,40.41355867292659
40460,23.669072725667775,37.44892973529442
40461,18.02937458825345,58.714111621252684
40462,115.40332380000001,-17.110942100000003
40463,116.38577809786159,-31.808111431351623
40464,12.500452630317687,39.61396512080524
40465,4.077280988318473,52.108263567484
40466,0.13047642007450796,38.79420961001364
40467,-80.64659343512987,25.422115835865803
40468,12.224615572954676,55.220254674204334
40469,14.698496905116656,37.8711076235437
40470,2.3505258135917715,51.29487325010584
40471,2.6220792625291556,50.075969236570764
40472,1.1856134585642983,50.48494840705649
40473,9.7674167667657,41.839751765001374
40474,12.189632925102565,40.395729475848654
40475,-2.1840050232841515,40.63373201782937
40476,-122.24880778074716,46.34554496424314
40477,-118.04288770663624,32.55036744770388
40478,8.338712280395278,54.47404722461016
40479,-0.3078454325375578,50.58338082147874
40480,-4.07611027980973,40.35538797389083
40481,3.146290354640357,51.428895210572904
40482,12.585066429446128,55.115957114716984
40483,26.72001523331772,39.425498613656636
40484,1.0640461293011108,52.5083216357277
40485,12.427224980448726,54.95940268239863
40486,12.270761986467,38.151965825466625
40487,-4.608620553382623,47.75987998500552
40488,-7.892667942070782,43.018183660574074
40489,11.691835427879626,40.19915171778628
40490,6.595873317499628,54.765259126453685
40491,10.771994043826071,39.74093139594137
40492,33.31472387142858,-28.17505880535715
40493,16.652898027381628,56.53175620988176
40494,4.210465916001818,51.3105911301861
40495,169.39348089969064,-38.074775634905734
40496,9.140206626908608,54.32685182518616
40497,18.05628671713707,57.2265693321588
40498,6.001969319446345,53.344505690298774
40499,-2.0246663928556297,48.666225374967865
40500,-3.238283935594631,43.74904249398741
40501,-0.4517691153719089,50.73550822087831
40502,-1.912920655795194,50.25658777788879
40503,6.962565346549832,53.12640930643254
40504,20.34941189523086,37.74590530447713
40505,21.783525334417345,59.20360811544717
40506,-80.8989686976505,24.200146134450534
40507,1.9170570671764606,50.53465120834141
40508,-52.2799445280157,36.509219605621276
40509,18.274312425320936,56.74849217605242
40510,-74.02563857916627,29.681430388338637
40511,-65.59220930000004,-15.890535999999999
40512,-8.826633594457057,42.44338864246239
40513,0.380367062353665,51.103917664440395
40514,1.4616413145132146,40.40978322398643
40515,9.000393761754903,40.69621602524158
40516,133.63911634751568,36.68051636742935
40517,-11.616956809264282,30.85111693428275
40518,-79.55307151664854,9.446202262397657
40519,3.6765673426450576,52.00170528713365
40520,10.789420934630671,39.69733026490688
40521,-15.419158560186055,28.146600917854936
40522,-2.901838458939414,42.78063371186188
40523,27.25516069999998,-28.301316300000018
40524,-72.43206481655753,27.36240604073861
40525,124.98242490651285,27.683375371994224
40526,173.83873247135142,-41.03358676879039
40527,-0.13315943276913145,38.748299423409186
40528,3.3868809736889403,51.355371943049356
40529,126.09288098841121,-34.59178449818813
40530,-47.75874487447091,-27.005988421825396
40531,-110.12156353835591,24.54358571319774
40532,4.717203276215547,53.44977552269551
40533,1.7443581714080418,51.20625173297578
40534,3.1417040985609916,50.84770765657011
40535,116.38794482452822,-31.813207053018285
40536,13.355484487739302,40.41384942772677
40537,4.108834231384962,52.59514950654819
40538,-1.9441860132305389,50.263175946638796
40539,17.37043617470615,56.8251723478814
40540,17.57247366093391,40.313706247913615
40541,122.83647796059122,28.803335328610828
40542,152.3780427182512,-30.01755554362824
40543,54.705404351665685,25.112854902320752
40544,4.657283625170317,52.87222164062414
40545,-79.53482471503105,9.248606002932908
40546,102.29917922977874,8.376329611899699
40547,5.4612956195575295,53.78127228897687
40548,26.428634216612018,37.36389708099729
40549,6.363292710308072,52.63414716821646
40550,115.47348810000003,-17.141425599999998
40551,6.002704385779013,53.54767027016595
40552,6.40522493036623,52.870597552091084
40553,10.130450646177467,57.378088702138065
40554,109.04522838568664,19.329954372409837
40555,1.8821806099695018,52.5333254407073
40556,126.86818622005845,28.938378321228864
40557,116.08654702274251,6.042006928038404
40558,4.019482392159496,52.8442356783685
40559,10.11430200091489,41.89653640896537
40560,-118.08631472477319,32.69890213969851
40561,5.848722579555153,53.30806515759921
40562,121.40196973531512,20.066893405008763
40563,1.0393960686925932,37.32872892687254
40564,-3.5563394892915694,40.024248732838466
40565,-121.10851882481516,40.69559682399391
40566,124.65108669300827,25.775607877755522
40567,1.5066708166666667,51.38304788333332
40568,-10.913717850860348,38.91000286959908
40569,120.93386523214292,-1.887320439285716
40570,10.34947380270145,41.51063523223946
40571,12.584829395463444,55.1159276885265
40572,1.6707661455548095,51.02419444438593
40573,1.9345869847559385,54.20466719879496
40574,-123.75565286970459,45.24153554950327
40575,5.039261729879809,52.16835506229354
40576,-16.757887424787995,39.67292066090243
40577,-2.4808581806933683,38.78356451013985
40578,112.22921792500227,-2.4309333084927824
40579,26.706388634190745,39.42339692075982
40580,3.532874323173839,52.30769165790992
40581,-0.34489709003759694,49.45656112918267
40582,-3.2087947333628306,43.74704158455713
40583,-93.94449486741368,29.868778309300684
40584,3.6327743878154943,52.19024168246964
40585,115.2671602018253,-30.93549184285713
40586,-2.879260697360865,39.92251532825708
40587,0.2780196482496394,39.63299347575773
40588,106.77977915671642,20.83556724904978
40589,16.87757460677467,54.243371565481745
40590,2.3420669607302806,51.68011259152044
40591,134.8748794795288,34.88668308142446
40592,10.86069091787485,53.94371974789423
40593,-0.18608666307127947,50.739166467229936
40594,12.500452630317687,39.61396512080524
40595,18.031203296458578,58.71270261539187
40596,9.628296474077038,55.45946182613278
40597,17.344870919148928,56.67357431712453
40598,169.2196561996907,-38.01928333490573
40599,-121.04666770429418,39.107440944223775
40600,-80.8406256351299,25.5305037358658
40601,-74.45299497579457,39.28788656205797
40602,6.980983324813907,54.615050771995776
40603,3.721048726990128,52.44034185096046
40604,21.78615473441734,59.212374365447175
40605,0.23437639257722317,38.86078555105758
40606,2.3508650469251045,51.29502862510584
40607,4.287975093153623,52.218838515761526
40608,-4.062813297397451,40.35135624858379
40609,3.9536906325044527,51.99972478864607
40610,-122.1936451222176,46.285455802308135
40611,12.378362835621171,54.91969987371751
40612,2.6220792625291556,50.075969236570764
40613,1.404021561674828,51.57927056487357
40614,9.772847631693015,41.86340514027942
40615,-2.1788431823630994,40.63044490543902
40616,1.1632823178500125,50.48453033062791
40617,3.14591944765111,51.418903028852455
40618,21.88114720117707,58.752530634840944
40619,13.913138302960215,39.70804048801369
40620,16.65289782738163,56.53175618988176
40621,1.0640461293011108,52.5083216357277
40622,128.46942788786407,36.45349929590112
40623,12.360698994800337,38.15940135879996
40624,12.189632925102565,40.395729475848654
40625,-4.620925983207184,47.74270663412833
40626,137.7747146605195,34.777355693172375
40627,129.13028369634097,29.872006608413066
40628,-7.8590776420707815,43.03788256057409
40629,-0.47599011809848335,50.715904619034994
40630,33.335703171428584,-28.16671270535715
40631,-0.30915393253755774,50.58298132147874
40632,-73.99241414162239,29.19089964613205
40633,9.13656711227783,54.36036926203916
40634,13.043824381603462,42.092002509132
40635,18.002806517137074,57.21934093215879
40636,11.691835427879626,40.19915171778628
40637,6.962565346549832,53.12640930643254
40638,-0.4114288746274676,48.13861829664285
40639,0.00045942455868412945,48.41381893965564
40640,4.210465778224039,51.31059119463053
40641,20.34996929548372,37.74597330220134
40642,3.855032542048048,52.67981833878099
40643,-80.63620879765048,23.812743234450537
40644,1.8504023773122078,50.53207218805051
40645,-52.36215775658713,36.3614672341927
40646,-2.0126578900076004,48.671587269135095
40647,5.942346307162033,53.89695607722527
40648,12.19654265628801,55.215917307537666
40649,14.694318905116656,37.868098833543705
40650,6.60816629918461,54.79219166145368
40651,18.27617170865427,56.75099612605242
40652,-12.496035447713217,33.93101840288293
40653,-75.49700426203235,38.650826784292335
40654,0.9370022062099551,50.93220493697442
40655,8.402627113014326,54.43510138651491
40656,-8.721904655506716,34.31039225027474
40657,23.669072725667775,37.44892973529442
40658,9.239911234801697,55.067959176067205
40659,-79.53482471503105,9.248606002932908
40660,3.6725245259783907,52.00363808713365
40661,17.29807715248226,56.6564810537912
40662,12.584829395463444,55.1159276885265
40663,1.808298320346848,54.179735208931326
40664,-121.10851602481516,40.69559921566058
40665,6.980983194560828,54.615050995106
40666,102.39331295068392,8.578639989557745
40667,-15.419162861842244,28.146601502980484
40668,12.500452630317687,39.61396512080524
40669,4.717203276215547,53.44977552269551
40670,129.12768449634098,29.871342408413067
40671,124.98048090075366,27.685051001313596
40672,-12.499465029379884,33.927179671216265
40673,54.712080184522705,25.11361393032567
40674,0.9970851510519004,37.32392659422464
40675,-2.902903742272747,42.77999242019522
40676,-3.2087947333628306,43.74704158455713
40677,112.22643062500225,-2.433020908492783
40678,0.27801952602741714,39.63299339242439
40679,-47.611295764285735,-26.772196060714286
40680,3.6327745280680204,52.190241994679226
40681,106.77977942035277,20.8355674672316
40682,-110.0818173832451,24.586170028829983
40683,16.87757449606038,54.24337058333888
40684,10.86069091787485,53.94371974789423
40685,-121.04637550429419,39.10664344422378
40686,128.46942788786407,36.45349929590112
40687,-72.51674763655755,27.368986300738605
40688,115.70482,-17.126023499999995
40689,3.1830300809548144,50.882408864768855
40690,-2.0528003169075286,48.65480534719949
40691,4.108834231384962,52.59514950654819
40692,116.38577803643298,-31.80810871611353
40693,13.399687001072639,40.355053669544944
40694,173.8389048575694,-41.0334407512263
40695,17.37446360728191,56.82686599182079
40696,-1.9441860132305389,50.263175946638796
40697,17.624612266129994,40.34723943222734
40698,122.70328246059121,28.71213262861083
40699,152.38058171825122,-30.01675574362824
40700,4.657283625170317,52.87222164062414
40701,10.130450646177467,57.378088702138065
40702,126.11332422472078,-34.59818649640243
40703,5.462340469557529,53.77995248897686
40704,26.428634216612018,37.36389708099729
40705,6.363364010308072,52.634237668216464
40706,109.04522714901995,19.329955229076507
40707,6.40522493036623,52.870597552091084
40708,4.015520092159496,52.8422881783685
40709,1.8821806099695018,52.5333254407073
40710,1.5788752166666666,51.395555183333315
40711,116.08653780607582,6.042001581371737
40712,126.87603222005845,29.045553221228865
40713,-118.08495182477319,32.69883893969852
40714,3.3868809736889403,51.355371943049356
40715,10.11302540091489,41.892615742298695
40716,-123.7499333572046,45.246309770336595
40717,121.57301151031521,20.263461830008765
40718,21.901347588081833,58.75706646043619
40719,-2.480410158155489,38.785478239203705
40720,124.67395793138509,25.861834866254505
40721,-3.555996189291569,40.024556232838464
40722,120.93669063214293,-1.9267920392857159
40723,-10.911231476574635,38.90838485531337
40724,134.87420370952879,34.878780578091124
40725,2.3422036607302807,51.68038359152043
40726,1.6661455455548095,51.02199414438593
40727,10.349473502701448,41.51063673223945
40728,11.691835427879626,40.19915171778628
40729,169.21825097469068,-38.021151984905735
40730,0.4119899576758065,38.8185744444216
40731,5.039261472995751,52.16835506881528
40732,9.714453045505607,55.499444711847076
40733,-16.822452974787996,39.54089466090243
40734,27.260523799999984,-28.29891930000002
40735,-80.69377433512987,25.4752795358658
40736,16.652898027381628,56.53175620988176
40737,21.784978234417345,59.20843661544717
40738,12.378362835621171,54.91969987371751
40739,12.355419944800335,38.15672690879996
40740,9.2398866698017,55.06833336821007
40741,13.913138302960215,39.70804048801369
40742,137.77128925139252,34.77721870799921
40743,6.103432594225468,53.57709431077681
40744,-4.079776830730783,40.47795448191712
40745,23.669795786216127,37.44292220185339
40746,18.018162646458578,58.71221189396331
40747,-0.35105979003759685,49.459411729182655
40748,-74.35818132874971,39.428689783865664
40749,2.36387463893273,51.30054490530233
40750,3.7189446269901283,52.43979035096046
40751,33.32911267142859,-28.168168305357153
40752,4.2932887634926065,52.21545322070503
40753,-2.879288097360865,39.92173762825708
40754,1.1100697247798368,50.42044816562791
40755,3.9536906325044527,51.99972478864607
40756,9.772847631693015,41.86340514027942
40757,5.4175718978222855,53.178454492114795
40758,-7.4754381443956035,35.94385265027474
40759,1.404021561674828,51.57927056487357
40760,12.189632925102565,40.395729475848654
40761,10.771994043826071,39.74093139594137
40762,26.707861374190742,39.42330644075982
40763,-4.63319950497189,47.74953890412833
40764,0.9375865228766219,50.93246648697442
40765,-7.854961942070782,43.03797236057409
40766,-0.5454280597651501,50.68394445236833
40767,-0.28815676338269935,50.58524996662044
40768,1.0640461293011108,52.5083216357277
40769,4.210746072668485,51.310661616852755
40770,20.354048962346468,37.74473929376997
40771,2.6220792625291556,50.075969236570764
40772,9.112556753527828,54.362697602664156
40773,-74.19444355370506,28.869265064150383
40774,6.962565346549832,53.12640930643254
40775,3.855032542048048,52.67981833878099
40776,-80.58252569765047,23.856180634450535
40777,13.039659748270129,42.092584795798665
40778,17.990017917137074,57.21598893215878
40779,-1.960445145722733,48.68065192135857
40780,-0.18608666307127947,50.739166467229936
40781,14.694022605116656,37.86799203354371
40782,3.554094602558263,52.31984372905251
40783,18.27617170865427,56.75099612605242
40784,-0.4114289746274676,48.13861849664285
40785,0.00045942455868412945,48.41381913965564
40786,115.2672303518253,-30.935277742857128
40787,1.8707180813010398,51.262419410274916
40788,3.14591944765111,51.418903028852455
40789,-75.49700426203235,38.650826784292335
40790,1.8283995989788744,50.529435754717184
40791,-52.361085356587125,36.3625003341927
40792,-2.1784920636130995,40.63171768668902
40793,5.944427707162033,53.89692807722527
40794,-93.94449502811604,29.8687780011067
40795,12.19654585628801,55.21484980753767
40796,-122.1871713453384,46.26276116788359
40797,6.603480430832962,54.797264678120364
40798,8.381703494680991,54.42556535318159
40799,54.713206115767896,25.11415039600779
40800,-7.4754381443956035,35.94385265027474
40801,21.787248634417345,59.20690421544717
40802,-11.695271187264284,30.80406631628275
40803,16.784233787373537,56.58860588635812
40804,-110.06388620036024,24.605883399828393
40805,126.11448642472077,-34.59799249640243
40806,-15.419162717336208,28.14659857879418
40807,112.22568002500226,-2.427022308492783
40808,18.27617170865427,56.75099612605242
40809,3.666846133121248,52.00393829070508
40810,12.585066429446128,55.115957114716984
40811,-121.10851765648182,40.69559830566058
40812,-12.501625634379884,33.92459828621626
40813,13.311146217739307,40.413263452878276
40814,-72.51458603655755,27.368429600738605
40815,1.8821806099695018,52.5333254407073
40816,-123.7504199572046,45.250443170336595
40817,1.66670024555481,51.02200094438593
40818,-0.35076229003759685,49.45859352918265
40819,115.26530315182531,-30.93432794285713
40820,-93.94449502811604,29.8687780011067
40821,-47.47908726428574,-26.570324660714288
40822,3.6327741073662656,52.19024235046871
40823,106.77977996227197,20.835567415373735
40824,16.65179266092525,54.22617655569761
40825,4.717203276215547,53.44977552269551
40826,-121.05920793762752,39.21441194422378
40827,10.86069091787485,53.94371974789423
40828,128.4708062664355,36.452758688758266
40829,129.12732789634097,29.871293108413067
40830,1.0838476359214702,49.43132545606409
40831,3.1830303329097025,50.88240833033277
40832,124.97893307795955,27.684792184401832
40833,8.381693394680992,54.421223853181594
40834,116.38577809786159,-31.808111431351623
40835,4.108834231384962,52.59514950654819
40836,115.70525279999998,-17.117665300000002
40837,-1.9658093628911724,50.2605833145121
40838,134.86925410152878,34.874476678091135
40839,173.84345489645824,-41.00837756789296
40840,17.59553864456994,56.93223360921111
40841,17.620712228629994,40.34766614472734
40842,1.8515705576484347,54.200766571431316
40843,122.70328241059121,28.712133428610827
40844,-0.54713275976515,50.67619705236834
40845,152.37934161825123,-30.011321843628235
40846,4.657283625170317,52.87222164062414
40847,5.46149626017802,53.77806474685926
40848,102.75021135068391,8.981633189557748
40849,-2.4800464828674613,38.78633294231133
40850,26.428634216612018,37.36389708099729
40851,6.36336435308585,52.63423796668869
40852,6.373679888699563,52.82619078042442
40853,10.130450646177467,57.378088702138065
40854,109.04284175860329,19.33079603824317
40855,127.03882712549088,29.133053304775657
40856,1.1100697247798368,50.42044816562791
40857,116.08576846321868,6.041238767086022
40858,-118.08865112477316,32.69881903969851
40859,3.3868809736889403,51.355371943049356
40860,4.015178325798619,52.8424148461491
40861,2.361089380365982,51.693755094635186
40862,10.130261517581559,41.83240165896537
40863,-16.822452974787996,39.54089466090243
40864,33.33282147142859,-28.16786640535715
40865,0.9932461902185673,37.31968396005797
40866,121.57277861507713,20.263045372865914
40867,124.68948893825376,25.857416386658542
40868,120.93491623214291,-1.9332712392857159
40869,-3.5588436347461148,40.17730779647483
40870,-10.911231476574635,38.90838485531337
40871,9.722603154889361,55.504436652743436
40872,-1.9617180245106118,48.67996779711614
40873,1.647952216666666,51.423642483333325
40874,-2.811980882854692,39.91970225973856
40875,10.34947370270145,41.51063693223945
40876,-4.640036938305224,47.75976203746166
40877,5.039261772995751,52.16835496881527
40878,-80.9038731976505,24.19981803445053
40879,3.577903590350471,52.339487533314916
40880,-0.21045355057127946,50.735072000782566
40881,-74.33539421196348,39.4505898114673
40882,-0.41150437969993137,48.13862904519357
40883,0.0003840194862203772,48.41382968820636
40884,6.103432594225468,53.57709431077681
40885,4.210987191001818,51.31071631351942
40886,1.9235348010097777,51.27314904512929
40887,17.99773805145858,58.7084225889633
40888,27.260641399999983,-28.298438200000017
40889,9.182223087796688,55.03250036425016
40890,5.851665990495366,53.82231552008241
40891,3.7189446269901283,52.43979035096046
40892,-4.094801904540307,40.47474916882189
40893,23.669795786216127,37.44292220185339
40894,4.293559975415411,52.20781728733692
40895,0.3214715761847383,38.76400333621891
40896,-80.75734153512987,25.492156035865804
40897,-7.675463925404116,43.34328387724074
40898,6.980982892425632,54.61505090335137
40899,20.34941189523086,37.74590530447713
40900,169.3904584746907,-38.079729459905735
40901,3.9536906325044527,51.99972478864607
40902,5.16330066848966,53.10593682297401
40903,-3.2048569616961635,43.74653786289046
40904,1.0640461293011108,52.5083216357277
40905,3.855032542048048,52.67981833878099
40906,9.114964153527827,54.36136110266415
40907,1.8067248556455413,50.53000422805051
40908,17.861683417137073,57.197286832158795
40909,0.20825902170372845,39.66376451258717
40910,0.9305068950988439,50.93181162586331
40911,6.962565346549832,53.12640930643254
40912,-75.49700426203235,38.650826784292335
40913,12.183488056288011,55.21137690753766
40914,6.616679605118677,54.805438570977515
40915,-2.170432765398813,40.62441451347473
40916,-122.14504806302459,46.12563086105735
40917,14.698496905116656,37.8711076235437
40918,-0.23572381671603282,50.55626175995378
40919,12.406421621235205,54.93215929994558
40920,2.6220792625291556,50.075969236570764
40921,3.105206678971456,51.38168230543255
40922,1.4040248616748279,51.57929966487357
40923,12.401434569800335,38.16807714213329
40924,12.936132548270127,42.17182712079866
40925,11.691835427879626,40.19915171778628
40926,10.771994043826071,39.74093139594137
40927,-52.2799445280157,36.509219605621276
40928,9.772847631693015,41.86340514027942
40929,22.02364225474851,58.778768293769524
40930,12.189632925102565,40.395729475848654
40931,13.913138302960215,39.70804048801369
40932,137.8005705956233,34.783004711845365
40933,2.415250941367592,51.31099827884495
40934,26.72001523331772,39.425498613656636
40935,-74.26816401673815,28.77804605480774
40936,54.690724696979125,25.114019617091273
40937,-12.479880747713219,33.94273870288293
40938,124.98018937795955,27.685905084401828
40939,-123.76973181970459,45.24570988283661
40940,-15.419155064495813,28.14659781207181
40941,22.0747159345104,58.79807320150765
40942,133.1583879475157,36.744846067429364
40943,112.21732498500225,-2.431326628492783
40944,4.717203276215547,53.44977552269551
40945,-2.4803637719054894,38.781870829048934
40946,13.417230157594375,40.34011938555285
40947,11.691835427879626,40.19915171778628
40948,102.96850641176074,9.40466613829942
40949,1.8821806099695018,52.5333254407073
40950,-3.200261103640608,43.74613094539046
40951,2.360128280365982,51.690229944635185
40952,-0.36000084559315243,49.45063591362711
40953,-93.94449487358625,29.868777733601874
40954,115.26194536253959,-30.932012221428558
40955,-47.501376189285736,-26.610344519047615
40956,106.7797795567164,20.835567132383115
40957,3.6327728897996208,52.19024263048551
40958,-109.92971014196478,24.748126521395513
40959,16.877574292459755,54.24337069457664
40960,-0.5180820097651502,50.679075652368326
40961,-121.02960680429418,39.10638614422378
40962,128.84637463435445,36.3810220698926
40963,129.13028369634097,29.872006608413066
40964,3.141703872846706,50.847708190855826
40965,116.38794769952821,-31.813208578018283
40966,0.4622432123522034,39.625629396270554
40967,4.118924352659066,52.56227851543477
40968,0.4792353192384982,51.14370846702848
40969,-72.43435921655754,27.36366314073861
40970,173.83873287135143,-41.03358846879039
40971,17.627211974037504,56.949349730260685
40972,-1.9658093628911724,50.2605833145121
40973,17.570552084463326,40.31242366556068
40974,122.83647796059122,28.803335328610828
40975,115.51379820000002,-17.138232499999994
40976,152.3780427182512,-30.01755554362824
40977,4.657283625170317,52.87222164062414
40978,5.48044796455753,53.78546558147685
40979,26.428634216612018,37.36389708099729
40980,6.363292197282862,52.634147324238874
40981,10.130450646177467,57.378088702138065
40982,6.424548336904057,52.87668625031408
40983,109.04522324568664,19.329950152409836
40984,1.12323943592147,49.35405315606408
40985,1.1198377697798367,50.42801446062791
40986,4.015865381903086,52.84604148606081
40987,116.08655008940917,6.042002569705071
40988,0.3686936019550464,38.77325248775952
40989,127.04690812170345,29.019469235774313
40990,-118.08631472477319,32.69890213969851
40991,3.3868809736889403,51.355371943049356
40992,12.550920982109766,55.023073144995635
40993,10.099400035200604,41.847143328489175
40994,3.855032542048048,52.67981833878099
40995,-2.879260697360865,39.92251532825708
40996,121.92818942451437,20.58581438565081
40997,1.0391782472640216,37.325159536396356
40998,-3.5591869347461147,40.17700029647483
40999,3.721048726990128,52.44034185096046
41000,124.69055775385668,25.760224279152443
41001,121.42189953214293,-2.1974358392857165
41002,-10.913717850860348,38.91000286959908
41003,13.913138302960215,39.70804048801369
41004,-74.29300380602258,39.52410018858943
41005,13.34357801621929,54.92825684214799
41006,-80.8515209351299,25.5366331358658
41007,-2.0528003169075286,48.65480534719949
41008,5.039261492379809,52.16835502717449
41009,1.6257108987249724,51.01111468997335
41010,10.349473562701448,41.510634852239455
41011,-16.757887424787995,39.67292066090243
41012,33.33547027142858,-28.16515140535715
41013,6.103432594225468,53.57709431077681
41014,9.175927971339647,55.034416739796235
41015,-4.092735309540308,40.48042961382188
41016,23.669795786216127,37.44292220185339
41017,-121.10850974648184,40.69580049899391
41018,8.416805063014326,54.42975436151491
41019,17.956379492484217,58.704204889879044
41020,10.86069091787485,53.94371974789423
41021,4.3826310730277545,52.22452494459561
41022,-2.1060197198563033,48.603349340621264
41023,6.962565346549832,53.12640930643254
41024,1.8020133864182761,54.17677393928845
41025,3.9536906325044527,51.99972478864607
41026,1.0075641384321776,50.965140715863306
41027,5.847615870495366,53.82105002008241
41028,1.0640461293011108,52.5083216357277
41029,-75.49700426203235,38.650826784292335
41030,1.7875052873122081,50.53029591805051
41031,-2.1643682912916704,40.61243492647077
41032,12.193693263788012,55.21737318587099
41033,14.661449525306562,37.84858808355204
41034,6.669650904292547,54.81527387489971
41035,-0.25687463035239644,50.552677762984075
41036,12.366754025479946,54.89682630945791
41037,20.349969095483722,37.74597310220134
41038,1.404021561674828,51.57927056487357
41039,12.426267367022561,38.19078003657774
41040,2.6220792625291556,50.075969236570764
41041,169.21653916315222,-38.03478094836726
41042,13.050768519103462,42.090940309131994
41043,134.88204025089388,34.87591116317049
41044,-122.14504835714223,46.12563088458677
41045,2.4662074775110354,51.30725623459463
41046,10.771994043826071,39.74093139594137
41047,26.706388634190745,39.42339692075982
41048,1.9007855368285496,51.26837429272619
41049,1.6971812166666667,51.43126388333332
41050,-80.63685279765048,23.811160234450536
41051,-52.36187696992046,36.36377168085937
41052,5.1463855783575925,53.09631194861967
41053,12.19847485855164,40.39871923418199
41054,-4.63319970497189,47.74953860412833
41055,137.7783315168687,34.78693659847539
41056,-0.21045355057127946,50.735072000782566
41057,-7.635521260959673,43.38328211501853
41058,6.9246394084313465,54.611322151103366
41059,-0.41142899636659797,48.13861856186024
41060,0.00045930281955370856,48.413819204873036
41061,4.21098692822404,51.3107159612972
41062,27.254979399999982,-28.299918800000015
41063,3.1116528216615142,51.39359612580291
41064,9.122292206906206,54.353141641708554
41065,10.233382783600845,55.672139892323266
41066,17.752760750470408,57.2407019321588
41067,9.77409211928364,41.87139385499651
41068,3.5218100542272293,52.439666971569885
41069,-74.34469906890989,28.716958454201677
41070,6.980983185983498,54.61505118778525
41071,12.500452630317687,39.61396512080524
41072,0.3318886674884363,38.7213332060773
41073,1.8020133864182761,54.17677393928845
41074,1.4726090915926437,49.78748190437459
41075,26.706388634190745,39.42339692075982
41076,3.7286529259783907,52.00854718713365
41077,27.256397799999988,-28.300088800000015
41078,-72.51326153655754,27.36738200073861
41079,-4.63319950497189,47.74953890412833
41080,-7.728901821380031,44.08901460542314
41081,1.6626710564522456,51.021003475155155
41082,-3.1783922106205584,43.74223397310975
41083,-123.75394781262256,45.25694617126539
41084,0.4622430901299812,39.625629312937214
41085,0.4965691506087222,51.145341094854565
41086,2.649534926069464,38.879990640425824
41087,102.85907004717743,9.190480327882753
41088,3.3868809736889403,51.355371943049356
41089,121.93009521618109,20.587539901127002
41090,-15.419158398587662,28.14660315410633
41091,0.9847712972640216,37.323270490563026
41092,120.94218433214292,-1.870324939285716
41093,-121.10861139005328,40.69547987351772
41094,-10.855287026574638,38.92984845531337
41095,124.70010274043678,25.861540851966296
41096,-3.5589580347461145,40.17720469647483
41097,-80.70477143512989,25.4791914358658
41098,10.349473362701449,41.51063605223945
41099,21.779034684417343,59.20919111544717
41100,1.6399533166666662,51.41751508333333
41101,169.21374337469067,-38.032845159905726
41102,10.451228783600845,55.74535309232326
41103,5.039261435495751,52.16835513369623
41104,12.550920982109766,55.023073144995635
41105,112.21624459166893,-2.4347214751594493
41106,-0.33002099003759694,49.46178452918266
41107,-93.94449487358625,29.868777733601874
41108,133.29461054751576,36.72144026742935
41109,115.2672303518253,-30.935277742857128
41110,-2.4804396607528916,38.785366716151756
41111,-2.1522251575416704,40.60273389022077
41112,3.632774701704384,52.19024191649741
41113,-47.50305758928574,-26.612903019047618
41114,106.77977952035276,20.835567367231597
41115,-109.85676971038448,24.8241551481841
41116,16.877574575459754,54.24337048757665
41117,33.334057271428584,-28.165355205357155
41118,4.717203276215547,53.44977552269551
41119,-0.52568580976515,50.66655180236833
41120,2.361089180365982,51.693755094635186
41121,-121.02852320429417,39.12092424422378
41122,128.84637521768778,36.38102031155927
41123,129.12768449634098,29.871342408413067
41124,3.183029980954814,50.882409764768866
41125,13.343217116219291,54.92617590000512
41126,4.108834231384962,52.59514950654819
41127,13.421396357594377,40.34727551737104
41128,116.38733416143299,-31.809640291113524
41129,-1.9658093628911724,50.2605833145121
41130,169.87651611777056,-39.625461776801
41131,17.62885036570417,56.950187546927346
41132,17.62451063279666,40.34731403222734
41133,13.913138302960215,39.70804048801369
41134,122.70328246059121,28.71213262861083
41135,152.3788087182512,-30.017530143628242
41136,3.7189446269901283,52.43979035096046
41137,-2.8795286973608647,39.92394202825708
41138,4.657283625170317,52.87222164062414
41139,5.485690764557529,53.785145481476846
41140,10.130450646177467,57.378088702138065
41141,26.428634216612018,37.36389708099729
41142,-9.264696997018541,41.43819905201329
41143,6.363364010308072,52.634237668216464
41144,-52.361085356587125,36.3625003341927
41145,6.444316805025591,52.88293779434633
41146,109.04522604901996,19.329951229076507
41147,4.3822857230277545,52.22465909459561
41148,-16.757887424787995,39.67292066090243
41149,1.8821806099695018,52.5333254407073
41150,4.21098692822404,51.3107159612972
41151,1.08313433592147,49.43150915606409
41152,12.369027209814394,54.90105604676226
41153,12.399272844800336,38.16668414213329
41154,-0.4114289746274676,48.13861849664285
41155,0.00045942455868412945,48.41381913965564
41156,9.100898587737163,55.017963439547785
41157,127.18385160170347,29.20837679577432
41158,137.77184806924964,34.78406108657064
41159,116.08653860607585,6.042002981371736
41160,23.669795786216127,37.44292220185339
41161,17.937954592484218,58.705109668450476
41162,1.1100238497798367,50.421121440627914
41163,4.011575115236419,52.84578208606081
41164,115.40567940000001,-16.7441855
41165,-2.4844388902082892,48.05921943482758
41166,-118.08905885443004,32.706543609796555
41167,9.77409211928364,41.87139385499651
41168,-74.27534411963096,39.610499364827014
41169,8.39603449634766,54.41703914484826
41170,1.0640461293011108,52.5083216357277
41171,2.6220792625291556,50.075969236570764
41172,1.404021561674828,51.57927056487357
41173,3.9536906325044527,51.99972478864607
41174,1.0151635961081749,50.9614638946792
41175,10.86069091787485,53.94371974789423
41176,-0.21193988338269945,50.559684466014374
41177,10.098123435200602,41.84322266182251
41178,22.156357634510403,58.82466810150761
41179,12.19847485855164,40.39871923418199
41180,-7.626082760959672,43.38121801501852
41181,2.487124682736516,51.30816403632801
41182,10.771994043826071,39.74093139594137
41183,-74.2768321600715,28.777856200641068
41184,20.354048762346466,37.744739093769965
41185,3.1023734197384374,51.380904848238806
41186,17.74743501713707,57.2461697321588
41187,5.0492271715624994,53.07460394711386
41188,14.669339441973227,37.82937329466315
41189,6.962565346549832,53.12640930643254
41190,3.855032542048048,52.67981833878099
41191,-4.090118042873641,40.483417947155225
41192,1.9312654748211104,51.283765999202835
41193,-80.58624089765048,23.855316534450534
41194,9.121699056906207,54.35396824170855
41195,-2.0528003169075286,48.65480534719949
41196,-75.49700426203235,38.650826784292335
41197,13.038729448270129,42.09306569579866
41198,134.87829370889386,34.87817129650382
41199,5.8472148904953665,53.82336832008241
41200,3.577542173792029,52.33384700063093
41201,6.103432594225468,53.57709431077681
41202,1.7648632611217316,50.52384211328861
41203,12.18513987378801,55.212644295870994
41204,-122.14504774302455,46.12563072105735
41205,-0.21045355057127946,50.735072000782566
41206,6.666186389054451,54.82351699394733
41207,112.21526169166893,-2.4282170751594494
41208,133.27574584751576,36.71141386742936
41209,0.32915271034557925,38.71776979179158
41210,0.4622430901299812,39.625629312937214
41211,-4.752971288153478,47.66448400365041
41212,-7.4075323443956025,35.94099385027474
41213,13.913138302960215,39.70804048801369
41214,-47.498099364285736,-26.609194835714288
41215,-121.10861265648185,40.69548000566058
41216,-0.4114287579608009,48.13861827997618
41217,0.00045964122535081754,48.413818922988966
41218,-15.419159192891152,28.14659503230098
41219,124.69938234043677,25.8607224519663
41220,-2.1135811575416703,40.52810369022076
41221,-2.480046389424839,38.786332780612376
41222,-109.80660237051548,24.877049730090192
41223,4.717203276215547,53.44977552269551
41224,13.421531877492276,40.34762782476651
41225,18.27617170865427,56.75099612605242
41226,-80.9075883976505,24.198953934450532
41227,12.382659976481058,54.90647258009559
41228,109.04284793235331,19.330786545743173
41229,6.444316805025591,52.88293779434633
41230,1.8821806099695018,52.5333254407073
41231,127.18595841730902,29.209551313056423
41232,3.9990153098792764,52.852126023560814
41233,116.08654060607583,6.0420138813717355
41234,1.1100697247798368,50.42044816562791
41235,-118.09275815443003,32.70652370979656
41236,-74.22267481744456,39.701611579939424
41237,3.3868809736889403,51.355371943049356
41238,10.094302035200604,41.8340097618225
41239,122.41912884439633,20.904090095352725
41240,-72.51522663655754,27.368787000738603
41241,1.1228362873614244,37.2570628095818
41242,120.9356090321429,-1.934642739285716
41243,-10.855287026574638,38.92984845531337
41244,-80.62562933512987,25.598929735865813
41245,10.330693962701451,41.48752695223945
41246,1.636498371374726,51.0136352453102
41247,1.7849060058627209,54.169202426788445
41248,11.896467312172271,56.29035492327566
41249,5.0392615243846395,52.16835551147401
41250,-3.1722216922872253,43.74110489477643
41251,169.427783394475,-38.07412495737177
41252,-0.3037241900375969,49.46531772918265
41253,11.691835427879626,40.19915171778628
41254,115.26530315182531,-30.93432794285713
41255,-93.94449487358625,29.868777733601874
41256,3.6327741073662656,52.19024235046871
41257,6.980982892425632,54.61505090335137
41258,106.77978006227197,20.835567115373735
41259,16.65179276032462,54.226176559935375
41260,-12.501625634379884,33.92459828621626
41261,-121.04164080429419,39.23088854422379
41262,-0.5495135879469681,50.66017761145924
41263,128.84637521768778,36.38102031155927
41264,129.12732789634097,29.871293108413067
41265,10.771994043826071,39.74093139594137
41266,3.1830295934360175,50.882409419806464
41267,-9.259539372018539,41.46526992701329
41268,116.38578077286157,-31.808112556351624
41269,4.108834231384962,52.59514950654819
41270,-0.14325010014094125,50.54409362782757
41271,23.669924700733517,37.44232040477738
41272,151.59427948387113,-31.790427794086014
41273,17.620172896356852,56.94718893125135
41274,17.553000993907773,40.32838344333845
41275,-1.9658093628911724,50.2605833145121
41276,122.70328241059121,28.712133428610827
41277,134.87705043889386,34.878766493170495
41278,1.0838476359214702,49.43132545606409
41279,3.7223692188355333,52.010441919276516
41280,2.361089380365982,51.693755094635186
41281,21.775275084417345,59.204636365447165
41282,3.7189446269901283,52.43979035096046
41283,152.37931701825121,-30.011244443628232
41284,4.657283625170317,52.87222164062414
41285,-16.822452974787996,39.54089466090243
41286,33.336982671428586,-28.16514530535715
41287,4.210987191001818,51.31071631351942
41288,-3.5588436347461148,40.17730779647483
41289,10.130450646177467,57.378088702138065
41290,102.85657688051079,9.20072829454942
41291,-0.21045355057127946,50.735072000782566
41292,6.103432594225468,53.57709431077681
41293,1.9619400627448391,51.29913300273934
41294,17.909065792484217,58.707435768450466
41295,1.594288016666666,51.409761983333325
41296,115.40616469999999,-16.735805
41297,9.104101884165733,55.01853238121444
41298,137.77897866924965,34.78435988657064
41299,10.86069091787485,53.94371974789423
41300,4.692500896567587,52.92126568238773
41301,-7.5400999609596715,43.55845291501853
41302,8.495743164369062,41.66883974781019
41303,2.50109077376016,51.31351734187732
41304,5.498725000271815,53.77824494576257
41305,4.382089906361087,52.224720669595605
41306,20.34941169523086,37.745905104477124
41307,2.6220792625291556,50.075969236570764
41308,9.123538006906205,54.35345604170855
41309,3.9536906325044527,51.99972478864607
41310,-2.8802990973608655,39.924608028257076
41311,17.34147200380374,57.120485952158795
41312,-7.6695982227689194,44.14585055125647
41313,6.962565346549832,53.12640930643254
41314,1.6925541615979216,50.494840981145764
41315,-2.8190952870808856,47.56064195671923
41316,1.021430745228696,50.96194879557593
41317,26.428634216612018,37.36389708099729
41318,13.356296758048297,54.92049871098997
41319,1.0640461293011108,52.5083216357277
41320,3.855032542048048,52.67981833878099
41321,3.0736377681999767,51.370123922084964
41322,-2.0528003169075286,48.65480534719949
41323,-75.49700426203235,38.650826784292335
41324,5.762234870495366,53.75714082008241
41325,12.175405310530435,55.21122434662857
41326,8.391913204680993,54.41781007818159
41327,6.363364010308072,52.634237668216464
41328,1.3955870326123279,51.58221983612357
41329,-122.14504784302454,46.125630621057354
41330,12.401434569800335,38.16807714213329
41331,9.77409211928364,41.87139385499651
41332,22.265706254748512,58.8508339937695
41333,12.19847485855164,40.39871923418199
41334,12.550978682109767,55.02296614499563
41335,-4.083349909540306,40.49231761382189
41336,0.5421012326806826,51.22093301481796
41337,13.040481148270128,42.093087695798665
41338,-52.3592818280157,36.363958905621274
41339,14.670890941973225,37.829577894663146
41340,6.665019639297063,54.82643827834875
41341,3.5775421101556653,52.33384685214608
41342,-74.40986100840485,28.6222708839744
41343,2.361089380365982,51.693755094635186
41344,10.877267977855299,39.73426601927558
41345,-11.306388552225151,31.259214734449888
41346,150.94947955333348,-31.57267436
41347,12.461079938908856,54.899712916868154
41348,-0.5482642776868858,48.238657805257205
41349,-0.1123259951674007,48.393395064936655
41350,137.7888247872762,34.88189409258995
41351,6.997667881179495,54.66451112322
41352,11.705096211451053,40.19763792278628
41353,-2.37955527572172,38.7191720254613
41354,27.26602769999998,-28.30765330000002
41355,3.570650665247826,51.53486209842388
41356,-72.56338835422108,27.312567769081983
41357,103.33493221205447,9.838098563272974
41358,1.8821806099695018,52.5333254407073
41359,3.9616252606738267,52.83967687898946
41360,-74.19649559990071,39.730836977307845
41361,3.3868809736889403,51.355371943049356
41362,-2.7491555605414018,43.68567843188583
41363,1.3271309384055414,52.50380923376136
41364,-2.752535357966255,39.31262310653682
41365,112.2131815516689,-2.5029906951594487
41366,-109.70706024049841,24.981792317871477
41367,17.545920794841955,40.298029801296394
41368,4.115296429946646,52.14533315423323
41369,122.72334676157315,28.806538498785606
41370,152.33913648492012,-30.121829499458354
41371,4.673805729847518,52.91510275188085
41372,3.308985481061444,52.20617540463191
41373,26.428634216612018,37.36389708099729
41374,5.368682922660736,53.78494883258149
41375,6.434686546569667,52.67357365621828
41376,-77.39948308967736,36.215853266591424
41377,109.0571165527776,19.311630576405562
41378,6.444316854552592,52.8829378044943
41379,127.17065226546327,29.09730272922962
41380,116.0868184030731,6.0419762125435765
41381,-117.4228799690418,32.816599474744805
41382,1.0317531057100315,50.41729236942917
41383,10.154745524310448,41.5929580310031
41384,122.86881271185926,21.61289692394121
41385,-15.419161264999993,28.146613935000005
41386,18.76283984811788,56.95720060129669
41387,122.35847653214287,-4.590407639285718
41388,124.71232730304033,25.771179942157783
41389,0.9851393590183141,37.256251739603066
41390,-10.881493277930115,38.91141334675742
41391,-80.72847899809781,25.642164337336393
41392,1.5799312651047634,51.01428568876733
41393,10.505554793393866,41.4075884522351
41394,11.961994364401091,56.413642663840626
41395,168.75923065306128,-37.87534649192175
41396,5.039260728830455,52.168355307405875
41397,-0.5077793625578793,49.51000519417292
41398,134.2678455166066,36.90437868379299
41399,115.28849568515864,-30.972596442857125
41400,-47.402357058333344,-26.45049388333333
41401,3.632647350048663,52.19022646773842
41402,-93.94449660891172,29.86877607667766
41403,106.77977859833373,20.83557356816786
41404,16.869201015837678,54.23782321516875
41405,4.738128949862659,53.459287244016394
41406,0.9648569987578807,49.23211680469164
41407,23.67701286567649,37.51167847745804
41408,-0.4907547926555441,50.66159123637627
41409,-121.18752393334657,39.294012612387604
41410,127.92236734353783,36.59719063180471
41411,128.66137725706554,29.992693363686225
41412,9.235825875087547,55.00986773096652
41413,-121.09172851984874,40.6825693776048
41414,3.165404108606385,50.83285255643848
41415,135.30232598787103,34.948188204222035
41416,-16.670031706454076,39.80635850842178
41417,21.782851654902498,39.678094032821406
41418,-3.7491617947068203,40.32758768851177
41419,18.370769367202758,57.27221925092112
41420,1.4249179166666672,51.36702458333333
41421,12.4845251407672,40.21857999837309
41422,-74.53076965424559,28.4706208638101
41423,-9.268690271892488,41.468590224212164
41424,4.219003531940411,52.6343910508927
41425,116.38682423587107,-31.871422303215272
41426,17.774318398838567,58.70005127299155
41427,32.94415852142857,-28.285703955357143
41428,115.60912830000002,-16.690546399999995
41429,17.71996862789108,56.848452726235564
41430,-4.306373004030004,40.590890842746084
41431,-75.55393311219446,38.60046360601302
41432,-7.808593469289906,43.871745876377
41433,6.608043745849551,54.84773590213081
41434,4.361159267062759,52.182817285849154
41435,1.0015928635669997,39.69617513859754
41436,0.7338109530235499,52.354485917780366
41437,13.77693054154159,40.248191040582185
41438,2.6220790853377167,50.075969213738155
41439,2.977089911106192,51.31619711772455
41440,1.4813914768464975,51.58925295181741
41441,-122.14504780292653,46.12563045087528
41442,2.5016733737601595,51.31231254187732
41443,-2.023167510639228,50.24409212513397
41444,0.9251692358048564,50.934765953089574
41445,-0.37424062120206997,50.75175217388314
41446,4.210986385884496,51.310715743604476
41447,10.86069091787485,53.94371974789423
41448,0.4749897869197978,51.118231581387626
41449,4.697849284137327,52.90820097614044
41450,22.352656180787687,58.9034793484187
41451,12.407847067716846,54.72483450690064
41452,-7.502138106031819,43.8808448147083
41453,15.112242778778642,37.979463836222884
41454,20.35078720405179,37.74854785090477
41455,16.727142785473117,56.309998152147735
41456,9.824946726715758,42.13134097836414
41457,12.198803777151715,55.20184912568151
41458,7.096551910581116,41.64643272621334
41459,3.855032542048048,52.67981833878099
41460,2.0175367647764144,51.322026210123376
41461,10.130450646177467,57.378088702138065
41462,8.99071642565591,54.78913200996476
41463,-2.057840111734793,48.652202399318995
41464,11.916810126011745,38.04264792499429
41465,12.718707975403575,42.2291157784114
41466,1.6045806315804685,50.52640739923588
41467,-2.7781042859469256,47.36333602795193
41468,-0.7029693959976959,50.602175848895214
41469,12.845985990470997,55.278503972795264
41470,22.038889412195125,59.29846636544717
41471,6.962565529395835,53.12640907231948
41472,6.106334494225467,53.57798251077681
41473,3.9536906325044527,51.99972478864607
41474,1.5056330423438729,40.42436075201764
41475,-52.39756203350008,36.33836782467324
41476,5.750524123150595,53.74902564587203
41477,8.238702963929244,54.345619700839755
41478,3.149006324452102,52.805297891422526
41479,-80.072768234494,24.068376976809773
41480,3.308985481061444,52.20617540463191
41481,2.206364127062952,51.561713574967264
41482,12.54883330528727,39.64253245301958
41483,10.845672252631784,39.77454068274295
41484,4.115604046613313,52.14544175423323
41485,-75.55393311219446,38.60046360601302
41486,3.9576585316142343,52.839140215491256
41487,-2.750073924632921,39.30379830653681
41488,1.5677695117209252,51.017826515615816
41489,134.27145411660663,36.90415148379299
41490,-47.40478975833335,-26.454267883333326
41491,-109.64565271130311,25.04708498195664
41492,-2.023167510639228,50.24409212513397
41493,150.6349019533335,-31.590741960000006
41494,-72.6039230049029,27.312625721809255
41495,17.48463157936577,40.30029030367734
41496,-7.808825969289906,43.872716976377006
41497,0.33994312915510305,38.72121556774395
41498,-0.5482644559477554,48.23865794003982
41499,-0.11232617342827023,48.39339519971927
41500,122.58958336157315,28.717620298785604
41501,152.33912558492017,-30.119515299458357
41502,4.673805729847518,52.91510275188085
41503,6.997665937381288,54.66451009725204
41504,103.22340880580445,9.628159937380115
41505,26.428634216612018,37.36389708099729
41506,5.371070050544834,53.78446896323512
41507,6.434687059594877,52.673573500195864
41508,109.05767959027762,19.312338568072228
41509,6.444316854552592,52.8829378044943
41510,1.8821806099695018,52.5333254407073
41511,127.17417796546323,29.203104579229638
41512,116.08680344354933,6.041972826591194
41513,1.0170503857100315,50.411554249429166
41514,-74.14562509631648,39.830028192985885
41515,-117.42044436904182,32.8164381747448
41516,10.15060152431045,41.59084726433643
41517,3.3868809736889403,51.355371943049356
41518,122.87947741185928,21.825828173941215
41519,-15.41915435499998,28.146608635000028
41520,0.9874367683617485,37.25598469326468
41521,-10.879006903644402,38.9097953324717
41522,124.72174830304033,25.872478962157793
41523,121.89375536547622,-4.249202139285717
41524,-80.58326299809781,25.585193737336393
41525,10.505554182282754,41.4075889522351
41526,12.74518176440109,56.63241116384064
41527,9.208973770286894,55.0199375596904
41528,5.039260637163789,52.16835548240587
41529,-2.7261529571683862,43.681525962619965
41530,168.75956269195015,-37.87476381414398
41531,22.034160101084012,59.29525778211383
41532,112.2187118916689,-2.50499987515945
41533,0.7338109530235499,52.354485917780366
41534,-0.45108696255787933,49.524627194172915
41535,115.60882040000003,-16.692046
41536,-93.94449660891172,29.86877607667766
41537,115.29013478515864,-30.972301942857115
41538,3.6326477903011885,52.19022677994801
41539,106.77977879833375,20.83557356816786
41540,32.93594462142857,-28.28713373035715
41541,16.8692022077413,54.237822937003095
41542,4.738128949862659,53.459287244016394
41543,135.30122291787103,34.94841430088871
41544,1.3271230411229324,52.50380276781932
41545,-0.4627215859888772,50.66648090470961
41546,127.92236779353783,36.59718830680471
41547,-121.18541224763229,39.30190404095904
41548,-121.09182992984876,40.6822480176048
41549,4.679750353775173,52.888121080607505
41550,3.2067307167144934,50.86755393035153
41551,21.772097404902503,39.66975333282141
41552,-2.065104800776102,40.46760378181286
41553,18.302871690245915,57.24745193263479
41554,116.38408972277588,-31.867745816310514
41555,9.035101493239777,54.78929545628077
41556,11.705096211451053,40.19763792278628
41557,0.9194526987578808,49.43533680469165
41558,-9.262091421892489,41.45654224921216
41559,4.219003531940411,52.6343910508927
41560,6.106334494225467,53.57798251077681
41561,2.0175370147764147,51.32202654194156
41562,12.411295397320389,54.72900511019815
41563,13.77693034154159,40.24819134058218
41564,17.633687818838567,58.72280628965821
41565,3.230926640129847,52.709562564839764
41566,-4.311463096922161,40.588859759265695
41567,3.855032542048048,52.67981833878099
41568,18.76283984811788,56.95720060129669
41569,4.326869463631386,52.16281150423151
41570,5.750524123150595,53.74902564587203
41571,2.6220790853377167,50.075969213738155
41572,3.9536906325044527,51.99972478864607
41573,0.9251694858048564,50.93476628490775
41574,12.186112065723144,55.19073717996723
41575,-122.14504779965272,46.12563029313719
41576,2.5228545935213873,51.31983417925136
41577,12.4845251407672,40.21857999837309
41578,-0.26071711220685456,50.80924548774678
41579,2.977089911106192,51.31619711772455
41580,10.86069091787485,53.94371974789423
41581,0.5551275385249508,51.1589381166336
41582,11.925587913511745,38.04099720297048
41583,22.38634737412102,58.91545847508535
41584,-7.495919906031819,43.8816260147083
41585,15.105601963324096,37.982106799859245
41586,4.21098643032894,51.310715965826695
41587,20.358760820914537,37.74603154247339
41588,16.766785974362,56.32092702159219
41589,12.750235042070242,42.33826686507807
41590,17.71030899455775,56.85504272623557
41591,9.824946726715758,42.13134097836414
41592,-2.7848017459469254,47.35971478795192
41593,128.66177535706555,29.989870263686235
41594,6.60558366916457,54.85437436046414
41595,6.933325025945868,41.639164724611675
41596,1.414087516666667,51.36507748333332
41597,1.5552412690804684,50.50901812245015
41598,-0.7029693959976959,50.602175848895214
41599,12.838578244488092,55.28259220373542
41600,-16.670031706454076,39.80635850842178
41601,6.962565529395835,53.12640907231948
41602,12.47055012665733,54.91606215170918
41603,10.130450646177467,57.378088702138065
41604,1.4719457899579351,51.59287711881741
41605,-2.057840111734793,48.652202399318995
41606,1.0015928635669997,39.69617503859754
41607,-52.39838402016675,36.336664378006574
41608,8.255844609188227,54.30277614059748
41609,-74.92425534416624,28.069619939295958
41610,-3.7507699947068205,40.32600188851177
41611,23.678022861395107,37.50461818409318
41612,125.433565591765,27.964828225200694
41613,-2.3792382932410696,38.72363359131045
41614,22.03932550108402,59.29183108211383
41615,-7.806777269289905,43.875512976377
41616,-15.419152829999978,28.146610035000016
41617,150.6337447533335,-31.59038675999999
41618,0.9851212975284152,37.25735175576469
41619,0.9236054373293094,49.4371182018345
41620,-2.7215738914541006,43.68066534690567
41621,-72.60372963823623,27.31199215514258
41622,1.0048155046418559,39.69462537909657
41623,106.77977879833375,20.83557356816786
41624,-109.58151845749731,25.1124824950581
41625,-0.5482642392810887,48.23865772337315
41626,-0.11232595676160358,48.3933949830526
41627,-78.36137277194457,34.22433213222164
41628,17.48021017936577,40.29940380367734
41629,122.58960201157315,28.717726398785604
41630,4.113217746613312,52.14500735423323
41631,152.33963388492012,-30.113229599458354
41632,6.9976655262547505,54.664512532618744
41633,4.673805729847518,52.91510275188085
41634,103.2158354140096,9.64628030353396
41635,26.428634216612018,37.36389708099729
41636,5.371145012303075,53.788266277740625
41637,6.434687059594877,52.673573500195864
41638,-78.8035500886392,27.241761600319126
41639,0.3372071720122459,38.71765215345824
41640,109.05497025652762,19.31398508307223
41641,6.444316854552592,52.8829378044943
41642,1.8821806099695018,52.5333254407073
41643,0.7338109530235499,52.354485917780366
41644,1.0157288857100313,50.41102074942917
41645,116.08680584354934,6.041987126591194
41646,-74.15368227649019,39.832297717989206
41647,127.17057696546323,29.202919159229634
41648,-117.41963436904182,32.815686774744805
41649,3.3868809736889403,51.355371943049356
41650,3.9567047546911573,52.83818792318355
41651,10.147171524310451,41.58064551433644
41652,123.43336790852592,22.555832320607884
41653,121.88987146547623,-4.304934239285716
41654,124.73108990304034,25.86877774215779
41655,-10.879006903644402,38.9097953324717
41656,-80.6378443980978,25.589048437336388
41657,-16.73459725645408,39.67433250842178
41658,1.5672364538261883,51.01151677375882
41659,10.505536506641729,41.405703843260746
41660,11.705096211451053,40.19763792278628
41661,12.89237951440109,56.71513281384064
41662,168.97249029195015,-37.899093514143985
41663,5.039260741330455,52.168355715739196
41664,112.22546839166891,-2.517870975159449
41665,-0.4545344625578792,49.525970394172916
41666,135.30122291787103,34.94841430088871
41667,-93.94449660891172,29.86877607667766
41668,-47.39955628333335,-26.450074149999995
41669,115.28899498515864,-30.972125242857125
41670,3.632647519599434,52.19022683573749
41671,4.738128949862659,53.459287244016394
41672,16.643387564760463,54.22061946756005
41673,9.21244802242975,55.02042739564277
41674,-0.48234808598887696,50.6515353047096
41675,127.92236779353783,36.59718830680471
41676,4.600039176706735,52.82468647890446
41677,-121.23443224763227,39.414146940959036
41678,3.206730452002714,50.8675534875821
41679,-2.065105330240388,40.46760318502714
41680,-52.318113691595315,36.48338364943515
41681,12.407470244981521,54.72443995741835
41682,21.777167504902504,39.66982378282141
41683,1.3271204411229325,52.50381156781932
41684,3.306881381061444,52.2056239046319
41685,17.775180828089695,57.02393062232853
41686,-122.14504779965272,46.12563029313719
41687,116.38408955253779,-31.86774663654861
41688,4.21110997194041,52.63790697589271
41689,-3.7507699947068205,40.32600188851177
41690,1.390960716666667,51.36155928333333
41691,-9.257222381892488,41.47954137421216
41692,23.675123643805673,37.50437559546446
41693,-4.35760929692216,40.66324195926569
41694,2.0381248647764147,51.33066239194156
41695,6.207516843775018,53.60772831167771
41696,17.703394976733303,58.76806225347401
41697,12.212812365723142,55.197774879967234
41698,13.77711474154159,40.249194340582186
41699,-2.751829324632921,39.30683960653681
41700,4.326869463631386,52.16281150423151
41701,-75.21376173367604,27.77340666959008
41702,1.5061672482074528,50.489096911656496
41703,0.9254426614037331,50.93966194536642
41704,-0.1576976779211404,50.849414751080104
41705,12.470566199038283,54.916446558534574
41706,2.973942170316718,51.31959305412807
41707,12.489344843032427,40.21391064178743
41708,-0.7029693959976959,50.602175848895214
41709,2.5228545935213873,51.31983417925136
41710,13.827006973471256,39.43974323867011
41711,18.76283984811788,56.95720060129669
41712,4.210986648662273,51.31071609582669
41713,2.6220790853377167,50.075969213738155
41714,-4.957752953099882,47.49004424389058
41715,0.5711752051916174,51.171238258300264
41716,3.9536906325044527,51.99972478864607
41717,11.928575221845078,38.042937152970474
41718,22.42072794755536,58.9254514297318
41719,128.66184345706554,29.98963176368623
41720,-7.452571106031818,43.98132351470829
41721,6.60420636916457,54.86331106046414
41722,-2.025043210639228,50.24375112513397
41723,32.940544321428575,-28.286728030357153
41724,20.35790115379893,37.74671866984722
41725,16.786629516714942,56.32698344747454
41726,-2.7860746247348045,47.3590306637095
41727,7.0292614592792,41.672717791278345
41728,12.83510084697893,55.281774689559604
41729,3.855032542048048,52.67981833878099
41730,115.6116738,-16.687751000000002
41731,9.034493028239776,54.78999244128076
41732,10.86069091787485,53.94371974789423
41733,12.649403342070244,42.41775689007806
41734,17.66490536122442,56.8591226595689
41735,5.750524123150595,53.74902564587203
41736,3.235021515129847,52.71190376483976
41737,6.962565529395835,53.12640907231948
41738,10.130450646177467,57.378088702138065
41739,1.4455265836395206,51.60344689746324
41740,-2.0371282560755923,48.670427901913634
41741,9.824946726715758,42.13134097836414
41742,15.103033563324093,37.979876689859246
41743,8.25826614252156,54.28712377393081
41744,-121.03721121758686,40.65557858046195
41745,-3.7507699947068205,40.32600188851177
41746,0.33994312915510305,38.72121556774395
41747,-2.0653334145178928,40.46392092894957
41748,112.2178131766689,-2.5286903201594497
41749,134.3580744166066,36.862514683792995
41750,-47.40283035833335,-26.450896683333326
41751,12.570917751244142,39.66764265068355
41752,3.570650665247826,51.53486209842388
41753,-0.5482974276868857,48.23871005525721
41754,-0.1123591451674007,48.39344731493666
41755,-72.60614982852493,27.302282118659647
41756,6.997668014512827,54.66451103988666
41757,-80.24486930854162,24.23050550704787
41758,3.9477890084011,52.84832653353493
41759,0.9840541812405362,37.25695303960306
41760,18.254274911155807,57.23897340216873
41761,4.738128949862659,53.459287244016394
41762,0.9637105373293093,49.359662201834496
41763,-121.18123056924402,39.30263223546453
41764,-0.4995615558813505,50.63302046750528
41765,127.92236734353783,36.59719063180471
41766,3.165404108606385,50.83285255643848
41767,116.38682423587107,-31.871422303215272
41768,4.219003531940411,52.6343910508927
41769,13.77693054154159,40.248191040582185
41770,-2.023167510639228,50.24409212513397
41771,150.63351823573728,-31.59166701781619
41772,-78.87735759880705,28.283528309473457
41773,17.3827167876991,40.25412468701068
41774,137.78064104751434,34.88477239782805
41775,122.72277886157315,28.808822998785608
41776,4.121454563279979,52.14333785423323
41777,152.33913648492012,-30.121829499458354
41778,4.673805729847518,52.91510275188085
41779,104.58806014483199,10.494353338483037
41780,26.428634216612018,37.36389708099729
41781,6.434687059594877,52.673573500195864
41782,5.375020383274898,53.789615714002665
41783,109.44586053349234,18.859135135864136
41784,6.444316854552592,52.8829378044943
41785,2.5249050998677776,51.323659156716175
41786,-75.55393311219446,38.60046360601302
41787,1.8821806099695018,52.5333254407073
41788,127.16758341930944,29.098810613845007
41789,0.7338109530235499,52.354485917780366
41790,116.08634224555558,6.041632308203005
41791,0.9712651057100316,50.39381136942918
41792,-117.42851299189893,32.80783447569717
41793,10.151878124310448,41.5947679310031
41794,-74.12642682171914,39.84797619418973
41795,123.42885304519261,22.557440543941212
41796,3.3868809736889403,51.355371943049356
41797,-15.419137811006486,28.14658256626624
41798,2.1203072552526048,51.39522844583767
41799,122.04549303214287,-4.907454839285717
41800,-10.881493277930115,38.91141334675742
41801,124.71653340304032,25.764681262157787
41802,-80.72847899809781,25.642164337336393
41803,-77.39948308967736,36.215853266591424
41804,1.3864483166666677,51.36045583333332
41805,10.505554793393866,41.4075884522351
41806,1.565380789089346,51.01248419691671
41807,12.867134409162997,56.63440192669778
41808,1.3107187775359759,52.504417560717876
41809,5.039260451907378,52.168355545867406
41810,27.264925019999982,-28.304849506666688
41811,-75.30042853153317,27.712367971732945
41812,168.76039199195017,-37.87462011414398
41813,-2.714717420342989,43.67962066246123
41814,9.158647679751896,55.004481244248545
41815,-0.45348586255787937,49.523971394172925
41816,17.67770712122442,56.922796056235555
41817,-93.94449660891172,29.86877607667766
41818,12.494390839428956,54.95551985140374
41819,-16.670031706454076,39.80635850842178
41820,10.86069091787485,53.94371974789423
41821,115.29011823515864,-30.97229254285712
41822,3.632647350048663,52.19022646773842
41823,106.77977944579919,20.835573428536524
41824,10.130450646177467,57.378088702138065
41825,-52.39788478683342,36.33578711133991
41826,-109.48047983649427,25.217754849358034
41827,-121.09284702529747,40.682861689057795
41828,3.232256115129847,52.70959436483976
41829,6.207516843775018,53.60772831167771
41830,115.62429090000002,-16.5857108
41831,6.590849890588219,54.87439036008304
41832,-4.35412319692216,40.668556479265696
41833,23.670998358240762,37.51138317933762
41834,3.308812513779362,52.31908354872997
41835,1.5010181482074527,50.48558104498984
41836,4.3370618802980525,52.1657001542315
41837,3.9536906325044527,51.99972478864607
41838,8.285699360854894,54.272145240597474
41839,-9.268886071892489,41.46741232421216
41840,-2.84893506352181,39.26440528709238
41841,22.486225347454347,58.95092028175201
41842,12.401563943204971,54.71719398967552
41843,-5.030290334775822,47.45192529998526
41844,2.9713428352690996,51.325839982985215
41845,-78.73014075949301,27.219698337110128
41846,9.825433112408325,42.13450878269406
41847,12.488654143032427,40.21489454178743
41848,-7.459955906031819,43.9808228147083
41849,21.783136066667204,39.677737032821405
41850,13.827006973471256,39.43974323867011
41851,32.94398989642857,-28.286348705357145
41852,0.5721469385249508,51.16634252496693
41853,4.486170062635712,52.770060969186595
41854,0.9254424114037332,50.93966161354823
41855,12.212033899056475,55.19654511330057
41856,6.988012998193987,41.65827800047584
41857,12.845985990470997,55.278503972795264
41858,-0.15785007792114036,50.84931795108011
41859,6.962565529395835,53.12640907231948
41860,20.35078720405179,37.74854785090477
41861,9.028720419396953,54.77962595126911
41862,-2.8305693504815315,47.341794348811106
41863,16.869201041488335,54.237823083254625
41864,18.765560531451214,56.95979335129668
41865,4.210415835884495,51.310525118604474
41866,3.855032542048048,52.67981833878099
41867,1.430685904552267,51.610564399446396
41868,-2.0378488671867037,48.67015489080252
41869,11.929251613511745,38.04220676963715
41870,-4.434337496190472,37.156295923506484
41871,-78.36410436777793,34.222792090554975
41872,5.750524123150595,53.74902564587203
41873,-122.14504780292653,46.12563045087528
41874,2.6220790853377167,50.075969213738155
41875,12.753509075403576,42.3376068784114
41876,128.66082115706556,30.005069263686227
41877,-0.7029693959976959,50.602175848895214
41878,15.107169213324095,37.981761299859244
41879,16.714097274362008,56.30078306325885
41880,17.66384917256664,58.77016358264068
41881,135.30232598787103,34.948188204222035
41882,-4.434337496190472,37.156295923506484
41883,1.4724608156868468,49.78754422475502
41884,27.26622871999998,-28.30515050666669
41885,4.162212146613313,52.150454354233226
41886,-78.73014075949301,27.219698337110128
41887,18.51987382279614,57.35119946885519
41888,-74.12642682171914,39.84797619418973
41889,-15.419141234642845,28.146578025357154
41890,-2.3796315645691224,38.72266752684984
41891,-47.40526305833336,-26.454670683333326
41892,4.738128949862659,53.459287244016394
41893,150.6348547357373,-31.590774817816182
41894,104.40835662608202,10.36340659473304
41895,2.5647761417166914,51.17327927491004
41896,6.9976655218257315,54.66451051947426
41897,1.8821806099695018,52.5333254407073
41898,-77.39948308967736,36.215853266591424
41899,1.362862916666668,51.35667943333331
41900,-2.7105355653429886,43.67863055746122
41901,-0.5482976059477553,48.23871019003982
41902,-0.11235932342827024,48.39344744971927
41903,0.9236054373293094,49.4371182018345
41904,3.6326477903011885,52.19022677994801
41905,106.7797798791325,20.835573428536524
41906,10.645977458904682,39.6956467814173
41907,-109.42805028957908,25.276575616830545
41908,16.869201733391957,54.23782280508895
41909,-121.17909888352972,39.30647136403596
41910,-0.5243370992146835,50.61403471361641
41911,127.92236779353783,36.59718830680471
41912,3.2067307167144934,50.86755393035153
41913,4.219003531940411,52.6343910508927
41914,116.38409064277589,-31.867744576310514
41915,13.77693034154159,40.24819134058218
41916,135.30122291787103,34.94841430088871
41917,-78.87663834880705,28.28218990947346
41918,-2.025043210639228,50.24375112513397
41919,17.433375229365772,40.286489753677344
41920,4.368985459875471,52.61946608423018
41921,122.58843016157314,28.718911298785603
41922,152.34089858492015,-30.11874089945836
41923,4.673805729847518,52.91510275188085
41924,3.233367321450469,52.15369301009882
41925,26.428634216612018,37.36389708099729
41926,5.376391689227279,53.78468885150265
41927,6.434687059594877,52.673573500195864
41928,109.47628171474234,18.742023471280802
41929,-121.09366050720224,40.68510720524827
41930,6.444316854552592,52.8829378044943
41931,0.7338109530235499,52.354485917780366
41932,116.08632995269846,6.041623863917291
41933,127.1720875621299,29.203649632562964
41934,3.9390750282592553,52.84921798388954
41935,0.9505819274491617,50.409392231168304
41936,-117.42670399189893,32.80891864236384
41937,-0.14073073095144348,50.852694905625555
41938,3.3868809736889403,51.355371943049356
41939,10.14975672431045,41.58871506433645
41940,123.4312011451926,22.55960319394121
41941,0.9870368141950817,37.251624205764685
41942,124.732263269707,25.86910822882445
41943,122.05472356547625,-4.934506739285716
41944,-10.879006903644402,38.9097953324717
41945,-80.5865156980978,25.578131237336393
41946,0.3372071720122459,38.71765215345824
41947,3.814078359814922,51.97608047282033
41948,12.90719204844871,56.69179446050729
41949,10.500957557282755,41.375297152235106
41950,1.5528502355179175,51.01018586977385
41951,5.039260211649162,52.16835539457632
41952,-75.22369098534271,27.773193574590074
41953,-16.670031706454076,39.80635850842178
41954,168.75956269195015,-37.87476381414398
41955,-75.55393311219446,38.60046360601302
41956,115.6239826,-16.587210900000002
41957,9.027347645620729,54.78218527294743
41958,1.294294127535976,52.50501517738455
41959,5.750524123150595,53.74902564587203
41960,-122.14504779965272,46.12563029313719
41961,111.48466785000223,-2.6126880334927822
41962,-7.422152306031819,44.086548314708295
41963,125.433565591765,27.964828225200694
41964,-78.36137288444458,34.22433210722164
41965,9.825433112408325,42.13450878269406
41966,12.40517494271649,54.73583618649576
41967,10.86069091787485,53.94371974789423
41968,-0.40390723632980924,49.55885727206766
41969,32.93594462142857,-28.28713373035715
41970,-5.045438164222941,47.47716688296234
41971,23.667852551440145,37.51184565738975
41972,4.344791138631386,52.17358679530292
41973,3.0043762157515554,51.34986119373083
41974,17.43952302122441,56.938196856235564
41975,1.0000651046418558,39.69432487909658
41976,-2.8518502301884765,39.27050738709237
41977,-9.26199212189249,41.45659574921216
41978,-72.56453112427658,27.286788081731533
41979,0.9555669441395483,50.97138634604873
41980,18.765560531451214,56.95979335129668
41981,4.206961929178818,51.31138047720684
41982,20.358760820914537,37.74603154247339
41983,3.855032542048048,52.67981833878099
41984,0.5727411476158598,51.166495006785105
41985,12.754114642070242,42.33769416507806
41986,134.35572291660662,36.85776718379299
41987,-2.767375944098553,47.342779244555786
41988,137.77867563322863,34.883078569256625
41989,12.211725199056476,55.19571101330057
41990,128.66395285706557,29.994161463686222
41991,7.044232201564912,41.65672479374652
41992,-2.0378488671867037,48.67015489080252
41993,11.92654989684508,38.041647752970476
41994,-52.398425986833416,36.33638811133991
41995,-80.18558682020829,24.274858105381202
41996,21.729295716667206,39.70454610782141
41997,12.83871128448809,55.28303376373542
41998,3.2365562667965135,52.712206158173096
41999,6.962565529395835,53.12640907231948
42000,12.494413039428956,54.95516120140374
42001,1.4085608699534842,50.44523652498983
42002,-93.94449660891172,29.86877607667766
42003,-4.339380002185319,40.69155309259902
42004,2.120307505252605,51.395228777655845
42005,17.673449547566637,58.76936800764067
42006,10.130450646177467,57.378088702138065
42007,1.4104466416241903,51.61631928674767
42008,15.105601963324096,37.982106799859245
42009,6.5709974837974165,54.89252892622061
42010,8.30374199252156,54.23400822583557
42011,6.207516843775018,53.60772831167771
42012,115.29007278515864,-30.972635042857114
42013,2.6220790853377167,50.075969213738155
42014,16.766660874362,56.32014318825886
42015,3.9536906325044527,51.99972478864607
42016,9.08093011473175,55.000001567344704
42017,22.536999040787688,58.98433667508536
42018,12.488654143032427,40.21489454178743
42019,-0.6944785693726793,50.5902354965157
42020,13.827006973471256,39.43974323867011
42021,15.105601963324096,37.982106799859245
42022,4.337962346613312,52.21322885423323
42023,-109.41759197687944,25.288020882785254
42024,-15.419156559999985,28.14657652500002
42025,0.3372071720122459,38.71765215345824
42026,-80.1822142202083,24.273559705381203
42027,54.778834748475866,25.118370220100484
42028,-2.3792382932410696,38.72363359131045
42029,1.3402626499999999,51.35315173333331
42030,125.433565591765,27.964828225200694
42031,111.47663830662817,-2.5839689613018897
42032,13.465769074331401,40.487908963508225
42033,18.43622301825397,57.426490401190506
42034,-78.8765694821404,28.286242209473457
42035,12.221125879056476,55.190577313300565
42036,0.9236054373293094,49.4371182018345
42037,-117.42589399189893,32.808167242363844
42038,143.9172681857142,-38.18230939880954
42039,123.43094754185924,22.557806320607877
42040,0.9816240808617483,37.25040327243135
42041,1.004806927718779,39.69462866371196
42042,3.233367321450469,52.15369301009882
42043,-0.4036097363298092,49.55803907206766
42044,-93.94449660891172,29.86877607667766
42045,-47.39949798333335,-26.45013885
42046,115.28904108515864,-30.97186644285712
42047,3.632647519599434,52.19022683573749
42048,106.7797798791325,20.835573428536524
42049,16.64338722353767,54.220619447246406
42050,4.738128949862659,53.459287244016394
42051,5.900227698944336,40.846396272267974
42052,6.9976681178348565,54.6645154829187
42053,-0.47520099207182637,50.61392963028309
42054,-121.2219376835297,39.42241686403595
42055,127.92236779353783,36.59718830680471
42056,3.206730452002714,50.8675534875821
42057,3.5706508682553446,51.53486200895019
42058,116.38409047253779,-31.867745396548614
42059,4.21110997194041,52.63790697589271
42060,13.77711474154159,40.249194340582186
42061,17.341973921224415,56.940487356235565
42062,-2.025043210639228,50.24375112513397
42063,1.294291227535976,52.505023977384546
42064,150.624948093632,-31.59665382044775
42065,17.43039288251063,40.29029601084808
42066,122.58843011157315,28.718912098785598
42067,152.31996078492017,-30.137595232791686
42068,4.682739513554353,52.91719413391397
42069,105.4316321617898,11.108593459824363
42070,26.428634216612018,37.36389708099729
42071,5.375666680985521,53.78564214600815
42072,7.136351051564913,41.68703884374652
42073,6.434687402372655,52.67357379866809
42074,2.5651383107580754,51.17016959567514
42075,6.412771570615393,52.838531124373525
42076,109.56370809917624,18.38967845414287
42077,0.7338109530235499,52.354485917780366
42078,1.8821806099695018,52.5333254407073
42079,115.62674280000002,-16.583399300000004
42080,0.9505819274491617,50.409392231168304
42081,-72.25905525887042,27.155471599098483
42082,116.0856393700199,6.040924640643482
42083,127.1696534621299,29.203520212562964
42084,3.924266540621893,52.85704480093248
42085,-75.55393311219446,38.60046360601302
42086,18.765560531451214,56.95979335129668
42087,-74.12350200214446,39.85144580454958
42088,3.3868809736889403,51.355371943049356
42089,10.166992840977118,41.528500981003106
42090,-0.5483732276868858,48.23872095525721
42091,-0.11243494516740067,48.393458214936665
42092,123.48850686547627,-6.920939639285711
42093,-121.0395472392535,40.6587520510175
42094,-122.1525067116566,46.142018236128834
42095,-10.879006903644402,38.9097953324717
42096,124.7309802287979,25.868770727006268
42097,-80.6369905980978,25.588602437336384
42098,-3.343965248571428,37.59338135683982
42099,11.930187921845077,38.040965452970475
42100,-78.36137277194457,34.22433213222164
42101,135.29656020987105,34.94709150088871
42102,27.269214619999985,-28.301966706666686
42103,2.6220790853377167,50.075969213738155
42104,3.0043762157515554,51.34986119373083
42105,10.86069091787485,53.94371974789423
42106,9.825433112408325,42.13450878269406
42107,128.8977271425828,30.1198143271345
42108,-0.748604743861527,50.57774526717898
42109,3.814079218148255,51.976080868058425
42110,12.917950837832464,56.66189846235604
42111,10.500939706641729,41.37341184326075
42112,-0.14080543095144346,50.85294140562556
42113,12.689504367070242,42.41506127757806
42114,1.6008097780389259,51.03214025111839
42115,3.2400040417965137,52.7128562581731
42116,18.12702785618121,57.17976849253433
42117,-52.318155658261986,36.48310738276848
42118,12.403931035216486,54.736304093162424
42119,137.79374560245938,34.87895842310277
42120,6.207516843775018,53.60772831167771
42121,12.494413039428956,54.95516120140374
42122,2.136313855252605,51.40140512765584
42123,23.667984154060328,37.49825706780692
42124,17.675709235066638,58.76891634514067
42125,10.130450646177467,57.378088702138065
42126,3.9536906325044527,51.99972478864607
42127,-4.393999565154506,41.03784950214384
42128,10.645977458904682,39.6956467814173
42129,9.083591536209926,54.99995918917011
42130,-2.7518586993132566,39.25735294178813
42131,22.568415214222036,59.00437802973183
42132,12.489344843032427,40.21391064178743
42133,-5.052275497556275,47.487390066295674
42134,5.039260315815829,52.16835562790966
42135,13.827006973471256,39.43974323867011
42136,-9.25672968189249,41.47885857421216
42137,32.940544321428575,-28.286728030357153
42138,-75.21376143367604,27.77340666959008
42139,4.355886832381387,52.1823196307196
42140,20.35790115379893,37.74671866984722
42141,16.784682816714945,56.325516014141215
42142,0.5767622142825265,51.17321840678512
42143,4.2434056481302385,52.42338370923982
42144,-3.0230350648617423,47.243917605498545
42145,-7.418796139365152,44.10143858137496
42146,12.837750063645597,55.284872672892945
42147,168.93067969195016,-37.92950651414399
42148,9.027060994906442,54.781105729375994
42149,-1.9960125873237429,48.66957923981945
42150,0.9555669441395483,50.97138634604873
42151,-16.73459725645408,39.67433250842178
42152,6.962565529395835,53.12640907231948
42153,1.366384239477294,50.43130005308508
42154,5.750524123150595,53.74902564587203
42155,-2.7090736796287036,43.67818929443602
42156,6.56147233667098,54.89812077747454
42157,8.339564204902512,54.188588905359374
42158,4.206962147512152,51.311380607206836
42159,3.855032542048048,52.67981833878099
42160,1.4104466416241903,51.61631928674767
42161,21.73436581666721,39.7046165578214
42162,-3.3142908485714275,37.67169359017315
42163,27.261722299999988,-28.30972610000002
42164,18.765560531451214,56.95979335129668
42165,-2.37957153822172,38.711677873976626
42166,-123.51925129021733,45.24716550000212
42167,134.35346401660658,36.860854683792994
42168,-121.09406393863081,40.68574412239113
42169,7.242874603217192,41.67559132962444
42170,1.3406198500000008,51.36065053333331
42171,15.030219444383901,55.59634462765822
42172,13.477783487029814,40.50776172350823
42173,4.386925307724424,52.235628065344336
42174,10.155437732643781,41.59037258100311
42175,12.556039724191951,55.091564392897126
42176,-75.55393311219446,38.60046360601302
42177,13.827006973471256,39.43974323867011
42178,150.63351754990393,-31.59166853614952
42179,135.2402818165377,34.93968052755537
42180,6.444316438462129,52.88293775954543
42181,109.56605944125957,18.387177239142872
42182,2.6249570918744154,51.19330018357544
42183,1.8821806099695018,52.5333254407073
42184,0.7338109530235499,52.354485917780366
42185,0.956979247449162,50.411968451168306
42186,116.08635843798058,6.04162691201416
42187,3.9241523949259216,52.8608871505562
42188,128.31182728918122,29.586204804229634
42189,-117.46522121047039,32.80556272153051
42190,-74.12211925333493,39.867574500382915
42191,3.3868809736889403,51.355371943049356
42192,123.42932114519259,22.556671643941204
42193,-15.419155915311316,28.146562515835125
42194,124.716529669707,25.76467286215778
42195,0.9839897895738696,37.2561981229364
42196,-10.881493277930115,38.91141334675742
42197,123.88681583214291,-6.934200939285711
42198,-80.72746769809781,25.64287357066972
42199,10.500958054621528,41.37529627103852
42200,12.871669874852218,56.60081875427922
42201,3.8013261956482562,51.974652018931444
42202,1.6052799780389262,51.03445085111839
42203,-75.30042852098539,27.71236454451849
42204,5.039260303315829,52.16835521957633
42205,-2.680320157112576,43.672963658427825
42206,168.75898899195016,-37.87615221414398
42207,111.99151740662818,-2.381127961301888
42208,0.9637105373293093,49.359662201834496
42209,-0.4030356363298091,49.55603667206767
42210,-93.94449638936331,29.86877541318984
42211,115.28668128515865,-30.971798442857118
42212,-47.40283035833335,-26.450896683333326
42213,106.77977911040958,20.835573550885005
42214,-109.3591160740881,25.345582952986497
42215,3.632647350048663,52.19022646773842
42216,16.869200882228704,54.23782299161017
42217,4.738128949862659,53.459287244016394
42218,127.9236860533137,36.589429386066236
42219,-0.49407090707182666,50.59074529528307
42220,-121.17256966924403,39.308053435464515
42221,-72.02970667139255,27.077002076834773
42222,3.005460808606385,50.76575105643848
42223,3.835789123768949,51.64151544716538
42224,116.38383549752389,-31.86696759268302
42225,115.62429090000002,-16.585711
42226,13.77693054154159,40.248191040582185
42227,4.18871255711881,52.62779934756967
42228,6.997666916699557,54.664509816609694
42229,0.33387326915510307,38.720432047743955
42230,-78.87735759880705,28.283528309473457
42231,-2.023167510639228,50.24409212513397
42232,17.377380720010628,40.25077039834808
42233,1.294302027535976,52.50502261071788
42234,122.72160696157314,28.810008698785605
42235,-9.187472546892488,41.724579024212154
42236,-3.1692239592381544,39.308913417934974
42237,152.31209549645865,-30.354351878945533
42238,54.77890830725897,25.118385112769776
42239,4.682739513554353,52.91719413391397
42240,137.81274748982764,34.84668030464919
42241,17.357272121224415,56.935760556235564
42242,-0.5482973059477554,48.23870979003981
42243,-0.11235902342827025,48.39344704971927
42244,3.9536906325044527,51.99972478864607
42245,18.22939114350415,57.20914804883936
42246,106.78970085035122,12.077922159593586
42247,21.74236826666721,39.71563580782141
42248,3.2726241816241,52.73408304478228
42249,2.140491498292898,51.40957673411605
42250,9.080017902281355,54.999522710003454
42251,-122.1525064149304,46.142018293866926
42252,5.377935997980781,53.783113062826196
42253,6.241777910231492,53.61693427521592
42254,2.6220790853377167,50.075969213738155
42255,-4.496503676756237,41.582884050455526
42256,23.662901465002616,37.498496931224565
42257,4.385478443492498,52.189402125164044
42258,-7.42704270603182,44.08553411470831
42259,9.027328419396953,54.7766106762691
42260,12.222801279056476,55.19254201330055
42261,20.350787025673416,37.74854785360747
42262,3.0053803282515554,51.353824427064154
42263,9.818586565429856,42.08546996857028
42264,-2.974220909477804,47.253658342831834
42265,0.9690385149728814,50.97319594756388
42266,26.428634216612018,37.36389708099729
42267,1.0000651046418558,39.69432497909658
42268,6.547266923594058,54.91770209652214
42269,12.776893624102913,55.31952356400605
42270,-16.670031706454076,39.80635850842178
42271,6.962565529395835,53.12640907231948
42272,2.0454130663186842,44.38696878103786
42273,-1.9974462484348539,48.669022845375004
42274,1.3198562568366012,50.41889307543356
42275,22.595904871203018,59.03333427289656
42276,5.382678966465611,53.27734349485556
42277,-0.1314748309514435,50.85651380562556
42278,1.4040307114654602,51.61510474865243
42279,11.963905879565205,54.414688595027975
42280,-0.7771866390258392,50.57052758894717
42281,8.37927700156918,54.14289558535934
42282,4.206961884734374,51.31138025498461
42283,16.658136299614533,56.2651977887639
42284,17.615895105899973,58.77627471597401
42285,10.86069091787485,53.94371974789423
42286,11.93763628758582,38.03757482148901
42287,10.650690897641523,39.69782747015414
42288,12.492480844814958,40.21290957583378
42289,6.434687059594877,52.673573500195864
42290,3.855032542048048,52.67981833878099
42291,-5.058483332404759,47.476399912507794
42292,10.130450646177467,57.378088702138065
42293,0.6001737484491931,51.1597243867851
42294,12.774847106368489,42.33465724968333
42295,-52.39788478683342,36.33578711133991
42296,4.226525870938076,52.376862156976884
42297,-78.36410226777792,34.22279479055498
42298,128.89872602137066,30.139345209962784
42299,32.94398989642857,-28.286348705357145
42300,27.266787119999982,-28.30481070666669
42301,0.33387326915510307,38.720432047743955
42302,134.3461302166066,36.858091283792994
42303,124.73226863637366,25.869101628824456
42304,-81.34619219809781,25.410774470669725
42305,111.99231810662815,-2.383768061301889
42306,0.9236054373293094,49.4371182018345
42307,3.8570444733624445,51.6450112043327
42308,-78.87866784826652,28.329109593257243
42309,-72.03060027139254,27.078717176834772
42310,4.382070191057757,52.23740996534434
42311,54.730979250481425,25.132912058978285
42312,5.37633912298078,53.78658571699286
42313,109.56533334125957,18.39153468914287
42314,6.444316438462129,52.88293775954543
42315,2.63388212707393,51.19781010699828
42316,1.8821806099695018,52.5333254407073
42317,0.7338109530235499,52.354485917780366
42318,-74.12211925333493,39.867574500382915
42319,128.62622343200172,29.920562372947575
42320,116.08635198798059,6.04161998201416
42321,0.9505819274491617,50.409392231168304
42322,-117.46289151047039,32.80624812153051
42323,3.9123011949259223,52.864465250556194
42324,3.3868809736889403,51.355371943049356
42325,10.151293732643783,41.58826181433645
42326,123.43166937852592,22.55883386060788
42327,-15.419162039706691,28.14656662880202
42328,0.9790512229072028,37.25920740626973
42329,124.71790586547624,-6.9890848392857094
42330,-10.879006903644402,38.9097953324717
42331,10.500957718510415,41.37529667103852
42332,1.599275978038926,51.032358651118386
42333,3.7945122289815885,51.97359353559811
42334,12.888770458185553,56.60149303594588
42335,5.039260211649162,52.16835539457632
42336,-75.2108845857473,27.77342174356609
42337,168.75816859195015,-37.87629501414398
42338,-2.680320157112576,43.672963658427825
42339,7.059808005836239,41.66086160986253
42340,1.294294027535976,52.50501477738455
42341,-0.3915658363298091,49.55789647206767
42342,143.95182298571416,-38.16869269880954
42343,6.99766578742592,54.664509686409545
42344,-75.55393311219446,38.60046360601302
42345,-47.40526305833336,-26.454670683333326
42346,-93.94449638936331,29.86877541318984
42347,115.27835808515863,-30.966796242857114
42348,3.6326476639375525,52.19022670176619
42349,106.77977961993338,20.835573812789768
42350,-109.3591160740881,25.345582952986497
42351,16.869201382228702,54.23782269161017
42352,14.968881248993807,55.57511012932094
42353,4.738128949862659,53.459287244016394
42354,-121.174660769244,39.31054983546453
42355,13.827006973471256,39.43974323867011
42356,127.9236860533137,36.589429386066236
42357,17.35728792122441,56.93668985623556
42358,-0.4737853004051598,50.59335892194973
42359,3.0862449787964783,52.09998041596846
42360,3.0470035167144944,50.80011403035152
42361,-4.485270011843958,41.60698797431517
42362,116.38566367609533,-31.86927151411159
42363,13.77693054154159,40.248191040582185
42364,4.18871255711881,52.62779934756967
42365,-16.670031706454076,39.80635850842178
42366,-2.023167510639228,50.24409212513397
42367,150.63485404990394,-31.59077633614952
42368,-3.1308943485714282,37.73716349017315
42369,17.43472592001063,40.29118699834808
42370,-3.2074905246227696,39.298465056396516
42371,4.226525870938076,52.376862156976884
42372,22.03891518108401,59.30002719211383
42373,-80.18645862020827,24.274699905381205
42374,135.1819468930042,34.93043721320064
42375,122.58841146157314,28.7188059987856
42376,152.31190849645864,-30.35224677894553
42377,1.2978175635032676,50.40744287638594
42378,1.425264633118619,54.097879915518035
42379,4.682739513554353,52.91719413391397
42380,-78.36160096777792,34.22493479055498
42381,-0.5482976059477553,48.23871019003982
42382,-0.11235932342827024,48.39344744971927
42383,106.7931186753512,12.078726184593586
42384,5.382678966465611,53.27734349485556
42385,21.734193701282592,39.70880342064192
42386,23.66664276969505,37.49091117858547
42387,3.0559424954676735,51.36960979794328
42388,26.428634216612018,37.36389708099729
42389,1.3770175916666676,51.35788558333332
42390,-7.418555206031819,44.0856855147083
42391,-9.178356996892488,41.69887004921216
42392,4.4715268768258305,52.021908750164044
42393,9.818586565429856,42.08546996857028
42394,0.9690387649728813,50.973196279382066
42395,6.434687059594877,52.673573500195864
42396,3.9534440648573934,52.00010349452843
42397,-1.9538618284010414,48.69181245092234
42398,11.885288444219322,54.38728743879323
42399,8.383630734902514,54.120417468692686
42400,-0.02591178488001491,50.9143846139589
42401,2.0399154663186843,44.35843188103785
42402,4.206962034734374,51.31138025498461
42403,2.6220790853377167,50.075969213738155
42404,1.3957193339775376,51.61805726333842
42405,18.22939114350415,57.20914804883936
42406,-122.15838315974291,46.15694911065434
42407,-0.7771866390258392,50.57052758894717
42408,12.558312908526398,55.095794130201476
42409,15.059663863324095,38.021968399859254
42410,16.711235399614534,56.2853709137639
42411,17.598042731657547,58.78654918036795
42412,10.130450646177467,57.378088702138065
42413,11.940725667585818,38.043336414822335
42414,12.770626573035154,42.335444336349994
42415,10.650690897641523,39.69782747015414
42416,22.601877171203018,59.03971557289657
42417,3.855032542048048,52.67981833878099
42418,-5.058483232404759,47.47640011250779
42419,115.62398260000002,-16.587210500000005
42420,10.86069091787485,53.94371974789423
42421,0.6058108484491931,51.1608544867851
42422,-52.39529628683342,36.33662439467324
42423,12.492480844814958,40.21290957583378
42424,137.8108578326848,34.843763797506334
42425,3.295002914481243,52.74960772763943
42426,32.93673442142857,-28.287041630357148
42427,20.35876064253616,37.746031545176095
42428,9.065500446359978,54.996349686489935
42429,12.221403979056477,55.19210341330056
42430,128.89594832137067,30.137901809962788
42431,12.778612184786674,55.32088863494622
42432,6.962565529395835,53.12640907231948
42433,6.241777910231492,53.61693427521592
42434,2.1899941975526263,51.44643862267221
42435,9.026122369396955,54.7733991762691
42436,-2.974220909477804,47.253658342831834
42437,1.0000651046418558,39.69432487909658
42438,6.531280644632654,54.92943868896117
42439,-3.1308943485714282,37.73716349017315
42440,13.474512831474257,40.50680366350823
42441,3.8570444733624445,51.6450112043327
42442,13.827006973471256,39.43974323867011
42443,7.0501715058362375,41.66012170986253
42444,3.0984205677335996,52.117562480863945
42445,-12.412103302379371,34.174352544797415
42446,-15.4191621245107,28.146564236904172
42447,137.8082785612562,34.84239539750634
42448,1.8821806099695018,52.5333254407073
42449,124.73344733637364,25.869634608824455
42450,-72.03006610472588,27.079361993501433
42451,125.43696002509833,27.965521925200697
42452,-47.39949798333335,-26.45013885
42453,106.77977939252474,20.835573112623653
42454,-2.025043210639228,50.24375112513397
42455,150.63369684990394,-31.59042113614951
42456,17.43030452001063,40.29030049834808
42457,122.58843011157315,28.718912098785598
42458,54.730979250481425,25.132912558978283
42459,4.379683891057757,52.23697556534434
42460,152.31127899645864,-30.34236837894553
42461,4.682739513554353,52.91719413391397
42462,105.76144626739726,10.425483802888582
42463,26.428634216612018,37.36389708099729
42464,5.375667531405688,53.78564184483169
42465,6.434687059594877,52.673573500195864
42466,2.6780907596433168,51.22078916432538
42467,109.56260266792626,18.393186429142872
42468,6.444316438462129,52.88293775954543
42469,128.54841041212987,29.934025651024495
42470,0.7338109530235499,52.354485917780366
42471,116.08634069512345,6.041641167728446
42472,0.9461109774491618,50.4077749811683
42473,17.34527762122442,56.94156095623556
42474,10.146030882643785,41.57951758933644
42475,3.9100959949259226,52.8642030505562
42476,-74.12211925333493,39.867574500382915
42477,3.3868809736889403,51.355371943049356
42478,-117.46481944380372,32.80638395486385
42479,-7.530826906031819,44.0732073147083
42480,123.43143616185924,22.557051460607873
42481,125.11562366547626,-7.084696339285711
42482,0.9236054373293094,49.4371182018345
42483,0.9804767058617485,37.26071793909802
42484,-10.879006903644402,38.9097953324717
42485,-81.3569242980978,25.40426567066973
42486,1.294291227535976,52.505023977384546
42487,134.9901363260955,34.931679724958464
42488,-121.09416687386889,40.685422045248266
42489,3.794512758148256,51.97359412805842
42490,12.895531836756982,56.687985493088746
42491,10.500940060177083,41.37341175437186
42492,5.029996525046991,52.172852231886516
42493,1.57060068126696,51.030732672380154
42494,-75.22587069146158,27.773175514042283
42495,6.997664066515832,54.66451158857279
42496,168.97349629195014,-37.92255601414398
42497,-2.680320157112576,43.672963658427825
42498,111.99030400662815,-2.381406561301888
42499,163.30085858325094,-35.27615436306624
42500,-0.3950133363298092,49.55923967206766
42501,-93.94449638936331,29.86877541318984
42502,115.27726538515863,-30.96709694285712
42503,-109.35793816408814,25.346903130923007
42504,3.632647519599434,52.19022683573749
42505,16.643419288859526,54.2206291373987
42506,4.738128949862659,53.459287244016394
42507,3.2969472894812437,52.7514730943061
42508,-3.20913792462277,39.30066145639651
42509,-0.4772216498099216,50.58826987075926
42510,127.9236860533137,36.589429386066236
42511,-121.20603486352971,39.42305756403595
42512,-122.15838310021911,46.156949265416245
42513,10.650690897641523,39.69782747015414
42514,3.0470030125290304,50.80011307705579
42515,-0.5482976059477553,48.23871019003982
42516,-0.11235932342827024,48.39344744971927
42517,-16.73459725645408,39.67433250842178
42518,18.22939114350415,57.20914804883936
42519,11.740217935456537,54.333720270437425
42520,22.034559881084014,59.295549542113825
42521,116.38411110585729,-31.867742734349694
42522,4.18871255711881,52.62779934756967
42523,16.731078941967475,56.291427339646255
42524,115.62674280000002,-16.583399300000004
42525,-80.5066208202083,24.616273605381206
42526,-78.87859898159985,28.33316189325724
42527,9.818586565429856,42.08546996857028
42528,6.337711128180209,53.65037846752361
42529,13.77711474154159,40.249194340582186
42530,-4.483227011843958,41.61012837431517
42531,23.670092517440864,37.47472980514265
42532,9.06897514278855,54.9968397781566
42533,12.224059279056476,55.18942641330056
42534,143.92020728571418,-38.18211679880953
42535,5.382678966465611,53.27734349485556
42536,3.0559424954676735,51.36960979794328
42537,-1.9616602766570446,48.720577069937775
42538,12.778884824786674,55.32181129494622
42539,8.382869078235847,54.119257340359354
42540,-9.178185571892488,41.698413624212165
42541,4.4692256601591644,52.02128502516404
42542,12.558312908526398,55.095794130201476
42543,1.4218616775630628,54.095869290518024
42544,1.3957193339775376,51.61805726333842
42545,3.9534440648573934,52.00010349452843
42546,-75.55393311219446,38.60046360601302
42547,21.735422901282597,39.70886792064192
42548,15.057160463324092,38.01747999985924
42549,2.6220790853377167,50.075969213738155
42550,10.86069091787485,53.94371974789423
42551,12.056139781674121,41.64292463910846
42552,22.59082407120302,59.03212567289657
42553,0.9480562367120118,50.96638039677337
42554,4.206962297512153,51.311380607206836
42555,1.3854553916666672,51.3592556833333
42556,32.940544321428575,-28.286728030357153
42557,0.29060174916760423,51.06388832300652
42558,20.35790117542055,37.746718772549926
42559,-5.05939623240476,47.47618406250779
42560,10.130450646177467,57.378088702138065
42561,0.6271196136502781,51.18066569561899
42562,11.949445275919151,38.03318486482233
42563,4.226378141526312,52.37782026138865
42564,12.49317154481496,40.211925675833776
42565,-0.7771866390258392,50.57052758894717
42566,2.1899941975526263,51.44643862267221
42567,9.02468158062073,54.77656388294742
42568,12.773499173035155,42.33601453634999
42569,-52.39436325826198,36.33808296610181
42570,-78.36137067194458,34.224334832221636
42571,-3.0615023644561603,47.24879392811321
42572,6.962565529395835,53.12640907231948
42573,2.021954649652018,44.355111347704515
42574,1.2692263892572357,50.39199690015579
42575,128.89634922137066,30.136518809962787
42576,1.0048155046418559,39.69462537909657
42577,6.512003036299319,54.938825935607525
42578,3.855032542048048,52.67981833878099
42579,17.581603694157547,58.79458674286794
42580,18.311160430753972,57.3482451886905
42581,125.43666342509832,27.96480212520069
42582,0.33113731201224605,38.71686863345823
42583,-78.87938709826652,28.330447993257245
42584,-78.36410252611125,34.22279450722164
42585,1.7219693348413727,40.32707592610248
42586,9.817933736882678,42.081049512051976
42587,-123.50085746548307,45.25409153289319
42588,111.46351066662815,-2.263736381301889
42589,-47.40418389642859,-26.451560178571423
42590,4.738128949862659,53.459287244016394
42591,-2.82190642359473,39.903648817456464
42592,12.056139781674121,41.64292463910846
42593,150.62380224990392,-31.591794236149518
42594,54.72259020801016,25.13572697159897
42595,105.78014754408645,10.43591485457777
42596,124.71232007804032,25.77117176715778
42597,1.395239434096537,50.987647602612014
42598,13.433801197029812,40.514723948508234
42599,-2.6789061371125755,43.67255059176116
42600,-72.02970667139255,27.077002076834773
42601,-3.0607911856682812,47.249125552355636
42602,6.105859853122658,40.97065912717948
42603,-121.19789631924401,39.30546003546452
42604,127.92368560331369,36.58943171106623
42605,-0.5224031375876994,50.58150873242593
42606,3.005677508606386,50.76541215643849
42607,134.97989799893762,34.93042188768197
42608,116.38687518681547,-31.87140761181234
42609,7.069769536550525,41.66408755879111
42610,-4.489842003421498,41.764113185257685
42611,13.776972678721076,40.248029625197574
42612,4.198802678392915,52.59492835645626
42613,6.997666517869147,54.66451031239917
42614,-2.023167510639228,50.24409212513397
42615,17.489087626888395,40.29750786301113
42616,4.473736507724424,52.26745422784434
42617,122.72264126157316,28.81056139878561
42618,152.3402174637434,-30.275616914622642
42619,163.30086020131606,-35.27615088876312
42620,4.682739513554353,52.91719413391397
42621,26.428634216612018,37.36389708099729
42622,5.371933852771754,53.78417938513475
42623,6.434686546569667,52.67357365621828
42624,13.787034293056351,39.30712955771726
42625,109.56474924125958,18.390832539142874
42626,2.6780907596433168,51.22078916432538
42627,6.444316438462129,52.88293775954543
42628,1.8821806099695018,52.5333254407073
42629,-9.186421746892488,41.68980259087883
42630,0.9566595474491619,50.4114188511683
42631,128.5437418308479,29.828026329229623
42632,0.7737115363568833,52.35994023444704
42633,116.08635999992786,6.041617959930826
42634,-117.57162142281524,32.814834886342915
42635,3.9154135084010995,52.861313683534924
42636,10.156563035977117,41.58848871933644
42637,-74.11896608889184,39.857684143100165
42638,3.3868809736889403,51.355371943049356
42639,1.2943019384055412,52.505021433761364
42640,-15.419153311187637,28.14656254789406
42641,123.47381244424021,22.574174537750732
42642,0.9795069395738697,37.259143272936406
42643,0.9637105373293093,49.359662201834496
42644,9.025462672730285,54.7723081862691
42645,-10.881493277930115,38.91141334675742
42646,125.58731993214288,-7.368581939285708
42647,26.960484939754576,38.65354958133885
42648,-81.49308989809782,25.467880170669726
42649,3.803657970648256,51.97505598559811
42650,10.500958054621528,41.37529627103852
42651,12.848369657233173,56.60120379189828
42652,1.1507434116213984,39.70647349943352
42653,5.003395020759837,52.18577344039208
42654,-75.3006191209854,27.71210584451849
42655,168.75898899195016,-37.87615221414398
42656,21.748597315775342,39.71938426484483
42657,10.650690897641523,39.69782747015414
42658,-16.670031706454076,39.80635850842178
42659,-0.4329518363298091,49.77545237206767
42660,0.9120273108978003,50.95440345710914
42661,0.56053243754062,51.20379258074461
42662,4.214839884687261,52.34551683967979
42663,11.958906476474706,38.033097999266786
42664,-2.378525998676265,38.71035298518658
42665,115.27709198515863,-30.966109742857114
42666,-93.94449644414107,29.868775937641853
42667,15.032727285744823,55.59421664465708
42668,3.6326475643343774,52.190226505833664
42669,17.296972604557748,56.91926181623557
42670,5.382678966465611,53.27734349485556
42671,-7.525568106031821,44.07656401470829
42672,4.206962134734374,51.31138000498461
42673,-0.7771866390258392,50.57052758894717
42674,10.130450646177467,57.378088702138065
42675,4.587430770308108,52.91198483390378
42676,106.77978118335035,20.8355730873529
42677,22.622116831203016,59.06017537289656
42678,-109.36500295887073,25.33227801385606
42679,3.2090690169636713,52.899243326220756
42680,-77.39948308967736,36.215853266591424
42681,115.62429090000002,-16.585711
42682,10.86069091787485,53.94371974789423
42683,-80.22448776106263,24.235936170388204
42684,12.781077743868488,42.334341749683325
42685,-52.39447430016675,36.33832784133991
42686,12.493726167314957,40.21783505833378
42687,16.869200882228704,54.23782299161017
42688,32.942862421428565,-28.28797515535715
42689,-0.5592988276868859,48.15815445525721
42690,-0.12336054516740068,48.31289171493666
42691,6.337711128180209,53.65037846752361
42692,-5.058483332404759,47.476399912507794
42693,2.2365172951200756,51.47006322858186
42694,22.04467629219512,59.30643652544716
42695,20.350787025673416,37.74854785360747
42696,23.668353358427954,37.478530106611395
42697,143.95277288571415,-38.16619869880954
42698,-1.9616602766570446,48.720577069937775
42699,1.235975789257236,50.375145428489134
42700,6.962565529395835,53.12640907231948
42701,2.1297936235214805,44.36201196761128
42702,15.062960496657428,38.021808641525915
42703,1.3944345916666672,51.36049338333331
42704,-75.55393311219446,38.60046360601302
42705,18.55752194386206,57.339858764515974
42706,9.062148146359979,54.99421040648994
42707,11.153038011173182,54.10152693667506
42708,12.239822779056476,55.19423751330057
42709,12.56358207807073,55.10963987635654
42710,2.622079192068486,50.075969211392575
42711,1.43281014204719,54.10033773158944
42712,3.9534440648573934,52.00010349452843
42713,128.89934152137064,30.139562209962783
42714,-122.12416054518832,46.04444945357012
42715,6.506219564293826,54.94756918465515
42716,8.413102044902512,54.09446558702602
42717,3.855032542048048,52.67981833878099
42718,17.471288301419452,58.84683183227269
42719,3.099284763812662,51.385593711818565
42720,1.368759666280351,51.62409108825185
42721,4.513434142103609,52.01100013488626
42722,16.24360331987309,56.03587641674064
42723,0.6261945469836114,51.17202719561899
42724,12.779963494199444,55.345271057574344
42725,9.817933736882678,42.081049512051976
42726,6.104324253122659,40.97038132717948
42727,27.266787119999982,-28.30481070666669
42728,1.4503687238499248,51.764702159183514
42729,13.427259208140923,40.512449921841565
42730,54.63324706906642,25.15105047805899
42731,-0.5592991276868858,48.15815485525721
42732,-0.12336084516740067,48.312892114936666
42733,-15.4191537980127,28.146558442428756
42734,0.9449412249106334,49.43572279733229
42735,110.93763618166466,1.2248095647946013
42736,134.35584731660663,36.859593783792995
42737,-121.09416568220223,40.68542304274827
42738,3.9091071449259216,52.8620310505562
42739,-122.12345032870951,46.060242071604925
42740,1.5972115957830895,51.02808347076725
42741,-0.4484272363298092,49.881834472067666
42742,-93.94449644414107,29.868775937641853
42743,-47.9956666964286,-25.76337767857142
42744,115.27835808515863,-30.966796242857114
42745,3.6326478782232665,52.19022673986144
42746,106.77978114793368,20.835572543900522
42747,-109.36500295887073,25.33227801385606
42748,16.869201382228702,54.23782269161017
42749,4.738128949862659,53.459287244016394
42750,3.099284763812662,51.385593711818565
42751,-121.19882031924402,39.305493235464525
42752,-0.5658282333304531,50.58063814522786
42753,127.9236860533137,36.589429386066236
42754,3.0470035167144944,50.80011403035152
42755,116.3856952094345,-31.869259939193295
42756,-4.548174019135785,42.294849928114814
42757,13.821468653282482,40.185254546250206
42758,4.18871255711881,52.62779934756967
42759,163.30069055542984,-35.27597753236452
42760,-2.023167510639228,50.24409212513397
42761,125.43696002509833,27.965521925200697
42762,17.539782768555064,40.329913929677794
42763,-80.16607707272928,24.28013056872154
42764,122.58841146157314,28.7188059987856
42765,152.3633354637434,-30.199227814622645
42766,-72.0849044212171,26.9985227887646
42767,15.05612439665743,38.02387576652592
42768,3.355917180051151,39.226371846385284
42769,4.706955185588836,52.92585579683926
42770,106.05906455149893,9.49217289338053
42771,-0.7771866390258392,50.57052758894717
42772,26.428634216612018,37.36389708099729
42773,6.434687059594877,52.673573500195864
42774,5.372935144647448,53.782865542826194
42775,109.56531204011578,18.39153920777032
42776,2.6780907596433168,51.22078916432538
42777,6.444316438462129,52.88293775954543
42778,6.997665006314808,54.664509949742886
42779,1.8821806099695018,52.5333254407073
42780,-9.17953429689249,41.67243411587883
42781,0.9449830774491619,50.407601381168305
42782,116.08634594040409,6.041615373978446
42783,128.5493645320017,29.933907472947578
42784,0.7737115363568833,52.35994023444704
42785,-117.57399742281522,32.814284294676256
42786,-74.12211925333493,39.867574500382915
42787,10.152419035977116,41.58637795266977
42788,3.3868809736889403,51.355371943049356
42789,123.47669189424022,22.57512140208407
42790,0.9828895266950818,37.25817492659802
42791,0.3732888490132589,38.723754628559554
42792,125.11879375131585,-7.027930180263154
42793,-10.879006903644402,38.9097953324717
42794,124.73225953637366,25.869099828824456
42795,10.650690897641523,39.69782747015414
42796,26.917732308378792,38.65935293424766
42797,-81.34699432174313,25.407275660324895
42798,-16.670031706454076,39.80635850842178
42799,115.62398290000002,-16.587210600000002
42800,1.294294027535976,52.50501477738455
42801,21.737843065775348,39.71104356484482
42802,13.787034293056351,39.30712955771726
42803,15.023324851975335,55.59035379292747
42804,12.844862327860875,56.577120050621225
42805,10.500957718510415,41.37529667103852
42806,2.2496285651483405,51.480789950161636
42807,17.155465071224413,56.885132616235566
42808,5.382678966465611,53.27734349485556
42809,3.3131750136479097,52.75173334708387
42810,150.62937384990394,-31.592162736149522
42811,3.7933841289815886,51.973419835598115
42812,143.95479238571417,-38.16820779880953
42813,-75.55480482123467,38.489086955544934
42814,6.438700581045286,53.67965744700289
42815,23.666559060787403,37.47419824886133
42816,17.470767701419447,58.8496162322727
42817,12.279417404056474,55.19720636330056
42818,6.459138957608844,54.96995500071576
42819,4.975817441858251,52.19865657479421
42820,9.059551506359979,54.99550816648994
42821,-75.23568023574728,27.77297214356609
42822,4.5147047171036085,52.01138737238625
42823,1.404534916666667,51.36194273333331
42824,12.493726167314957,40.21783505833378
42825,-7.51951410603182,44.0752500147083
42826,4.188123688835786,52.323657559581996
42827,22.04300458108401,59.30427109211383
42828,20.35876064253616,37.746031545176095
42829,3.855032542048048,52.67981833878099
42830,168.75815969195014,-37.87629591414398
42831,9.026122369396955,54.7733991762691
42832,-1.9616602766570446,48.720577069937775
42833,1.2180262856858075,50.371119695155805
42834,-3.0602294856682812,47.249478052355634
42835,1.246053605569811,39.7058894600982
42836,7.063878839169572,41.66292077236253
42837,12.781069046988469,55.345877818865404
42838,6.962565529395835,53.12640907231948
42839,1.685695823521481,44.437111467611274
42840,4.546564338308108,52.87040135790377
42841,11.150003070165713,54.100115336362116
42842,-77.39948308967736,36.215853266591424
42843,4.2069614347343744,51.31138040498462
42844,2.622079192068486,50.075969211392575
42845,11.984500084252483,38.018487231489004
42846,18.882009113072108,57.47993839689618
42847,0.9423287985708945,50.97616251678069
42848,-2.6789061371125755,43.67255059176116
42849,128.89797582137066,30.138636009962788
42850,8.422840402045368,54.08560387988317
42851,0.57374861754062,51.211201080744615
42852,12.566293031635949,55.11438176366089
42853,1.434239387880524,54.100812627422776
42854,16.285317801222295,56.05042893417391
42855,10.130450646177467,57.378088702138065
42856,1.3607814329470176,51.626626316897685
42857,3.9534440648573934,52.00010349452843
42858,-52.392131536833425,36.33683353467324
42859,-5.058483232404759,47.47640011250779
42860,10.86069091787485,53.94371974789423
42861,0.6363326651654295,51.173148474406865
42862,12.056139781674121,41.64292463910846
42863,12.770859573035155,42.336063936349994
42864,134.91742524533163,34.925460856890005
42865,22.619197731203016,59.05839477289656
42866,32.93484042142857,-28.288743430357147
42867,110.93763618166466,1.2248095647946013
42868,3.355917180051151,39.226371846385284
42869,-3.735511010938705,40.325888311410324
42870,4.483527404946646,52.257008701257035
42871,54.58300490164392,25.19652731134468
42872,125.439684191765,27.967155925200696
42873,-15.419153260266917,28.14656119642785
42874,-80.1618326727293,24.278990368721544
42875,-2.8229448235947308,39.90574151745646
42876,13.821652853282483,40.1862578462502
42877,150.62821664990395,-31.59180753614951
42878,0.37055289187040186,38.72019121427384
42879,1.598728995783089,51.028017570767254
42880,17.145174671224417,56.890161916235556
42881,4.717178278172738,53.45796931521019
42882,1.8821806099695018,52.5333254407073
42883,3.3868809736889403,51.355371943049356
42884,26.922408981519744,38.656361681972406
42885,123.47645927757353,22.573338302084068
42886,0.9794705118141295,37.2614565748123
42887,125.10905895131586,-7.085986980263155
42888,-10.879006903644402,38.9097953324717
42889,124.73344733637364,25.869634608824455
42890,-81.35604472174312,25.400631760324895
42891,-16.73459725645408,39.67433250842178
42892,10.500940060177083,41.37341175437186
42893,3.793384658148255,51.973420428058425
42894,12.841837027860876,56.63606342562122
42895,4.951214719161542,52.21019621536122
42896,-75.22753279146158,27.77315931404228
42897,168.97349629195014,-37.92255601414398
42898,-2.6789061371125755,43.67255059176116
42899,-0.42727257547418046,49.90377539269034
42900,134.35696261660664,36.86112378379299
42901,115.27726538515863,-30.96709694285712
42902,-93.94419448151217,29.868374333619155
42903,-47.9899016214286,-25.75884584523809
42904,106.7797812279337,20.835572443900517
42905,-109.36382504887074,25.33359819179257
42906,3.632647733885148,52.190226873832735
42907,16.643419288859526,54.2206291373987
42908,3.099284763812662,51.385593711818565
42909,-121.29501531352972,39.56190621403595
42910,127.9236860533137,36.589429386066236
42911,-0.6084396749264982,50.55980157715885
42912,15.022707847218156,55.589728029515555
42913,3.047003364909983,50.80011326753198
42914,-4.556997209135785,42.70092537811482
42915,116.38414253919646,-31.867730959431398
42916,4.18871255711881,52.62779934756967
42917,-2.025043210639228,50.24375112513397
42918,13.428053908140926,40.511568921841565
42919,17.535361368555062,40.329027429677794
42920,0.6403537318320961,51.17987187440687
42921,-121.0395475738689,40.65875204524827
42922,163.3007227290518,-35.276006886248055
42923,6.997663778738055,54.66451119246169
42924,122.58843011157315,28.718912098785598
42925,-0.7771866390258392,50.57052758894717
42926,1.3922791166666668,51.35994653333329
42927,4.706955185588836,52.92585579683926
42928,152.3624400637434,-30.191085214622646
42929,13.787034293056351,39.30712955771726
42930,105.71080985889064,8.684907257781552
42931,1.5040527476630094,39.71918435542448
42932,1.294291227535976,52.505023977384546
42933,3.855032542048048,52.67981833878099
42934,26.428634216612018,37.36389708099729
42935,5.3722104064056895,53.783818257331696
42936,10.130450646177467,57.378088702138065
42937,6.434687059594877,52.673573500195864
42938,12.056139781674121,41.64292463910846
42939,2.6780907596433168,51.22078916432538
42940,109.5626027063658,18.393185722770326
42941,6.444316438462129,52.88293775954543
42942,4.544755388308108,52.868635807903786
42943,-75.55480482123467,38.489086955544934
42944,-9.17880317189249,41.67801769087883
42945,3.903890218002845,52.8636322582485
42946,115.62674270000001,-16.583399300000004
42947,-74.12211925333493,39.867574500382915
42948,0.7737115363568833,52.35994023444704
42949,116.08633919040408,6.041636573978446
42950,17.470208763919445,58.8488745947727
42951,0.942369127449162,50.4051113311683
42952,128.5460488121299,29.933160201024492
42953,6.3910662506539575,54.943934789080416
42954,-117.57595315823191,32.81438843092626
42955,-72.0713301212171,26.967367738764594
42956,4.510932600436942,52.01098444738626
42957,2.622079192068486,50.075969211392575
42958,1.4362088323249682,54.10094500242277
42959,1.3447583972984534,51.63082845345221
42960,3.9534440648573934,52.00010349452843
42961,12.783097487671697,55.34481142542856
42962,8.416711125378702,54.0860615132165
42963,4.206962130845485,51.3113805238735
42964,22.614203104637358,59.053018827543035
42965,-77.39948308967736,36.215853266591424
42966,16.301956854130793,56.05478923783402
42967,10.86069091787485,53.94371974789423
42968,10.650690897641523,39.69782747015414
42969,0.95224220412645,50.98406275011402
42970,11.131209245577889,54.09148527193177
42971,-7.5178829060318195,44.073664214708295
42972,20.35790117542055,37.746718772549926
42973,-5.065320565738093,47.48662329584113
42974,11.992668642585818,38.01902838148901
42975,12.772785673035155,42.33676123634999
42976,-52.39119870826199,36.33829240610181
42977,4.159504955717506,52.304946533936835
42978,12.277955404056474,55.195829163300566
42979,0.56879211754062,51.21061628074462
42980,10.148989035977117,41.57617620266978
42981,22.040251581084018,59.300419742113824
42982,15.052521696657427,38.01906126652592
42983,9.02468158062073,54.77656388294742
42984,143.9231766857142,-38.181631898809535
42985,1.199801599574696,50.359226505989135
42986,12.494416867314959,40.21685115833378
42987,-3.0615023644561603,47.24879392811321
42988,5.247987249455283,53.111880041032535
42989,6.989507722502904,41.66185132499411
42990,32.93976312142857,-28.288124730357154
42991,6.962565529395835,53.12640907231948
42992,-0.5592991276868858,48.15815485525721
42993,-0.12336084516740067,48.312892114936666
42994,6.534510976878621,53.71321908033623
42995,1.6677350068548145,44.43379093427794
42996,2.24795631996357,51.48001908426018
42997,-1.9616602766570446,48.720577069937775
42998,134.99605217757045,34.919215859526815
42999,19.792896370606837,57.859965790575245
43000,9.036776902788551,54.9897074581566
43001,3.3368572115426467,52.754607596118966
43002,12.570415606635947,55.12258438866088
43003,23.66528730733088,37.469068703575964
43004,128.90097942137064,30.138230509962785
43005,21.73907226577535,39.71110806484482
43006,18.418750157539684,57.46127541428573
43007,-16.670031706454076,39.80635850842178
43008,13.436720663696478,40.516737990174896
43009,5.776029804888983,52.635509310939824
43010,-80.22455422808702,24.239796828339426
43011,4.15317305003446,51.77671604899931
43012,6.444316438462129,52.88293775954543
43013,0.36508523401325904,38.716004398559555
43014,-2.6953379228268615,43.67312983203893
43015,-123.45794233493642,45.14574128188464
43016,-72.07424748788375,26.974324722097933
43017,-47.993600696428594,-25.75906107857142
43018,150.60842224990392,-31.595704436149518
43019,4.198802678392915,52.59492835645626
43020,122.72264126157316,28.81056139878561
43021,4.490590421613312,52.254875001257034
43022,152.3432226138028,-30.253777277605412
43023,54.58300560164391,25.19652931134468
43024,4.706955185588836,52.92585579683926
43025,-0.813203447131217,50.56227035859041
43026,106.49081416770086,8.849589574340312
43027,26.428634216612018,37.36389708099729
43028,6.434686546569667,52.67357365621828
43029,5.370118359914611,53.78315397561093
43030,2.6780907596433168,51.22078916432538
43031,0.7737115363568833,52.35994023444704
43032,109.56384454844913,18.389836907770324
43033,-9.18649144689249,41.685413190878826
43034,1.8821806099695018,52.5333254407073
43035,3.9046152584011002,52.86733978853493
43036,0.9531230141158286,50.40931791783497
43037,116.08635195740464,6.041581520316524
43038,-117.86580264808758,32.79810798186087
43039,128.54374195227646,29.82802655780106
43040,-74.11896608889184,39.857684143100165
43041,10.158947985977115,41.58510566933644
43042,3.3868809736889403,51.355371943049356
43043,123.47297434009879,22.569476165215377
43044,17.121011774361847,56.84142964534348
43045,-15.419154364866372,28.146560324484216
43046,125.5854142513158,-7.368647180263152
43047,-10.881493277930115,38.91141334675742
43048,0.9772924955262505,37.262276758650685
43049,-81.48330003974536,25.468323578879186
43050,124.71231897804033,25.77116446715778
43051,1.6160045662609446,51.033944815072616
43052,3.8036581706482564,51.97505588559811
43053,12.75661175267959,56.54939296886515
43054,6.992962108772749,41.69368140031157
43055,-75.30228122098539,27.712089644518493
43056,4.951212712092929,52.21019051856661
43057,168.75898899195016,-37.87615221414398
43058,3.855032542048048,52.67981833878099
43059,111.22873165666469,5.636067039794601
43060,-0.4240060754741806,49.90116889269035
43061,4.578923990530329,52.85606461845933
43062,115.27720008515864,-30.965517842857118
43063,-93.94398024768316,29.868198838580103
43064,1.449300216666667,51.36819353333331
43065,3.6326475643343774,52.190226505833664
43066,106.77978170152177,20.835572706937487
43067,-109.51189520984826,25.17948676976243
43068,16.869200882228704,54.23782299161017
43069,4.717178278172738,53.45796931521019
43070,3.1099012638126617,51.39321904515189
43071,-121.2626529859107,39.44791943546453
43072,-3.0397424095038215,39.8568057305848
43073,127.9166579009921,36.590809940141966
43074,6.997659821425045,54.6645076888224
43075,5.247987249455283,53.111880041032535
43076,-0.6367951221884031,50.552961400373135
43077,0.6980283701409624,48.192287767098776
43078,3.005677508606386,50.76541215643849
43079,-1.9616602766570446,48.720577069937775
43080,13.781679507350919,39.29103808748599
43081,0.6560646651654296,51.17185496607353
43082,116.3868817641964,-31.87140350943139
43083,0.9850463249106335,49.35826679733229
43084,-0.5592988276868859,48.15815445525721
43085,-0.12336054516740068,48.31289171493666
43086,13.812192653282482,40.156314624027985
43087,-4.6057722734215,42.788745007638624
43088,1.294301877535976,52.50502226071788
43089,-2.023167510639228,50.24409212513397
43090,22.118176631456457,58.830352559150604
43091,4.566296989750668,52.00992467488627
43092,18.786450949687932,56.77753179955688
43093,10.650690897641523,39.69782747015414
43094,20.350787034422318,37.748547753869936
43095,134.95636763549902,34.910269490365415
43096,1.7423884235214806,44.43921371761128
43097,2.2710451894650365,51.496555750421784
43098,-121.10114361363081,40.69292005989112
43099,23.665433696804556,37.47008733831281
43100,115.62429090000002,-16.5857112
43101,6.357168145672273,54.96434659241376
43102,0.604042324366841,51.89198465484455
43103,6.534510976878621,53.71321908033623
43104,10.86069091787485,53.94371974789423
43105,12.774133606368489,42.33540394968333
43106,-5.071706305593165,47.475102450551276
43107,8.71087199646131,54.81821412734044
43108,4.160944682384173,52.30880157893684
43109,12.536781873918628,40.17008535467412
43110,6.962565529395835,53.12640907231948
43111,22.041702892195122,59.31000812544717
43112,26.916269531519745,38.65763298197241
43113,9.026330372730285,54.771499186269104
43114,143.99829398571418,-38.18206919880953
43115,-3.0680326856682814,47.24961345235563
43116,10.99126531886516,54.03022519384159
43117,128.91703662137067,30.145927309962786
43118,12.567704653070729,55.117842501356535
43119,14.968765246657428,38.03833606652591
43120,-75.55480482123467,38.489086955544934
43121,134.3524219166066,36.860265283793
43122,1.1461399745746963,50.34299825170342
43123,0.9644693825298114,50.98903706283365
43124,12.267033254056475,55.1970620966339
43125,21.748597315775342,39.71938426484483
43126,1.9807988944550359,39.715163378215465
43127,12.779963494199444,55.345271057574344
43128,4.206962068067708,51.31138003831795
43129,2.622079192068486,50.075969211392575
43130,1.4164012420471903,54.092766831589444
43131,10.130450646177467,57.378088702138065
43132,1.3306641830127393,51.63170322488079
43133,3.9534440648573934,52.00010349452843
43134,17.49234818971307,40.3001304659332
43135,8.422569718712035,54.088225196549836
43136,0.5892920625622651,51.22796195022513
43137,163.30070953087204,-35.27599236662195
43138,16.175414234221886,55.98221526926198
43139,17.45745101475278,58.85587130560603
43140,12.003134485178412,38.023489496303824
43141,12.034363170215789,41.652562471400124
43142,10.557797784561053,41.341795724547936
43143,15.000757828937523,55.57844175599835
43144,-77.39948308967736,36.215853266591424
43145,32.94193122142856,-28.28976145535715
43146,-52.39130955016675,36.33853698133991
43147,22.622741631203017,59.06068277289656
43148,-7.5216985060318216,44.0465249147083
43149,3.38302291972271,52.8728302144158
43150,4.486547604946646,52.256807801257025
43151,54.629214612610625,25.183032841092995
43152,27.266949219999983,-28.303656406666686
43153,-3.7339028109387042,40.327474111410325
43154,0.36508523401325904,38.716004398559555
43155,9.027328419396953,54.7766106762691
43156,0.6815059013335626,51.17880071405333
43157,13.430178674807589,40.514463963508234
43158,2.087611308632567,39.71604677025326
43159,1.8821806099695018,52.5333254407073
43160,-15.41915744481399,28.14656048046995
43161,-2.6953379228268615,43.67312983203893
43162,111.23349075666471,5.633189039794603
43163,5.947498973111003,41.016989313368306
43164,4.153173253041979,51.776715959525625
43165,2.6877099571691723,51.22955922147431
43166,-9.16930709689249,41.617196315878836
43167,3.8973640449259217,52.86938354722286
43168,-123.42422225576975,45.147665126051294
43169,124.73224770455546,25.86906343791536
43170,-81.50470033975368,23.572182726672754
43171,115.62398250000003,-16.5872108
43172,-121.10124508220224,40.69259884274827
43173,-72.07514108788375,26.976039822097928
43174,6.987071411391794,41.69251461388299
43175,-2.023167510639228,50.24409212513397
43176,150.61165264990393,-31.59666243614952
43177,12.769913073035154,42.336191036349994
43178,17.54300663137974,40.33249553259987
43179,17.110849641028516,56.85926134534347
43180,122.58841146157314,28.7188059987856
43181,2.9848258434461736,52.09219968204451
43182,152.2930636058167,-30.366287916147076
43183,4.706955185588836,52.92585579683926
43184,106.49030585520086,8.850548336840314
43185,-0.813203447131217,50.56227035859041
43186,26.428634216612018,37.36389708099729
43187,5.371115777980781,53.78184370949285
43188,6.4346869772419355,52.67357327666646
43189,109.56420264011578,18.390690607770324
43190,6.444316438462129,52.88293775954543
43191,0.7737115363568833,52.35994023444704
43192,116.08633789788084,6.041578934364143
43193,0.9432666941158285,50.40616399783497
43194,128.54936465343025,29.933907701519
43195,-117.86680704808755,32.79896948186088
43196,-7.519404006031822,44.0481192147083
43197,-74.12195399189768,39.8656297912736
43198,10.154803985977116,41.58299490266978
43199,3.3868809736889403,51.355371943049356
43200,4.578923990530329,52.85606461845933
43201,123.4753102400988,22.571469115215383
43202,0.9806750826474628,37.2613084123123
43203,124.80595885131582,-7.360823580263151
43204,-10.879006903644402,38.9097953324717
43205,-81.33808403974537,25.411352978879187
43206,1.6613776639882176,51.04077002025444
43207,3.7933841289815886,51.973419835598115
43208,12.77969049267959,56.55432104219849
43209,4.951217504920012,52.21019338512949
43210,-75.23568023574728,27.77297214356609
43211,168.75815969195014,-37.87629591414398
43212,5.247987249455283,53.111880041032535
43213,6.997659931366566,54.664507185255154
43214,18.825026828931062,56.47460370719663
43215,-0.42987467108821575,49.89896997690087
43216,-93.94359222311608,29.868091235943375
43217,-47.99248237142859,-25.76203429523809
43218,115.28143818515863,-30.90598114285711
43219,3.632648004586903,52.19022681804326
43220,106.77978170152177,20.835572706937487
43221,-109.51019780984825,25.181279349762427
43222,16.405997882228704,54.19362319161018
43223,4.717178278172738,53.45796931521019
43224,10.650690897641523,39.69782747015414
43225,163.30072106798906,-35.275960590818585
43226,3.137766022145995,51.40155672610428
43227,-121.286580006257,39.552132423126864
43228,0.6260911375622651,51.25026422522513
43229,127.91665835099212,36.59080761514197
43230,-0.5708252621884029,50.564891280373146
43231,-3.039930209503822,39.85749763058481
43232,26.852152823186415,38.60769752197241
43233,1.500882616666667,51.37512253333332
43234,4.167533839888109,52.28512477736645
43235,3.047004516714494,50.80011363035153
43236,-1.9473861353779747,48.7240788024959
43237,0.9449412249106334,49.43572279733229
43238,134.95241016549903,34.910019287032085
43239,12.782998717671699,55.34688680876188
43240,-3.835673236362676,43.69369384352097
43241,10.130450646177467,57.378088702138065
43242,116.3841472511012,-31.867727022526633
43243,6.534510976878621,53.71321908033623
43244,21.737843065775348,39.71104356484482
43245,17.448481648086116,58.87201593893937
43246,4.18871255711881,52.62779934756967
43247,6.325368410653958,54.98460323241375
43248,12.570415606635947,55.12258438866088
43249,-5.083183418093165,47.47125132197984
43250,13.812192453282483,40.15631492402798
43251,23.665877154845422,37.474399880187796
43252,143.99885658571418,-38.18250489880953
43253,-0.5592991276868858,48.15815485525721
43254,-0.12336084516740067,48.312892114936666
43255,4.566039118084001,52.00975407738626
43256,1.294294127535976,52.50501517738455
43257,8.41815921704537,54.08145552988317
43258,1.5648343235214803,44.40228091761127
43259,1.417830487880524,54.09324172742277
43260,2.622079192068486,50.075969211392575
43261,16.238408499336828,56.003751122057174
43262,1.3306641830127393,51.63170322488079
43263,11.982533122241104,41.69198358380518
43264,22.619270231203018,59.05790007289657
43265,0.9376491450298116,50.97269379465183
43266,15.066918932931742,55.60451698309771
43267,13.781679507350919,39.29103808748599
43268,10.86069091787485,53.94371974789423
43269,12.00169978517841,38.02293672963715
43270,8.713224642889884,54.81996528234045
43271,10.99126531886516,54.03022519384159
43272,-77.39948308967736,36.215853266591424
43273,32.93389422142857,-28.290546430357153
43274,3.9534440648573934,52.00010349452843
43275,10.557797384561052,41.34179642454793
43276,12.515627462460294,40.178727786965794
43277,-3.0680326856682814,47.24961345235563
43278,22.03857588108401,59.30742584211382
43279,20.358760651285067,37.74603144543856
43280,3.855032542048048,52.67981833878099
43281,22.118176631456457,58.830352559150604
43282,1.1367365745746962,50.339012851703416
43283,128.9340997306157,30.143139826303646
43284,3.4782453158908866,52.77457214679122
43285,0.465016548995162,51.92870079322529
43286,6.962565529395835,53.12640907231948
43287,4.206961912512152,51.311380393873506
43288,14.96781829665743,38.038015766525916
43289,18.41641080753969,57.46032826428574
43290,-75.62153957438117,38.46090139359803
43291,134.35351841660662,36.85739198379299
43292,-52.392131536833425,36.33683353467324
43293,12.279447779056472,55.19764726330056
43294,2.271045439465037,51.49655608223997
43295,54.801881346867134,25.01811935780042
43296,-3.0407808095038225,39.8588984305848
43297,-72.0740169212171,26.974854538764593
43298,-10.090724083539591,38.17163089955997
43299,-2.6953379228268615,43.67312983203893
43300,0.4588396823284953,51.93015469322528
43301,16.25825204168977,56.00980754793952
43302,5.947950973111003,41.0171194333683
43303,2.274521659551057,39.71716211047397
43304,3.522482570790673,52.779563036192776
43305,27.887320819999992,-28.000111206666688
43306,12.772785673035155,42.33676123634999
43307,17.538585231379738,40.33160903259987
43308,122.58843011157315,28.718912098785598
43309,115.62674270000001,-16.5833996
43310,152.2914045058167,-30.351877316147075
43311,-0.813203447131217,50.56227035859041
43312,4.706955185588836,52.92585579683926
43313,106.62400335202625,8.942877830491105
43314,26.428634216612018,37.36389708099729
43315,6.2381624864695615,54.99571876629675
43316,6.4346869772419355,52.67357327666646
43317,5.36603900640569,53.78080935733169
43318,2.8000107020257348,51.27730976425292
43319,0.6980273251409623,48.192287540432105
43320,0.7737115363568833,52.35994023444704
43321,6.444316438462129,52.88293775954543
43322,3.8686194985584,52.84716831102627
43323,128.56916963267352,29.938380670598875
43324,116.08633364788083,6.041598934364143
43325,0.938124727449162,50.3955531311683
43326,-117.86948013380186,32.79888343900373
43327,-74.12195399189768,39.8656297912736
43328,10.151373985977116,41.57279315266978
43329,3.3868809736889403,51.355371943049356
43330,17.08318124102852,56.87329864534345
43331,-15.419157147842416,28.146561415574293
43332,123.4750571034321,22.569671975215382
43333,4.578164923863662,52.85494805179267
43334,-81.93973263975369,23.825488026672762
43335,0.9895232868141294,37.28211734564563
43336,5.776029804888983,52.635509310939824
43337,-10.879006903644402,38.9097953324717
43338,124.79689295131584,-7.4189960802631525
43339,-81.35322223974535,25.410538578879187
43340,124.73106735455548,25.868730717915366
43341,1.6578663402508438,51.037715924799905
43342,6.997663467905831,54.66450678352917
43343,3.7838495581482556,51.853786928058426
43344,10.650690897641523,39.69782747015414
43345,168.97108729195014,-37.90062561414398
43346,12.796028392679588,56.615246042198486
43347,-75.22758825479491,27.773192199597837
43348,4.9512176090866795,52.210193618462824
43349,111.2880890301341,5.869769225508887
43350,163.30075379100498,-35.275989900611215
43351,0.36234927687040197,38.71244098427383
43352,-0.42882843950926824,49.89736949269035
43353,-1.949603335377975,48.72377210249591
43354,-2.3782192817714116,38.71169876933175
43355,-47.9899016214286,-25.75884584523809
43356,115.28427688515865,-30.905476142857125
43357,-93.94283554126383,29.86780868078542
43358,106.77978088499096,20.83557076951877
43359,-109.50196534984826,25.190361652698936
43360,3.632647733885148,52.190226873832735
43361,16.180143266637305,54.17640822628759
43362,-5.090020751426499,47.48147450531317
43363,3.134807188812662,51.40094939277095
43364,-121.34312115625698,39.66468812312686
43365,127.91665835099212,36.59080761514197
43366,26.847647560686415,38.60466539280574
43367,9.02303797768924,54.7732023888104
43368,-0.6125044732989963,50.56776398491959
43369,3.0470042043836663,50.8001137780583
43370,17.46643971058611,58.87677550143937
43371,1.8821806099695018,52.5333254407073
43372,134.95038213216566,34.90400860369874
43373,6.534510976878621,53.71321908033623
43374,129.69197558459356,27.654184546904265
43375,3.855032542048048,52.67981833878099
43376,1.294291227535976,52.505023977384546
43377,12.783003506353015,55.34409080125273
43378,134.35696261660664,36.86112378379299
43379,1.4837948841106825,54.123686947065636
43380,10.130450646177467,57.378088702138065
43381,-3.6322050324411053,44.005143929795466
43382,4.18081899711881,52.631315272569665
43383,0.9449412249106334,49.43572279733229
43384,11.982533122241104,41.69198358380518
43385,22.617719904637354,59.05577832754304
43386,116.38414708086312,-31.86772784276473
43387,13.812376853282483,40.15731792402798
43388,12.570415606635947,55.12258438866088
43389,23.664956785371743,37.49500059045095
43390,12.49628895428057,40.18755443638975
43391,-121.0466266892535,40.6659278760175
43392,-7.52698120603182,44.06092891470829
43393,-0.5592991276868858,48.15815485525721
43394,-0.12336084516740067,48.312892114936666
43395,4.167533839888109,52.28512477736645
43396,14.969925096657427,38.03981285652591
43397,3.9534440648573934,52.00010349452843
43398,0.9333838593155258,50.97045196608041
43399,150.60174858279868,-31.60253796378109
43400,18.88786576535104,56.2117463857747
43401,4.206962130845485,51.3113805238735
43402,4.579135002360731,52.0201676088328
43403,2.622079192068486,50.075969211392575
43404,4.717178278172738,53.45796931521019
43405,1.3306641830127393,51.63170322488079
43406,13.781679507350919,39.29103808748599
43407,-77.42382799270767,35.702729107500524
43408,10.86069091787485,53.94371974789423
43409,8.689065408787322,54.82522368669941
43410,15.076843292423753,55.607840842471134
43411,-2.0563300930953687,50.23923848127433
43412,32.93881692142857,-28.289927730357157
43413,0.6471338312765508,51.257556858225136
43414,22.037278181084016,59.303991342113825
43415,20.357900984169458,37.74671855614572
43416,12.005052668511745,38.02463492963715
43417,10.557779901227718,41.33991150788127
43418,128.9541765306157,30.147674026303644
43419,1.4855754166666666,51.371075133333306
43420,143.9837239857142,-38.198641498809536
43421,1.1128071262413628,50.32882550670342
43422,-52.31186120826199,36.48355280610181
43423,-3.0837167644561605,47.06576042811321
43424,5.2646978298126275,53.13410776834855
43425,10.993428828925444,54.03189507107861
43426,6.962565529395835,53.12640907231948
43427,1.8343252090770366,44.330451318352004
43428,18.406742007539695,57.45654936428575
43429,-75.62153957438117,38.46090139359803
43430,22.260489830389083,58.89179341722064
43431,12.281936279056474,55.19773926330056
43432,109.5614932063658,18.392338122770322
43433,8.414272925378702,54.0736027132165
43434,2.307722129941227,51.5177120358114
43435,21.74291316577535,39.71111401484482
43436,-2.9962131205462668,39.82348626870522
43437,-81.69356462808702,23.44493842833942
43438,3.443331052439768,52.92901696949632
43439,13.437282463696478,40.5179359901749
43440,1.8821806099695018,52.5333254407073
43441,129.7067239410363,27.66280635259669
43442,4.491246021613312,52.25487080125703
43443,54.7495454410224,25.018112057744602
43444,9.023819069798797,54.768946692132076
43445,3.7781526888552226,52.08475678530118
43446,-2.714013622826861,43.67451093203893
43447,-5.1126170386948715,47.467444675262286
43448,1.509758771789452,51.602323147183995
43449,5.365767806581277,53.78116777783316
43450,116.08634308485263,6.0415714100042806
43451,125.35244599413343,27.860694198095434
43452,-15.419154978635312,28.14656102617128
43453,26.755386617035626,38.65091748092187
43454,111.20314243013408,6.144208925508886
43455,6.172201373111005,41.021491663368295
43456,107.3215112636771,8.389491607248678
43457,13.763448803969874,40.07725014264656
43458,150.60442664990393,-31.59772623614952
43459,-2.054454393095369,50.23957948127432
43460,15.425332780177392,55.66797453409667
43461,12.850992228590712,42.35982891912778
43462,17.49234818971307,40.3001304659332
43463,152.29320630581668,-30.369691716147077
43464,122.72264126157316,28.81056139878561
43465,-0.813203447131217,50.56227035859041
43466,4.706955185588836,52.92585579683926
43467,106.58501378208581,8.933065057574433
43468,26.428634216612018,37.36389708099729
43469,6.202491293307498,55.10256543446326
43470,6.4346869772419355,52.67357327666646
43471,0.7079532871272133,51.18119780659301
43472,2.820743177211174,51.2836366490271
43473,6.444316438462129,52.88293775954543
43474,3.8805549424259222,52.84475488222287
43475,-10.091778834089043,38.17684421620047
43476,128.41153381805813,29.868146679573233
43477,0.9445548474491621,50.3989596511683
43478,0.7737115363568833,52.35994023444704
43479,-117.98807775352414,32.78435713817039
43480,-74.12187319189769,39.8653023912736
43481,0.6980283701409624,48.192287767098776
43482,10.156080585977115,41.58691556933644
43483,4.426470281317051,52.68860478844477
43484,3.3868809736889403,51.355371943049356
43485,123.47298906509879,22.56936104021538
43486,124.7165223378888,25.764634771248694
43487,0.9938874705262505,37.285699996150676
43488,124.78090335131579,-7.401208980263153
43489,-10.873478876664292,38.91213613156755
43490,-81.48679083974537,25.45966527887919
43491,5.78260773216171,52.663549556394365
43492,3.855032542048048,52.67981833878099
43493,4.951212672593372,52.21018964283903
43494,12.736038698235145,56.5345593383096
43495,3.7906635956482564,51.854844618931445
43496,1.5846585592111575,51.060009905874324
43497,10.650690897641523,39.69782747015414
43498,-75.30214651931873,27.712381181740717
43499,168.75898899195016,-37.87615221414398
43500,17.093455741028514,56.86734014534346
43501,-0.3542210895092684,49.91502116882671
43502,1.5668300166666669,51.380246633333314
43503,-93.94128861286761,29.86676734825458
43504,115.28525828515865,-30.905776742857114
43505,-47.9932339964286,-25.75960367857142
43506,3.6326475643343774,52.190226505833664
43507,106.77978133455748,20.835571362024623
43508,-109.88861792289403,24.803383415399335
43509,1.373075414202643,52.52745401738455
43510,16.405997382228705,54.19362349161017
43511,-72.08450352788374,27.00328586209793
43512,-52.39200977016675,36.336982001339905
43513,5.2646978298126275,53.13410776834855
43514,134.942066990499,34.900151935365415
43515,3.137766022145995,51.40155672610428
43516,23.66483909151209,37.5010226001878
43517,-0.6133658043056314,50.57295094801277
43518,2.5674902332894747,39.72092974627333
43519,127.92131298486309,36.58975771638266
43520,6.9976708830379835,54.66450509808053
43521,6.962565529395835,53.12640907231948
43522,-121.27013995863794,39.55942494455544
43523,6.534510976878621,53.71321908033623
43524,0.2602491864951619,51.98706438786814
43525,17.45767142308611,58.8872273972727
43526,3.005460808606385,50.76575105643848
43527,12.032919400425662,38.03603194506756
43528,20.350787034422318,37.748547753869936
43529,10.86069091787485,53.94371974789423
43530,2.291715529941227,51.51153535399321
43531,12.570415606635947,55.12258438866088
43532,115.62427490000002,-16.585607099999997
43533,144.04106618571421,-38.157700798809536
43534,-1.950344794201504,48.72348636720179
43535,-7.535157406031821,44.06133791470829
43536,-121.10148523363081,40.692739659891124
43537,-0.5592988276868859,48.15815445525721
43538,-0.12336054516740068,48.31289171493666
43539,12.779851986304706,55.346234347925225
43540,18.89556670914522,56.07372738807234
43541,-75.67410063378118,38.434918961154246
43542,22.621490831203015,59.059301872896555
43543,4.555393464673656,51.991664938815795
43544,11.982533122241104,41.69198358380518
43545,10.557797784561053,41.341795724547936
43546,8.82922074569208,54.92415582836608
43547,10.99126531886516,54.03022519384159
43548,16.10974581094142,55.988889168044295
43549,4.206962845546825,51.311379812921714
43550,12.337833040390406,40.27882916037534
43551,128.93936653551768,30.144138054081424
43552,-77.42382799270767,35.702729107500524
43553,116.37855977252974,-31.861058201098057
43554,0.7703179440795809,51.31376127199408
43555,22.04162498108401,59.31016019211383
43556,18.403987964436237,57.45497007290642
43557,1.0511137915595257,50.31010105958901
43558,4.162764123501012,52.27174218123742
43559,-3.0711870190016146,47.247683719022305
43560,0.929041659315526,50.967403634262226
43561,33.20442139642857,-28.19165340535715
43562,1.7075424556216034,44.37226960467069
43563,14.823044506105182,38.019559829867596
43564,4.717178278172738,53.45796931521019
43565,4.198343874975953,52.6305363261411
43566,0.36508523401325904,38.716004398559555
43567,12.285033854056476,55.20095126330056
43568,2.622079192068486,50.075969211392575
43569,1.3757226997852854,54.07976508857357
43570,-3.62750137995242,44.01315036883233
43571,10.130450646177467,57.378088702138065
43572,1.3306641830127393,51.63170322488079
43573,0.9644650113812215,49.433971947920526
43574,3.9534440648573934,52.00010349452843
43575,24.172651126913436,59.7120651744649
43576,134.3445889166066,36.85728158379299
43577,109.56221904844911,18.389726507770323
43578,8.432055068712035,54.080576196549835
43579,163.30074416338286,-35.275963203959606
43580,21.716917815775343,39.77704769817816
43581,13.781679507350919,39.29103808748599
43582,0.7079532871272133,51.18119780659301
43583,10.86069091787485,53.94371974789423
43584,3.855032542048048,52.67981833878099
43585,-122.0841496925252,45.94860399350881
43586,-1.950344794201504,48.72348636720179
43587,54.83883815311262,25.00530028964733
43588,5.783951912161711,52.66029395639437
43589,150.60342424990392,-31.59741653614952
43590,17.093471641028515,56.868269345343464
43591,12.782599672581904,54.71710062566603
43592,13.433685383140924,40.514155396841566
43593,106.5844394820858,8.933944890907767
43594,26.874176667035627,38.50354350592187
43595,15.473289146720907,55.68616904951814
43596,18.863205199948535,55.94925168498415
43597,3.7913358421885555,52.09512279530118
43598,-2.714013622826861,43.67451093203893
43599,3.5798428037980727,52.77464754224281
43600,12.5762114085821,39.678442982965386
43601,-47.99248237142859,-25.76203429523809
43602,3.632648004586903,52.19022681804326
43603,106.77978133455748,20.835571362024623
43604,-109.88728988188392,24.80595187711651
43605,5.947376373111004,41.0178006633683
43606,16.405997882228704,54.19362319161018
43607,3.1729664352412335,51.410876245151904
43608,-121.25788120625698,39.56038922312686
43609,-3.0369412943105254,39.84350713828697
43610,127.92131298486309,36.58975771638266
43611,-0.5675262043056315,50.57254254801277
43612,3.047004516714494,50.80011363035153
43613,17.459939423086112,58.88832079727271
43614,12.782998717671699,55.34688680876188
43615,116.3788359511012,-31.861830722526634
43616,4.198343874975953,52.6305363261411
43617,13.763448603969875,40.07725044264656
43618,-3.61099922995242,44.29257451883233
43619,12.847718195257379,42.36048890579443
43620,-2.0563300930953687,50.23923848127433
43621,17.54300663137974,40.33249553259987
43622,-72.08521882788375,27.003744362097926
43623,122.58843016157314,28.718911298785603
43624,152.2935458808167,-30.371721991147073
43625,4.706955185588836,52.92585579683926
43626,-0.813203447131217,50.56227035859041
43627,26.428634216612018,37.36389708099729
43628,6.164009067812993,55.09384420827279
43629,5.366765329941566,53.779856906224886
43630,6.4346869772419355,52.67357327666646
43631,134.937720380499,34.90219215203208
43632,-2.4824574737890854,38.77985156502178
43633,2.9133243907994375,51.32215366945407
43634,6.444316438462129,52.88293775954543
43635,0.7737115363568833,52.35994023444704
43636,-10.030240542510095,38.28801294344744
43637,116.08632862532885,6.041568124051899
43638,128.41931359421199,29.97339596495785
43639,0.9381575274491618,50.3963834311683
43640,1.0424002844166684,50.307013348874726
43641,-117.98774775352415,32.78434183817039
43642,3.8695710838148107,52.84688836666731
43643,115.6239666,-16.587107200000002
43644,-74.12187319189769,39.8653023912736
43645,0.6522279600448085,48.18272315218675
43646,3.3868809736889403,51.355371943049356
43647,13.781679507350919,39.29103808748599
43648,10.153959185977117,41.58086270266979
43649,163.3007734017986,-35.275990131294776
43650,4.4216816313170515,52.67813173844477
43651,123.46899821377605,22.565017380427026
43652,-15.419155975720663,28.14656154217354
43653,124.82787975131583,-7.428183280263153
43654,6.962565529395835,53.12640907231948
43655,29.769098319999983,-28.397895006666687
43656,-10.875859769045245,38.908734183948496
43657,124.73224770455546,25.86906343791536
43658,0.6296715963379388,37.230158336121825
43659,-81.34133643974536,25.404291078879186
43660,-5.112616938694872,47.46744487526228
43661,1.6370745031166303,51.071044398909144
43662,10.650690897641523,39.69782747015414
43663,12.808152498235142,56.61280783830961
43664,-75.24963803979492,27.77284816793117
43665,168.75815969195014,-37.87629591414398
43666,4.951217700926705,52.21019310450569
43667,10.130450646177467,57.378088702138065
43668,-52.39255097016675,36.3375830013399
43669,8.684885167808853,54.8946774755217
43670,110.58679848612779,16.759321947406008
43671,5.2646978298126275,53.13410776834855
43672,12.031279423758997,38.03653484840089
43673,0.9644650113812215,49.433971947920526
43674,0.2699635998284953,51.98129235072529
43675,-0.3207586282894276,49.93880654767108
43676,-121.10148286657066,40.692740776353524
43677,2.647175081816314,39.719176024002586
43678,1.373067514202643,52.52744658405121
43679,4.206962689991269,51.31138016847727
43680,1.377151945618619,54.08023998440691
43681,1.566062016666667,51.37980483333331
43682,11.982533122241104,41.69198358380518
43683,4.717178278172738,53.45796931521019
43684,4.160840040501012,52.27233023123742
43685,10.99126531886516,54.03022519384159
43686,3.783848699814923,51.85378653282033
43687,33.19638422142857,-28.19243823035715
43688,12.337833040390406,40.27882916037534
43689,-93.91969500061454,29.869599831764113
43690,1.616011885750389,44.349861691020585
43691,12.570415606635947,55.12258438866088
43692,20.358760651285067,37.74603144543856
43693,2.352442387178292,51.53910565208153
43694,24.23945855872388,59.74121570518375
43695,-0.5592991276868858,48.15815485525721
43696,-0.12336084516740067,48.312892114936666
43697,6.534510976878621,53.71321908033623
43698,14.796291056105181,38.0261496298676
43699,2.622079192068486,50.075969211392575
43700,23.67287049301262,37.51002701211778
43701,1.3306641830127393,51.63170322488079
43702,3.9534440648573934,52.00010349452843
43703,109.56277264011578,18.390865407770324
43704,115.28794448515866,-30.84718794285712
43705,-75.67410063378118,38.434918961154246
43706,0.32964435353706883,38.672000524273834
43707,-7.527044606031821,44.06228361470829
43708,16.10974581094142,55.988889168044295
43709,4.570854893006989,51.9895664038158
43710,134.34962081660663,36.85640728379299
43711,22.615966831203014,59.05614797289657
43712,6.997669886676078,54.664505561230925
43713,22.040448481084013,59.30622244211382
43714,-6.389687532965195,46.24727008707158
43715,10.557797284561053,41.34179672454793
43716,-3.0711870190016146,47.247683719022305
43717,128.9532594355177,30.142801354081424
43718,8.423541867045369,54.03181952988318
43719,125.35148629413341,27.860301098095434
43720,18.378184964436247,57.445120672906434
43721,9.007810368530363,54.77136013831975
43722,144.0265708857142,-38.167787898809536
43723,-77.42382799270767,35.702729107500524
43724,0.8775693024129139,51.372789821171565
43725,0.9290419093155259,50.96740396608041
43726,12.283385773287243,55.200469624839016
43727,21.706163565775345,39.76870699817815
43728,17.082906841028517,56.872448245343456
43729,-79.5547157421405,9.277081896009268
43730,-3.735511010938705,40.325888311410324
43731,5.947950973111003,41.0171194333683
43732,8.982444588900734,54.757417884086955
43733,1.509758771789452,51.602323147183995
43734,29.770000219999982,-28.39779210666669
43735,5.783951912161711,52.66029395639437
43736,54.83229831550485,25.00216457825734
43737,163.30075866767163,-35.27597705894455
43738,0.6522274900448086,48.18272257552008
43739,0.23804709982849517,52.021144250725285
43740,-2.4820937050584355,38.78070610643045
43741,-2.714013622826861,43.67451093203893
43742,109.6363923861278,16.901298847406007
43743,3.1700076019079,51.41026891181857
43744,4.214062201613407,51.82575234480513
43745,12.5762114085821,39.678442982965386
43746,13.766873753969874,40.08153219264656
43747,-72.08469636121708,27.004219078764596
43748,2.670550671235772,39.71781053673959
43749,-81.35322223974535,25.410538578879187
43750,-5.1194542720282055,47.47766805859562
43751,-0.3231535282894276,49.93859244767107
43752,-93.94014130250245,29.86570779192869
43753,115.28695988515865,-30.846896742857126
43754,-47.9899016214286,-25.75884584523809
43755,106.77977858623689,20.83556904943613
43756,22.61482790463736,59.053526227543045
43757,3.632647733885148,52.190226873832735
43758,16.180143419970637,54.17640848628759
43759,115.6267268,-16.5832954
43760,127.92131298486309,36.58975771638266
43761,-0.604301177094747,50.56711233576787
43762,17.46359748558611,58.885019359772706
43763,-121.31302605625697,39.67304412312686
43764,3.0470042043836663,50.8001137780583
43765,107.3218178836771,8.38835525724868
43766,3.855032542048048,52.67981833878099
43767,134.93305767249902,34.900869352032075
43768,12.783003506353015,55.34409080125273
43769,125.35148629413341,27.860301098095434
43770,-3.617605876030851,44.288889540523506
43771,4.190450314975953,52.63405225114109
43772,116.37820558086312,-31.860935242764732
43773,150.59352018279867,-31.603292063781087
43774,-2.0563300930953687,50.23923848127433
43775,12.816534328590713,42.484210364127776
43776,17.53867359387974,40.33160454509987
43777,6.0935930991875376,55.08906853781046
43778,122.58767131157315,28.718187998785602
43779,152.22290436743288,-30.57741009392485
43780,4.706955185588836,52.92585579683926
43781,3.618569224196018,52.775508717530165
43782,-0.813203447131217,50.56227035859041
43783,106.5855749945858,8.93391989090777
43784,26.428634216612018,37.36389708099729
43785,5.366047555060124,53.78080402730634
43786,6.434687320019714,52.67357357513868
43787,-121.04686469862192,40.66606992212276
43788,3.03272022869174,51.37688182657566
43789,6.4127713967954625,52.83853098787877
43790,-10.029770042510094,38.289230243447435
43791,128.41570356087865,29.97464627829118
43792,0.9015547274491618,50.3586011811683
43793,3.792632842188555,52.094689645301195
43794,0.7737115363568833,52.35994023444704
43795,116.08563638374329,6.040881734967651
43796,1.5540669166666665,51.37570113333331
43797,-109.88475622188395,24.808103180053013
43798,-117.98824255352412,32.784242738170384
43799,3.867546145621893,52.84775925371026
43800,10.171195302643783,41.520648619336455
43801,-74.12099962005153,39.852519978965915
43802,3.3868809736889403,51.355371943049356
43803,13.781679507350919,39.29103808748599
43804,4.4216816313170515,52.67813173844477
43805,-15.419155747949803,28.14656016720227
43806,8.688097817808853,54.89483389218836
43807,123.46874051044267,22.56321604042702
43808,1.3730646142026428,52.52745538405121
43809,21.71123366577535,39.768777448178156
43810,-10.875859769045245,38.908734183948496
43811,0.6227701963379392,37.22990560278849
43812,124.81476385131582,-7.437520480263154
43813,124.73095771364639,25.868724036097177
43814,0.9644650113812215,49.433971947920526
43815,-7.524140639365154,44.07686948137495
43816,10.86069091787485,53.94371974789423
43817,12.338523740390405,40.27784526037534
43818,8.419762975378703,54.03457566321651
43819,4.951217628388827,52.21019332136176
43820,0.920134056815526,50.96938408274708
43821,12.819696037777629,56.59472344468216
43822,1.8821806099695018,52.5333254407073
43823,6.962565529395835,53.12640907231948
43824,-0.5592991276868858,48.15815485525721
43825,-0.12336084516740067,48.312892114936666
43826,6.534510976878621,53.71321908033623
43827,12.570415606635947,55.12258438866088
43828,14.798397856105177,38.02794671986759
43829,144.0025688857142,-38.179065498809535
43830,1.676293602695755,51.09130857188895
43831,18.863205199948535,55.94925168498415
43832,23.683156798181802,37.54340187499998
43833,0.32964435353706883,38.672000524273834
43834,12.286129508287244,55.202625679839024
43835,-75.23970629252217,27.773061411769554
43836,4.578615993006989,51.9945737038158
43837,-75.67410063378118,38.434918961154246
43838,5.2646978298126275,53.13410776834855
43839,0.7948087815137069,51.182605822039925
43840,-6.357574586933447,46.291491136277926
43841,3.9534440648573934,52.00010349452843
43842,6.997671753067295,54.66450796701867
43843,128.9533956355177,30.142324354081424
43844,22.037450381084014,59.30381294211383
43845,4.206962991016911,51.31137993309266
43846,0.9995841302500019,50.25244937518425
43847,10.650690897641523,39.69782747015414
43848,-3.0868710977894938,47.06383069477988
43849,1.5685851857503894,44.40456609102059
43850,18.37389136443625,57.443000072906436
43851,168.92927669195015,-37.931038614143986
43852,10.993428828925444,54.03189507107861
43853,109.5600632063658,18.392512922770322
43854,-77.42382799270767,35.702729107500524
43855,0.9038748905081521,51.38829909164776
43856,2.622079192068486,50.075969211392575
43857,1.4382509251821112,54.11109093182755
43858,10.130450646177467,57.378088702138065
43859,24.2803907600955,59.76223579646292
43860,3.8076079173273336,51.84482349088948
43861,4.717178278172738,53.45796931521019
43862,1.3306641830127393,51.63170322488079
43863,11.982533122241104,41.69198358380518
43864,4.160840040501012,52.27233023123742
43865,33.201306921428575,-28.19181953035716
43866,20.354349669169455,37.746893256145725
43867,2.4007747031612228,51.57037146771687
43868,12.043809339830425,38.04779203232947
43869,134.35696261660664,36.86112378379299
43870,-52.302638191595314,36.48562543276848
43871,16.109339847685607,55.988328616416396
43872,10.57245898456105,41.34419722454793
43873,1.462479174291896,51.5820274150628
43874,3.3868809736889403,51.355371943049356
43875,-2.7267147728268615,43.67579695203893
43876,8.94624384956961,54.74586434766287
43877,6.437926965559638,39.442591140892205
43878,13.53436875257693,40.56896988021359
43879,-5.092096162980585,47.50824058240514
43880,13.76370870312721,40.20281705861705
43881,150.59894974990394,-31.59609893614952
43882,106.46450730408374,8.84118472447402
43883,163.29532105076922,-35.27976268961437
43884,-10.025907590129142,38.3090850016892
43885,123.46665634710938,22.56300528042702
43886,8.66855732138028,54.89029062052171
43887,3.8054213305218894,52.10480717863451
43888,12.568935707571548,55.1192158418639
43889,109.35829978612776,17.926494447406007
43890,-0.33214198384498334,49.92940453211552
43891,115.28318059587295,-30.84406042142855
43892,3.632646913223266,52.19022717504001
43893,-47.999091939285734,-25.76819021904761
43894,-72.08519852788373,27.00410086209793
43895,-93.94014180611428,29.865707300891604
43896,106.77977792921443,20.83556616747631
43897,22.62560841453634,59.06192395622989
43898,-2.4824106875390854,38.7762445405813
43899,3.182229939786688,51.414680119015536
43900,16.405997182228703,54.19362329161017
43901,-121.30100179456527,39.65099449760736
43902,127.93449453517538,36.54639421684993
43903,-0.5670478039807122,50.57995897679127
43904,129.7092815516654,27.664443863948808
43905,3.0058942086063856,50.765073256438484
43906,17.36258168355123,58.8262954600634
43907,12.853038282291768,55.36617982838975
43908,12.808703242348736,54.735955682835986
43909,125.34612437746675,27.847344714762094
43910,116.38157077669639,-31.86550694693139
43911,4.208433996250058,52.597665335027685
43912,-3.65810171512558,44.29056002897843
43913,13.0102164139168,42.42496056115676
43914,-2.054454393095369,50.23957948127432
43915,17.492884385546404,40.300083457599875
43916,115.658664,-16.6181615
43917,5.783951912161711,52.66029395639437
43918,5.78851115288832,54.977992578635
43919,122.73295556157315,28.82795639878561
43920,152.27896196187731,-30.452298582813736
43921,-0.8963467061407863,50.548685698878565
43922,4.706955185588836,52.92585579683926
43923,54.65077599147142,25.176208284567178
43924,26.428634216612018,37.36389708099729
43925,5.3657790033048105,53.781173588441305
43926,6.434686464216726,52.67357343268886
43927,134.93622755440376,34.89863133060351
43928,3.1280549641264326,51.43293362227992
43929,6.444316438462129,52.88293775954543
43930,3.8755406278455435,52.8474820252016
43931,0.911443847449162,50.362585401168296
43932,3.585777681559398,52.91809221511943
43933,116.0863391515193,6.041568643337614
43934,-74.11881519385722,39.84276000628922
43935,128.41140041805818,29.866864679573233
43936,-118.06867823366453,32.80368736339323
43937,13.781679507350919,39.29103808748599
43938,0.7882115030235499,52.35960736778037
43939,0.9243279756388832,51.38924692947269
43940,10.158947985977115,41.58510566933644
43941,4.420876631317051,52.67740723844477
43942,-15.419157254876584,28.146560940825033
43943,125.30232195131578,-7.710520580263154
43944,-10.808439829455407,38.940001374394676
43945,0.6283395467167269,37.23313945329353
43946,144.03333848571418,-38.14779759880953
43947,-81.47722123974536,25.464210478879192
43948,124.70667114622212,25.763666376248704
43949,5.2646978298126275,53.13410776834855
43950,-52.37619127869239,36.341650437814266
43951,-121.10138176338386,40.693062211765614
43952,3.855032542048048,52.67981833878099
43953,-110.21569309343225,24.46620472232978
43954,18.863205199948535,55.94925168498415
43955,12.756254143171041,56.54206825632243
43956,1.0045700488812215,49.356515717632064
43957,1.636483502111339,51.07948584384998
43958,21.716917815775343,39.77704769817816
43959,6.534510976878621,53.71321908033623
43960,-2.9913538440810363,39.95175638326688
43961,-75.67410063378118,38.434918961154246
43962,0.33238031067992585,38.675563938559556
43963,8.43576480204537,54.025997263216496
43964,-75.32657031931872,27.71176398174072
43965,4.5983794491181,52.007703884966595
43966,4.9512128192118405,52.210189964545464
43967,1.8821806099695018,52.5333254407073
43968,22.01619339219512,59.302247625447166
43969,4.20696330933157,51.31137954964495
43970,18.401628964436235,57.45431627290642
43971,0.8947607324032678,50.23586593961515
43972,10.650690897641523,39.69782747015414
43973,6.962565529395835,53.12640907231948
43974,1.6301045139555168,44.417556320507785
43975,1.373075325072208,52.52745284042803
43976,0.9302242490880342,50.97115719182923
43977,-77.42382799270767,35.702729107500524
43978,14.794320639438514,38.043856293756484
43979,1.3774164872852852,54.08134584809739
43980,4.717178278172738,53.45796931521019
43981,10.86069091787485,53.94371974789423
43982,3.9534440648573934,52.00010349452843
43983,24.99717037411676,60.095035298705064
43984,4.160840040501012,52.27233023123742
43985,109.56221904844911,18.389726507770323
43986,0.12858490782849522,52.013914983868155
43987,3.817882554827334,51.84645889842916
43988,2.622079192068486,50.075969211392575
43989,10.130450646177467,57.378088702138065
43990,168.7684821860678,-37.89657004355574
43991,1.3341212705127392,51.64770233738078
43992,10.572458384561052,41.34419722454793
43993,33.289046821428585,-28.184535055357145
43994,13.004240731796429,40.94142276126118
43995,12.057773672575522,38.07086075958436
43996,12.005897001882454,41.67765268741462
43997,134.3664318166066,36.865048583793
43998,10.99126531886516,54.03022519384159
43999,12.284135504056476,55.20219541330056
44000,-7.537400506031821,44.0659097147083
44001,16.299285809627598,56.05886133289033
44002,-0.5592988276868859,48.15815445525721
44003,-0.12336054516740068,48.31289171493666
44004,20.3740104352001,37.67925986105512
44005,2.3847681031612225,51.56419478589869
44006,23.70568978765549,37.61702758473683
44007,12.325527156131148,40.28471026009353
44008,6.997671424668206,54.66450588737413
44009,107.3215112636771,8.389491607248678
44010,128.97281780745317,30.14541494246852
44011,0.8184479266242718,51.19441354710135
44012,1.7655910166666666,51.38608393333331
44013,-6.372847550182854,46.280375359678516
44014,-3.0717487190016146,47.24733121902231
44015,18.863205199948535,55.94925168498415
44016,0.6522285350448085,48.18272280218675
44017,29.99030991999998,-28.543819406666685
44018,107.3254605636771,8.390247957248679
44019,123.46460293044272,22.56813886376036
44020,129.7094166516654,27.66434106394881
44021,-2.4814236097198217,38.7819477386365
44022,13.763709019793875,40.20281695861705
44023,-15.419157943232207,28.146560212634984
44024,-75.23683865908063,27.773078905788317
44025,10.650690897641523,39.69782747015414
44026,0.12857760449516192,52.01391570386815
44027,12.570415606635947,55.12258438866088
44028,-48.00111833928574,-25.772393619047612
44029,4.214062201613407,51.82575234480513
44030,-72.08651552788373,27.006219362097927
44031,134.93058368740375,34.900634738936844
44032,0.822004026624272,51.19537262710135
44033,163.2953203415894,-35.279764415457834
44034,13.781679507350919,39.29103808748599
44035,10.154803985977116,41.58299490266978
44036,3.3868809736889403,51.355371943049356
44037,-74.12196835830031,39.85265036357196
44038,4.420876631317051,52.67740723844477
44039,20.980983760871823,37.9251200650324
44040,0.9783067133833933,37.27934656996021
44041,124.72660720455546,25.86160343791537
44042,-10.805953455169695,38.938383360108965
44043,124.83242805131582,-7.369239180263154
44044,-81.33032353974536,25.407104778879187
44045,1.7094321066873512,51.102063970628436
44046,12.778282783171042,56.54659642965576
44047,4.95122626422216,52.21019452136176
44048,-2.7059625265535696,43.61748807144886
44049,168.7682771860678,-37.896143543555745
44050,109.36311428612777,17.92933284740601
44051,-0.3170136282894278,49.93664514767108
44052,3.6326478782232665,52.19022673986144
44053,115.28794448515866,-30.84718794285712
44054,106.77977770921441,20.835566667476304
44055,22.626469631203012,59.064013172896566
44056,10.99126531886516,54.03022519384159
44057,16.405997882228704,54.19362319161018
44058,10.373426135834562,42.6028181096756
44059,3.190299842286688,51.419710436515544
44060,-0.563204142421572,50.58208762316223
44061,127.9318529872653,36.54512026954091
44062,-121.30192579456526,39.65102769760736
44063,3.0470035167144944,50.80011403035152
44064,3.855032542048048,52.67981833878099
44065,17.392744775583527,58.841133601982854
44066,12.85312425664942,55.365542583798444
44067,-3.60569306512558,44.29279477897843
44068,4.242574249034611,52.63903999051796
44069,116.38038856360117,-31.86335986002663
44070,150.60217704990393,-31.597060736149523
44071,-2.054454393095369,50.23957948127432
44072,3.811726757444967,52.10973478248067
44073,12.999051743083465,42.42680984782342
44074,144.04304248571418,-38.150596398809526
44075,1.7735168166666666,51.38458693333331
44076,17.544858405473942,40.332262852527414
44077,-121.10148198195526,40.692743251765606
44078,5.7484493151404505,55.013182452089
44079,1.373067414202643,52.527446184051215
44080,152.27881926187732,-30.448894782813735
44081,122.59872576157314,28.736200998785602
44082,4.706955185588836,52.92585579683926
44083,5.783951912161711,52.66029395639437
44084,106.59548092672867,8.926689179003004
44085,-0.8922218394741196,50.548258976656335
44086,5.356672748972791,53.7804212098138
44087,125.34516467746677,27.8469516147621
44088,26.428634216612018,37.36389708099729
44089,6.962565529395835,53.12640907231948
44090,6.4346869772419355,52.67357327666646
44091,3.807607913160668,51.84482279842917
44092,4.206962766474427,51.31137974964495
44093,1.8821806099695018,52.5333254407073
44094,0.9644649488812217,49.43397171763207
44095,0.33238031067992585,38.675563938559556
44096,21.70073834809242,39.77471480427571
44097,3.2385623574270266,51.499307096858786
44098,6.444316438462129,52.88293775954543
44099,6.997671106082347,54.66450592230236
44100,0.9957039199245975,51.4358134937584
44101,17.027088941028513,56.88506174534347
44102,0.8736396619270775,50.231373792472276
44103,-110.21464985908882,24.471060594046957
44104,-10.03071510917676,38.28939669216538
44105,12.049774769242187,38.0518425515288
44106,-52.377013265359054,36.3399469911476
44107,4.162286715501012,52.272124206237415
44108,1.3776760114205058,54.08283628827034
44109,3.8140131743150647,52.78524086554605
44110,0.9302244990880345,50.971157523647406
44111,5.261663175057725,53.123145340211295
44112,128.96925760745316,30.14129094246852
44113,33.285978821428586,-28.18541303035715
44114,6.534510976878621,53.71321908033623
44115,2.3847683531612223,51.56419511771687
44116,10.572457984561051,41.344197924547935
44117,0.7882115030235499,52.35960736778037
44118,-0.5592991276868858,48.15815485525721
44119,-0.12336084516740067,48.312892114936666
44120,13.00795573179643,40.954103661261186
44121,115.6254508,-16.579491000000004
44122,8.574314438672925,54.86533642470012
44123,128.41661529421197,29.97553976495785
44124,12.275345642518012,55.201063570961594
44125,3.870930544234432,52.84749538317545
44126,116.08632509199552,6.041566057385232
44127,22.014521681084013,59.300082192113834
44128,4.6004227941181,52.0081570124666
44129,20.381984052062844,37.67674355262374
44130,23.70967468765549,37.63075688473683
44131,-2.991621844081036,39.953183083266886
44132,-6.167019517055533,46.58541779281923
44133,-75.67410063378118,38.434918961154246
44134,12.325527156131148,40.28471026009353
44135,-3.0711870190016146,47.247683719022305
44136,16.299285809627598,56.05886133289033
44137,18.418073964436246,57.46817077290643
44138,4.717178278172738,53.45796931521019
44139,-7.534078306031821,44.0642273147083
44140,-118.06731533366454,32.80362416339323
44141,1.8203877096695813,44.532253956983624
44142,0.864882846679931,50.268381354373425
44143,109.56277264011578,18.390865407770324
44144,12.551957506395867,39.64553861851195
44145,14.796312456105179,38.0260793298676
44146,2.622079192068486,50.075969211392575
44147,10.130450646177467,57.378088702138065
44148,10.86069091787485,53.94371974789423
44149,3.9534440648573934,52.00010349452843
44150,25.026845551885536,60.112229650936406
44151,8.432833785378703,54.01638124654983
44152,1.3341212705127392,51.64770233738078
44153,12.005897001882454,41.67765268741462
44154,134.36850841660663,36.86330308379299
44155,-93.93993043899032,29.865483437597774
44156,-77.42382799270767,35.702729107500524
44157,0.9941372199245972,51.4356223937584
44158,0.6522274900448086,48.18272297552009
44159,-2.068523371161441,40.4700630111675
44160,3.8116366574449665,52.10803098248068
44161,1.4725974457593105,49.787481071041256
44162,-110.21362310908881,24.471812219046956
44163,-2.4820937050584355,38.78070610643045
44164,5.355948218972791,53.78137349648048
44165,163.29532147651003,-35.27976468953618
44166,-10.030225209176761,38.291111576780764
44167,13.781679507350919,39.29103808748599
44168,0.13829973782849522,52.008142246725285
44169,150.60101984990393,-31.59670553614951
44170,17.54024277214061,40.33146128586075
44171,-72.08539136121708,27.00503407876459
44172,5.713946826482442,55.006494719219646
44173,122.59874441157314,28.736307098785602
44174,152.27716016187733,-30.434484182813733
44175,4.706955185588836,52.92585579683926
44176,-0.8922218394741196,50.548258976656335
44177,106.59426223922864,8.927276029003005
44178,26.428634216612018,37.36389708099729
44179,6.4346869772419355,52.67357327666646
44180,3.3386150005982893,51.561906357816866
44181,6.444316438462129,52.88293775954543
44182,128.41954219421197,29.96532751162452
44183,116.08632084199552,6.041586057385233
44184,0.8605394589876232,50.241284914373416
44185,-118.07055835366451,32.80250758339323
44186,0.7882115030235499,52.35960736778037
44187,3.8675511317344324,52.847760503175444
44188,3.3868809736889403,51.355371943049356
44189,-74.12980143465225,39.84214168875866
44190,10.151373985977116,41.57279315266978
44191,4.4216814063170515,52.67813178844477
44192,123.46472566377601,22.56663366376035
44193,-15.419157851243613,28.14656153194741
44194,0.9814209963379388,37.28205370278849
44195,124.72778805455546,25.86213631791536
44196,-10.810820721836363,38.93659942677563
44197,124.81911155131584,-7.429154180263152
44198,-81.33756483974534,25.40925427887919
44199,1.8821806099695018,52.5333254407073
44200,12.79462068317104,56.607521429655755
44201,1.8146319873325125,51.144501670628436
44202,4.951226345311904,52.21019452392586
44203,-75.25182492312825,27.772832734597838
44204,10.650690897641523,39.69782747015414
44205,168.9874823860678,-37.94181624355574
44206,-2.7059625265535696,43.61748807144886
44207,0.8266028353544306,51.18765223384737
44208,109.54619198612778,18.16659414740601
44209,129.7106466516654,27.66385756394881
44210,-0.3201178875486868,49.93591235878218
44211,-47.99535326428574,-25.76786178571428
44212,115.28695508515864,-30.846462042857123
44213,12.570415606635947,55.12258438866088
44214,12.551957506395867,39.64553861851195
44215,3.632647733885148,52.190226873832735
44216,106.77977820921441,20.83556686747631
44217,10.992415379094759,54.03112875439089
44218,16.18020828885953,54.1764275373987
44219,22.614530131203015,59.055641972896574
44220,5.783951912161711,52.66029395639437
44221,8.575085422537395,54.86456802867447
44222,-52.37608023678763,36.34140556257616
44223,3.2060593464533547,51.42752367318221
44224,127.9318529872653,36.54512026954091
44225,-121.3272816921843,39.764010676178785
44226,-0.5811297446942996,50.57422052770769
44227,1.301956949784289,51.507364426241665
44228,134.3694312166066,36.86509738379299
44229,3.0471092115008918,50.80023812889561
44230,14.798484256105176,38.025618129867595
44231,17.398480038083523,58.83780186448284
44232,134.84976420379428,34.90811142455814
44233,2.4050491719112226,51.56609033021687
44234,-2.992392244081037,39.95384908326688
44235,12.326217856131148,40.28372636009353
44236,12.85505392733265,55.36655157369492
44237,7.182039795563636,41.772682576698735
44238,116.37819462669644,-31.860940446931398
44239,-3.5360276848983063,44.49113833034207
44240,4.242574249034611,52.63903999051796
44241,1.7574523166666665,51.3785124333333
44242,3.855032542048048,52.67981833878099
44243,13.763708819793877,40.202817258617046
44244,20.381124384947235,37.67743066333091
44245,1.3947954683649497,54.06791046327034
44246,8.426845608712036,54.020421279883166
44247,15.382284631501744,55.64434350815691
44248,0.9532203947370018,50.98375033528231
44249,-93.93992965699455,29.8654840709804
44250,3.807608092327334,51.84482359088948
44251,-6.165012682494835,46.74806630564792
44252,0.9644652488812215,49.43397121763206
44253,3.9534440648573934,52.00010349452843
44254,12.05236569989695,38.05256186581451
44255,4.162286715501012,52.272124206237415
44256,6.997669992704891,54.66450548337142
44257,33.290901521428594,-28.184794330357153
44258,18.40478826443625,57.460688072906436
44259,115.6279045,-16.576833500000003
44260,10.373426135834562,42.6028181096756
44261,25.101277169727556,60.15397351359141
44262,128.96860730745314,30.13889294246852
44263,1.3730727142026424,52.52746438405121
44264,3.822030949315065,52.783862765546054
44265,5.261663175057725,53.123145340211295
44266,-7.53242780603182,44.06330841470829
44267,109.56006307511579,18.39251239777032
44268,-0.5592991276868858,48.15815485525721
44269,-0.12336084516740067,48.312892114936666
44270,6.534510976878621,53.71321908033623
44271,1.5753961096695814,44.583783556983626
44272,23.70860473151515,37.63469579999999
44273,10.130450646177467,57.378088702138065
44274,10.86069091787485,53.94371974789423
44275,0.3151015818704021,38.65141637927384
44276,21.70196754809242,39.77477930427572
44277,-121.04686357362192,40.66607015426561
44278,2.622079192068486,50.075969211392575
44279,4.717178278172738,53.45796931521019
44280,1.3341212705127392,51.64770233738078
44281,12.005897001882454,41.67765268741462
44282,-75.67410063378118,38.434918961154246
44283,10.77593220122772,41.30671120788127
44284,16.279697779072045,56.05267948427922
44285,4.596650677451433,52.0077540874666
44286,13.002432488848378,40.93253200440115
44287,12.272527711748783,55.199589532500056
44288,17.01889214102852,56.88973894534347
44289,22.010178981084014,59.295733242113826
44290,4.182562416308482,51.3085324884689
44291,13.001924343083465,42.427380047823426
44292,0.7649039259746964,50.203183984059585
44293,-3.0724598977894937,47.24699959477988
44294,6.962565529395835,53.12640907231948
44295,125.34516467746677,27.8469516147621
44296,-2.0563300930953687,50.23923848127433
44297,-77.42382799270767,35.702729107500524
44298,-2.717481327415639,43.618916176621276
44299,-15.419157235481137,28.14656146001214
44300,0.726347889651518,51.33598036601754
44301,-2.0687518054389455,40.46638029258992
44302,4.503505621613313,52.24854040125703
44303,-4.832711312109475,47.88501639257256
44304,0.12857790782849526,52.01391638386816
44305,124.70667534622213,25.763673776248698
44306,10.650690897641523,39.69782747015414
44307,-3.0891464090016143,47.24389594902231
44308,3.2290324297866873,51.434456131515546
44309,0.6522285350448085,48.18272280218675
44310,-72.12970342788373,27.04055076209793
44311,13.75654645282423,40.254712302611345
44312,-7.198702500261253,43.59080972557559
44313,13.038475386644073,42.42304871163523
44314,17.49785433809136,40.29923481533317
44315,1.8821806099695018,52.5333254407073
44316,5.645385648167422,55.00688077815902
44317,152.27999156187732,-30.456830782813736
44318,122.73295556157315,28.82795639878561
44319,4.706955185588836,52.92585579683926
44320,4.141788630206895,52.286236165060934
44321,106.59952633589532,8.919126104003007
44322,-0.8963467061407863,50.548685698878565
44323,26.428634216612018,37.36389708099729
44324,5.355455328771313,53.78354623126561
44325,6.434686464216726,52.67357343268886
44326,3.3466200443418996,51.56498598311117
44327,6.444316438462129,52.88293775954543
44328,-10.03071510917676,38.28939669216538
44329,128.4141404513915,29.848519512906563
44330,0.8747785789876237,50.247023934373416
44331,116.08633167530962,6.041572118516825
44332,-74.12664827020916,39.832251331475916
44333,0.7882115030235499,52.35960736778037
44334,3.9031624028455436,52.85214460706434
44335,10.158947985977115,41.58510566933644
44336,13.781679507350919,39.29103808748599
44337,3.3868809736889403,51.355371943049356
44338,4.415297706317051,52.66627488844477
44339,123.46262118044271,22.56643306376035
44340,125.31591155131578,-7.681326780263154
44341,-10.808439829455407,38.940001374394676
44342,0.9819375657643457,37.282586600912595
44343,-81.54050243974537,25.471050778879185
44344,-120.92318645850578,40.42845843973398
44345,1.3587858622825237,51.558950811314055
44346,-75.67410063378118,38.434918961154246
44347,1.74236745095338,51.13158090662306
44348,-75.32657103725522,27.71176209126453
44349,4.951244411672157,52.21019582807721
44350,12.75410624317104,56.54135315632243
44351,168.7108135440043,-37.95799099593669
44352,5.783951912161711,52.66029395639437
44353,109.52515298612774,19.247905547406006
44354,-0.3120404600141248,49.925267274047165
44355,115.28667358515864,-30.84606674285712
44356,1.7895196166666667,51.378973333333306
44357,-48.02010503928574,-25.79306521904761
44358,3.6326471049067686,52.190225754655195
44359,14.820679979157644,37.923742055900604
44360,106.77977164839216,20.83556790762304
44361,12.567704653070729,55.117842501356535
44362,22.622741631203017,59.06068277289656
44363,10.99126531886516,54.03022519384159
44364,125.34612437746675,27.847344714762094
44365,16.405997298944392,54.19362345533566
44366,12.535007479556787,39.64423021053165
44367,21.711492598092413,39.783055504275715
44368,-121.3000397945653,39.67009209760736
44369,128.00034711142712,36.528479827536415
44370,1.0045703488812217,49.35651521763206
44371,-0.5626394803489226,50.568388040263365
44372,17.46084474314655,58.83079696849546
44373,3.0060000551972945,50.76519811780212
44374,109.56198890844911,18.389524347770323
44375,134.68727937950857,34.82040928503432
44376,12.852018703860395,55.364935822507384
44377,4.608841987395368,52.025650783514
44378,134.36891051660658,36.864569683792986
44379,6.99767269205872,54.66450627969461
44380,1.0595590428491368,50.987820229108095
44381,7.826568484593085,41.7080957032677
44382,3.855032542048048,52.67981833878099
44383,4.242574249034611,52.63903999051796
44384,12.085735746325524,38.07690904010023
44385,116.38153825288687,-31.865523936613926
44386,2.4050489219112223,51.566089998398695
44387,6.534510976878621,53.71321908033623
44388,10.77594988456105,41.30859552454794
44389,8.556645453934909,54.85925388628317
44390,23.707447610988826,37.656563028070174
44391,-2.9491792715434086,39.925717277542674
44392,0.2991612114270522,38.642956268487715
44393,-3.547278334898307,44.48421448034207
44394,6.962565529395835,53.12640907231948
44395,1.3730833642026428,52.527462667384555
44396,-110.10460362141471,24.56197234784606
44397,4.182562250811406,51.308531921071236
44398,2.622079192068486,50.075969211392575
44399,1.334121198398918,51.64770220380355
44400,3.9534440648573934,52.00010349452843
44401,150.59771284990396,-31.59584083614952
44402,129.7091400516654,27.663934263948807
44403,20.3740104352001,37.67925986105512
44404,10.130450646177467,57.378088702138065
44405,10.86069091787485,53.94371974789423
44406,-2.054454393095369,50.23957948127432
44407,15.276210540509437,55.61463227392713
44408,12.912237926101072,40.9783370605021
44409,12.325527156131148,40.28471026009353
44410,-93.93993005871639,29.86548340498851
44411,16.34227615077946,56.073124877440314
44412,-77.42382799270767,35.702729107500524
44413,0.9741524355178288,51.23965089463169
44414,33.30433842142858,-28.183290555357154
44415,22.01261919219512,59.29874162544716
44416,-6.113916532245112,46.836988764760974
44417,10.387865998216125,42.59138653671042
44418,12.005897001882454,41.67765268741462
44419,3.814422729827334,51.845881331762506
44420,16.977543476224195,56.8896261540125
44421,0.8511649655871726,53.85007419243701
44422,18.405875964436238,57.43339877290642
44423,25.186599901630665,60.20399373475442
44424,3.792170697326086,52.88469038824372
44425,128.97316300745314,30.14528454246852
44426,-7.537814406031821,44.0532741147083
44427,-118.09859258699784,32.80499223672657
44428,-0.5592989648663731,48.15815472705208
44429,-0.12336068234688784,48.31289198673153
44430,1.6155353096695813,44.616604656983625
44431,4.717178278172738,53.45796931521019
44432,0.641063975346581,50.176696324946796
44433,-52.362514878692394,36.3170551711476
44434,5.261663175057725,53.123145340211295
44435,12.256899752518013,55.19680581096159
44436,8.431463902045369,54.02574076321649
44437,115.6348506,-16.5422459
44438,6.170665773111004,41.021213863368295
44439,0.13083513901060967,42.79483535048067
44440,129.7091400516654,27.663934263948807
44441,2.637219948158849,39.71832155212421
44442,1.8821806099695018,52.5333254407073
44443,-15.41915686573119,28.146561898397955
44444,13.756546769490896,40.25471220261135
44445,3.8215886108125847,52.09290937622654
44446,20.981592145871822,37.93393370503239
44447,3.2290324297866873,51.434456131515546
44448,-74.13268160727985,39.8490549431056
44449,0.9822933263704062,37.27985762970047
44450,10.650690897641523,39.69782747015414
44451,-3.7347711397848595,40.326073588974424
44452,-2.054454393095369,50.23957948127432
44453,13.027310715810739,42.424897998301894
44454,17.549676056742154,40.33135792326968
44455,4.49863337767392,52.250337501257036
44456,5.576577177306617,54.99348078852532
44457,122.59872576157314,28.736200998785602
44458,4.706955185588836,52.92585579683926
44459,-0.8922218394741196,50.548258976656335
44460,106.59783944839532,8.919995441503008
44461,152.25317396994186,-30.523484302007283
44462,5.356474556239108,53.78221068687071
44463,26.428634216612018,37.36389708099729
44464,6.4346869772419355,52.67357327666646
44465,25.186599901630665,60.20399373475442
44466,3.3466200443418996,51.56498598311117
44467,6.444316438462129,52.88293775954543
44468,0.7700534874079284,51.363923964030356
44469,-10.03071510917676,38.28939669216538
44470,128.42061038379532,29.95268404829118
44471,0.8649646589876234,50.240130914373424
44472,12.325527156131148,40.28471026009353
44473,116.08631761578583,6.041569532564445
44474,3.898552244234432,52.85215778317544
44475,5.783951912161711,52.66029395639437
44476,0.7882115030235499,52.35960736778037
44477,3.3868809736889403,51.355371943049356
44478,13.781679507350919,39.29103808748599
44479,10.154803985977116,41.58299490266978
44480,4.415297706317051,52.66627488844477
44481,123.46496204710937,22.568422463760356
44482,-3.0885847090016143,47.24424844902231
44483,-10.805953455169695,38.938383360108965
44484,126.24380685131582,-7.962324280263152
44485,124.74788330455546,25.875260437915372
44486,-81.39528643974535,25.414080178879185
44487,12.777909283171041,56.545426896322425
44488,1.805948785151241,51.05889229180488
44489,107.32379056367711,8.39000160724868
44490,4.951243996682477,52.21019566489351
44491,-75.67410063378118,38.434918961154246
44492,-75.25996862058855,27.772641874597838
44493,12.914792726101075,40.9867754605021
44494,168.7101483440043,-37.957980995936694
44495,-2.717481327415639,43.618916176621276
44496,14.813606679157644,37.92524748090061
44497,109.52993428612777,19.251568847406006
44498,-0.31284576001412473,49.925341274047156
44499,-48.01857821428573,-25.79533863571428
44500,115.28793968515865,-30.846753242857115
44501,10.387865998216125,42.59138653671042
44502,1.3587858622825237,51.558950811314055
44503,3.6326475451592937,52.19022606686479
44504,0.9644652488812215,49.43397121763206
44505,106.77977197061438,20.83556697428971
44506,31.67479422499998,-28.451222850000008
44507,10.99126531886516,54.03022519384159
44508,22.619270231203018,59.05790007289657
44509,16.40599779894439,54.19362315533567
44510,12.570415606635947,55.12258438866088
44511,109.9078344001158,18.61458424777032
44512,-110.08601788359698,24.58223674212489
44513,-0.59247893262165,50.554722353142154
44514,125.34516467746677,27.8469516147621
44515,128.0003475614271,36.52847750253642
44516,-121.1437755097168,39.44544712033464
44517,2.4761621666562563,51.58874275631359
44518,17.46311274314655,58.83189036849547
44519,4.120567015359537,52.273070923596386
44520,-2.068534374623985,40.470067225941015
44521,134.3699921166066,36.862426383792986
44522,-72.1291749945504,27.04310826209793
44523,3.047110363305403,50.80023849171516
44524,134.25132148432786,34.877693532991486
44525,0.6019444298703902,50.17000445447059
44526,128.97284990745314,30.14897534246852
44527,4.214062201613407,51.82575234480513
44528,115.63476029999998,-16.542568600000003
44529,7.822187798878797,41.70724743183912
44530,1.3730756142026428,52.52745558405121
44531,12.85505392733265,55.36655157369492
44532,4.630568521284257,52.04052022212512
44533,15.331764065509438,55.635719598927125
44534,-3.536819884898307,44.49015243034207
44535,4.242574249034611,52.63903999051796
44536,12.005897001882454,41.67765268741462
44537,-120.58020007350578,39.53636506723398
44538,3.807607896494,51.84482312065139
44539,23.70442333098882,37.66201458307015
44540,-2.949206671543409,39.924939577542666
44541,1.0310785783749716,51.266498351774544
44542,116.37872360519428,-31.861896315475402
44543,4.1825620912361625,51.30853205062187
44544,8.430204600378703,54.01801199654983
44545,12.556829165494287,39.59659036834415
44546,2.622079192068486,50.075969211392575
44547,0.5481753114205056,53.72025168827034
44548,10.130450646177467,57.378088702138065
44549,1.334121198398918,51.64770220380355
44550,8.520410715069366,54.85680359422434
44551,150.59670864990395,-31.595535736149515
44552,-1.9530862942015041,48.72405466720179
44553,1.0595592928491369,50.987820560926274
44554,-93.93993092152148,29.865483932832166
44555,-77.42382799270767,35.702729107500524
44556,20.381984052062844,37.67674355262374
44557,3.855032542048048,52.67981833878099
44558,1.7932327166666666,51.377997333333305
44559,-6.087741033018022,46.87414072072343
44560,10.86069091787485,53.94371974789423
44561,3.9534440648573934,52.00010349452843
44562,10.77594948456105,41.308596224547934
44563,16.34227615077946,56.073124877440314
44564,16.969595642890862,56.8963126540125
44565,12.09049391299219,38.083954993433565
44566,6.997672773472861,54.664506114622846
44567,-118.09722968699784,32.80492903672656
44568,33.298510821428586,-28.184277530357154
44569,22.00949218108401,59.296159342113825
44570,18.387137264436248,57.42663657290644
44571,-7.534748606031822,44.0550239147083
44572,6.962565529395835,53.12640907231948
44573,6.534510976878621,53.71321908033623
44574,1.6439405813362482,44.582384079483624
44575,4.717178278172738,53.45796931521019
44576,3.8799557406914214,52.775634581751135
44577,-52.35889650285906,36.31587289948093
44578,5.261663175057725,53.123145340211295
44579,21.70073834809242,39.77471480427571
44580,-0.5592993184378016,48.1581549306235
44581,-0.12336103591831639,48.312892190302954
44582,0.27328557333181425,38.60903320182105
44583,12.247837878774822,55.19324468432774
44584,0.6019444298703902,50.17000445447059
44585,3.807607233994001,51.84482319565139
44586,12.326217856131148,40.28372636009353
44587,10.387865998216125,42.59138653671042
44588,3.8452926846221076,52.099796219083686
44589,1.8821806099695018,52.5333254407073
44590,-3.7347711397848595,40.326073588974424
44591,107.3270926636771,8.389930407248677
44592,129.71050515166542,27.66334796394881
44593,17.546462741055883,40.330191327191244
44594,4.496031077673919,52.249898001257044
44595,-0.9140872278562326,50.54461655384924
44596,116.08631336578583,6.041589532564444
44597,-2.950217671543409,39.927809977542665
44598,10.650690897641523,39.69782747015414
44599,-2.717481327415639,43.618916176621276
44600,125.34516467746677,27.8469516147621
44601,12.570415606635947,55.12258438866088
44602,109.90535497511581,18.616433397770322
44603,4.214062201613407,51.82575234480513
44604,116.37775091240954,-31.861195245002293
44605,-3.3917738848983072,44.73774053034207
44606,4.242574249034611,52.63903999051796
44607,-2.06853475408827,40.4700668916553
44608,13.753930780842246,40.24920489139513
44609,150.59555228279868,-31.595177863781085
44610,13.030183315810739,42.4254681983019
44611,0.07569613782849523,52.03061354672529
44612,20.98205539389815,37.93375174737888
44613,-2.0563300930953687,50.23923848127433
44614,5.533728313945566,54.99562146946651
44615,122.59874441157314,28.736307098785602
44616,152.25151486994184,-30.509073702007285
44617,4.706955185588836,52.92585579683926
44618,4.120567015359537,52.273070923596386
44619,106.59661011089533,8.920600979003009
44620,26.428634216612018,37.36389708099729
44621,5.333091733458043,53.77774169061827
44622,6.434687320019714,52.67357357513868
44623,25.186599901630665,60.20399373475442
44624,3.3466200443418996,51.56498598311117
44625,6.444316438462129,52.88293775954543
44626,12.247411021338923,55.19330213919954
44627,-10.030225209176761,38.291111576780764
44628,0.7882115030235499,52.35960736778037
44629,128.41887325046198,29.95599216162452
44630,0.8605955339876232,50.23447123937341
44631,3.8951706548113547,52.852422310867745
44632,-74.15093072213075,39.84065289571412
44633,10.151373985977116,41.57279315266978
44634,3.3868809736889403,51.355371943049356
44635,13.781679507350919,39.29103808748599
44636,4.415297706317051,52.66627488844477
44637,-15.419157491412017,28.146560837695503
44638,123.464498043776,22.566686223760353
44639,0.9768220736106662,37.27707075300494
44640,124.74830645455546,25.875492117915364
44641,-10.810820721836363,38.93659942677563
44642,126.23298785131583,-8.020770080263153
44643,-81.40693383974535,25.421924078879183
44644,0.5488792683649502,53.71961536327033
44645,12.788326094282152,56.63100513798909
44646,-75.67410063378118,38.434918961154246
44647,-75.2518211257473,27.7728301267407
44648,4.951243996682477,52.21019566489351
44649,1.7421594467923338,51.063062550117365
44650,14.815158179157642,37.92545208090061
44651,168.92673484400427,-37.98175099593669
44652,0.9644652488812215,49.43397121763206
44653,115.63721439999999,-16.539910600000006
44654,109.53763108612776,19.246810647406004
44655,-0.3189856600141247,49.92728857404716
44656,11.136790635508591,40.019708958811165
44657,134.37342151660658,36.86430808379299
44658,134.1385220789467,34.880957311466815
44659,115.28695508515864,-30.846462042857123
44660,4.667559480068787,52.06792084124113
44661,1.3587858622825237,51.558950811314055
44662,-72.12903752788374,27.043814678764598
44663,-48.01675846428573,-25.793386285714277
44664,3.6326472744575393,52.190226122654266
44665,106.77977247061439,20.835567174289707
44666,22.61477770463736,59.053501627543035
44667,0.27328557333181425,38.60903320182105
44668,-110.08232878550174,24.585863957362996
44669,11.04550259347611,54.073788686568115
44670,15.489735736686328,54.112504850013096
44671,3.2755083056795447,51.46103556038459
44672,15.28039948190921,55.6158346120853
44673,5.261663175057725,53.123145340211295
44674,23.70472871651514,37.66097877333331
44675,-3.0898575877894934,47.24356432477988
44676,-121.19132365971676,39.55878752033463
44677,127.99682207050974,36.527133606414665
44678,10.77593210122772,41.30671140788127
44679,17.466770805646547,58.82858893099546
44680,-6.066510870956619,46.904539577083085
44681,-0.60098963262165,50.55078555314215
44682,5.7880547621617096,52.65041910639437
44683,128.97454950745313,30.15049604246852
44684,-7.53371230603182,44.05476671470829
44685,-118.10047270699782,32.80381245672657
44686,6.962565529395835,53.12640907231948
44687,2.4958518245004044,51.60285196250208
44688,18.375779364436248,57.42142877290644
44689,3.8840925012559375,52.777648957235016
44690,-52.2786281409543,36.4631258709095
44691,21.70580844809242,39.77478525427571
44692,12.556829165494287,39.59659036834415
44693,-0.5592993184378016,48.1581549306235
44694,-0.12336103591831639,48.312892190302954
44695,6.534510976878621,53.71321908033623
44696,1.3730727142026424,52.52746438405121
44697,8.546023377569366,54.85706788589101
44698,-112.03602187556473,31.88035343027855
44699,11.993432446317938,41.69099770295225
44700,-1.9530862942015041,48.72405466720179
44701,6.997672355464484,54.66450694455541
44702,16.34227615077946,56.073124877440314
44703,12.855072316013967,55.36386026618577
44704,1.058678578374972,51.25001485177454
44705,12.909269483153023,40.96520380364208
44706,3.047110050974575,50.80023863942192
44707,7.806649207969705,41.723407322748216
44708,22.005582381084015,59.29291814211382
44709,4.644141530533224,53.409134057825284
44710,1.7894557166666665,51.371780733333296
44711,1.0595592928491369,50.987820560926274
44712,1.625979581336248,44.57906327948363
44713,4.1825620912361625,51.30853205062187
44714,20.381124384947235,37.67743066333091
44715,-93.93993033250527,29.865484085049253
44716,-77.42382799270767,35.702729107500524
44717,2.622079192068486,50.075969211392575
44718,10.130450646177467,57.378088702138065
44719,1.334121198398918,51.64770220380355
44720,10.86069091787485,53.94371974789423
44721,3.9534440648573934,52.00010349452843
44722,12.11492810850501,38.09941105740792
44723,8.426845608712036,54.020421279883166
44724,33.302531721428586,-28.183760930357156
44725,16.96364894289087,56.8995644540125
44726,3.855032542048048,52.67981833878099
44727,-3.1042687877894934,47.060395424779884
44728,0.6556562895128936,48.186883004952705
44729,20.982167221380482,37.93180961021094
44730,125.34612437746675,27.847344714762094
44731,-3.733162939784859,40.327659388974425
44732,-2.068762988365775,40.46638437307772
44733,1.335950187528679,51.54776133829152
44734,-7.184137908639377,43.663060908889456
44735,-1.390274764258641,38.83721121953336
44736,10.650690897641523,39.69782747015414
44737,109.52515298612774,19.247905547406006
44738,106.7797732247983,20.835567488230353
44739,13.546893753767403,40.565343961761215
44740,0.1424520390106096,42.80081475048067
44741,3.300798051544206,51.47661145403537
44742,-72.13103903242921,27.03726066505067
44743,4.214061998605889,51.82575243427882
44744,129.7091400516654,27.663934263948807
44745,4.706955185588836,52.92585579683926
44746,3.9031625403455434,52.85214520706433
44747,-74.14777755768766,39.83076253843138
44748,-2.9514415100127964,39.90849241417533
44749,-75.35726273725523,27.71116229126453
44750,-48.03370633928574,-25.815058019047605
44751,3.38682502906982,52.29797791607884
44752,3.6326471049067686,52.190225754655195
44753,22.622691431203016,59.06065817289655
44754,11.045710307853604,54.0736026010758
44755,15.371782698944392,54.09869305533568
44756,-121.14866770502935,39.49560707815805
44757,128.00291777127353,36.51495802005805
44758,-0.7202389462569498,50.51391837106968
44759,2.9990115695456656,50.76570281755149
44760,12.567704653070729,55.117842501356535
44761,0.07210800782849525,52.03489028386815
44762,4.260430673183313,52.645163826777605
44763,116.37446173705577,-31.848709047389097
44764,13.753930980842247,40.249204591395134
44765,-3.34964797775545,44.77352568034206
44766,-2.0664368517160585,50.238900495067426
44767,150.58148384990392,-31.595022636149523
44768,13.031531249144074,42.42411091163523
44769,17.500225699389212,40.29871276052458
44770,122.73295556157315,28.82795639878561
44771,4.488550916562809,52.24539140125703
44772,0.27602153047467126,38.61259661610676
44773,5.50208792796821,54.99833776481284
44774,152.25158035455723,-30.530807109699595
44775,-0.9182120945228993,50.54504327607147
44776,4.107930441054007,52.26285075446904
44777,106.30247464294077,8.799314902347165
44778,5.332601938598231,53.77530317628804
44779,26.428634216612018,37.36389708099729
44780,6.4346869772419355,52.67357327666646
44781,134.1131907462454,34.87732202203104
44782,25.186599901630665,60.20399373475442
44783,3.3466200443418996,51.56498598311117
44784,6.444316438462129,52.88293775954543
44785,12.234204762985348,55.19144549485406
44786,-10.03071510917676,38.28939669216538
44787,0.8713195789876237,50.246446234373416
44788,128.42937243919988,29.836178105162197
44789,0.7882115030235499,52.35960736778037
44790,116.08627410795529,6.041557339111364
44791,13.781679507350919,39.29103808748599
44792,10.156080585977115,41.58691556933644
44793,3.405450205513944,51.371520565007565
44794,4.414612906317051,52.665464988444775
44795,4.029719467761962,52.21185529069035
44796,10.42074733059126,42.54818984674141
44797,123.4623921604427,22.56632312376035
44798,2.495852524500405,51.602853180683894
44799,126.20871155131579,-7.999134480263153
44800,-10.766072379542445,38.95353750346476
44801,124.73215793788879,25.770831771248705
44802,0.9828261573227873,37.277703003509984
44803,-81.54050203974536,25.47105087887919
44804,12.748240583171043,56.56535489632243
44805,-75.67410063378118,38.434918961154246
44806,1.4849611077534606,50.79824995739642
44807,14.856179164576169,37.79011065517703
44808,168.69472984400429,-37.96085089593669
44809,4.95125847406343,52.21019559227447
44810,-110.00768485749045,24.6643772404128
44811,-2.717481327415639,43.618916176621276
44812,11.136790635508591,40.019708958811165
44813,15.218960531809207,55.59139708392182
44814,1.334121198398918,51.64770220380355
44815,1.0045703488812217,49.35651521763206
44816,-6.090500339138437,46.88857050208308
44817,9.033616932945545,41.60788549903665
44818,6.962565529395835,53.12640907231948
44819,12.126749225171677,38.108897974074594
44820,4.039209082599438,52.44393514616234
44821,3.855032542048048,52.67981833878099
44822,12.117120389794625,41.340379926140905
44823,23.697514273488817,37.67136661973684
44824,-0.20396796001412476,49.95799157404716
44825,2.637219748158849,39.718321852124205
44826,20.271336602306043,37.70964491035744
44827,-93.93993020757345,29.865484680337815
44828,16.971861442890862,56.895816654012506
44829,17.42471701146473,58.848387854412124
44830,10.86069091787485,53.94371974789423
44831,134.3616316166066,36.861715483792985
44832,10.76758548456105,41.329802324547934
44833,33.32876469642858,-28.176205405357155
44834,5.7880547621617096,52.65041910639437
44835,128.97251060745316,30.15870727103995
44836,18.405875964436238,57.43339877290642
44837,115.636282,-16.533478300000002
44838,1.0595590428491368,50.987820229108095
44839,-7.545356206031821,44.01830701470829
44840,1.6599030569552244,44.657978269156274
44841,0.4596710348766561,50.14723101546684
44842,-52.355057522303504,36.3198548036476
44843,-107.65777576036596,27.27466172204346
44844,12.556829165494287,39.59659036834415
44845,2.622079192068486,50.075969211392575
44846,10.130450646177467,57.378088702138065
44847,3.9534440648573934,52.00010349452843
44848,1.3730835142026427,52.527463017384555
44849,6.534510976878621,53.71321908033623
44850,11.993432446317938,41.69099770295225
44851,21.711492598092413,39.783055504275715
44852,8.47479489204537,54.0427652232165
44853,-1.9473227706361806,48.70725164815417
44854,5.273480777640593,53.13098766513596
44855,16.458375479400814,56.12567857294396
44856,1.0629711640892574,51.2486636089174
44857,-0.5592991184378016,48.1581547306235
44858,-0.1233608359183164,48.31289199030296
44859,4.671224351735455,52.06918293874114
44860,115.28793648515867,-30.846762642857115
44861,137.7870735186544,34.806847377642065
44862,0.23445576627615522,39.31913626154247
44863,6.997673027539848,54.66450596985942
44864,22.012541281084008,59.29889369211382
44865,4.642888810962441,53.41080541588492
44866,1.834179616666667,51.372812633333304
44867,8.509190541568142,54.855868525933744
44868,-118.09859734324783,32.80500030547657
44869,12.852032303860394,55.3650405225074
44870,-77.42382799270767,35.702729107500524
44871,4.182562196791718,51.30853197839965
44872,0.5490186655871723,53.72101759243701
44873,0.14245223901060966,42.800815150480666
44874,-110.00708876572573,24.665041433353977
44875,0.23445576627615522,39.31913626154247
44876,10.42074733059126,42.54818984674141
44877,0.6556561895128936,48.18688310495271
44878,-2.068534374623985,40.470067225941015
44879,20.981869133371823,37.93380730503239
44880,-3.7347711397848595,40.326073588974424
44881,1.335950187528679,51.54776133829152
44882,13.781679507350919,39.29103808748599
44883,2.495852524500405,51.602853180683894
44884,12.325527156131148,40.28471026009353
44885,-48.03536383928574,-25.81867481904761
44886,-72.1323560324292,27.039379165050672
44887,1.4726087457593104,49.78748197104125
44888,-2.951709510012796,39.909919114175324
44889,12.118040205179236,41.343513603063975
44890,10.650690897641523,39.69782747015414
44891,-2.717481327415639,43.618916176621276
44892,22.00949218108401,59.296159342113825
44893,20.275416269168787,37.70841090192608
44894,-118.09723444324783,32.80493710547656
44895,115.28793968515865,-30.846753242857115
44896,3.6326475451592937,52.19022606686479
44897,106.77977329908401,20.83556762537321
44898,22.71837836120302,59.10176191289657
44899,11.045710307853604,54.0736026010758
44900,15.371783198944392,54.09869275533568
44901,15.012698521361637,55.51748056045014
44902,3.300798051544206,51.47661145403537
44903,-0.7387712151963437,50.50715690894847
44904,-121.13818713836268,39.49662872815805
44905,128.00291822127355,36.51495569505805
44906,3.040121877653774,50.80074319146454
44907,3.432195674002498,52.34467204074457
44908,4.214062201613407,51.82575234480513
44909,11.993432446317938,41.69099770295225
44910,12.570415606635947,55.12258438866088
44911,4.260430673183313,52.645163826777605
44912,-3.3391895277554497,44.77946363034207
44913,116.37207725610342,-31.847352675960533
44914,13.753930780842246,40.24920489139513
44915,150.58174724990394,-31.595106436149518
44916,129.71048545166542,27.66336666394881
44917,13.028257215810738,42.424770898301894
44918,-2.0683125517160583,50.23855949506743
44919,17.55088414105588,40.33107782719125
44920,4.481487899896141,52.24752510125704
44921,122.59874446157313,28.736306298785603
44922,5.4696578925530694,54.978547944574764
44923,152.25316635455724,-30.527927609699592
44924,-0.9140872278562326,50.54461655384924
44925,4.706955185588836,52.92585579683926
44926,4.103992641054007,52.26359232946905
44927,106.30080689294077,8.800168794013832
44928,26.428634216612018,37.36389708099729
44929,6.4346869772419355,52.67357327666646
44930,5.337443520621042,53.77340762723839
44931,25.186599901630665,60.20399373475442
44932,3.3466200443418996,51.56498598311117
44933,6.444316438462129,52.88293775954543
44934,-10.030695709176761,38.28989427678077
44935,116.08626231509815,6.041548994825649
44936,128.43936826092906,29.94012199970868
44937,-74.15180833449368,39.84960161511201
44938,0.7882115030235499,52.35960736778037
44939,0.8650105339876234,50.23945763937342
44940,12.23970580554945,55.192374549725855
44941,3.405450205513944,51.371520565007565
44942,3.8971924919617043,52.85155128544817
44943,10.86069091787485,53.94371974789423
44944,10.153959185977117,41.58086270266979
44945,1.6546057060461334,44.63409901824718
44946,14.853168614576168,37.79027405517703
44947,4.414612906317051,52.665464988444775
44948,-15.419156875369863,28.146561347936167
44949,123.46474522710938,22.568482223760356
44950,5.7880547621617096,52.65041910639437
44951,1.272301778943999,37.29178748233827
44952,-10.768453271923397,38.95013555584572
44953,131.2494493513158,-10.168013280263157
44954,-81.39504753974536,25.415676878879186
44955,124.74788322101887,25.875260947671464
44956,0.27328557333181425,38.60903320182105
44957,1.51677973264084,50.808374300075826
44958,9.027205247231258,41.60639362760808
44959,-2.06853455408827,40.4700670916553
44960,12.77905508317104,56.62828215882243
44961,115.63619159999999,-16.533801200000003
44962,-75.67410063378118,38.434918961154246
44963,4.951258275730096,52.210195840607796
44964,-75.28032932630283,27.772244511740702
44965,168.69406464400427,-37.96084089593669
44966,133.7229830317893,34.92570609112393
44967,23.696936143488816,37.67187854973683
44968,0.9644652488812215,49.43397121763206
44969,13.562758638211852,40.57035046747549
44970,134.36532391660663,36.85974678379299
44971,109.53022748612776,19.251905647406005
44972,16.489209649656733,56.13609006979219
44973,-77.42382799270767,35.702729107500524
44974,1.8653613166666674,51.3700253333333
44975,8.465586990378704,54.03542395654984
44976,4.062394837387301,52.44853142579123
44977,-100.68523062286594,22.047150809543464
44978,9.808467709390422,43.6434497846264
44979,-6.043909094820257,46.89138275662854
44980,0.017871437828495235,52.10872939047529
44981,10.55834109527345,41.08812599099546
44982,6.997671660079459,54.66450551831284
44983,5.273480777640593,53.13098766513596
44984,-0.20851816001412476,49.96022697404717
44985,-7.533783006031821,44.01834521470829
44986,12.533548646132243,39.591553800975966
44987,-0.5592993184378016,48.1581549306235
44988,-0.12336103591831639,48.312892190302954
44989,137.78362849008298,34.80573407049921
44990,4.675582666735454,52.0734773579078
44991,12.854920112332648,55.366193483694936
44992,6.962565529395835,53.12640907231948
44993,10.130450646177467,57.378088702138065
44994,1.3345041315879513,51.64764324175448
44995,1.3591844228982948,52.541472657964256
44996,21.696058719520988,39.77996907213285
44997,-1.9473227706361806,48.70725164815417
44998,1.122580937294301,51.56727096583882
44999,8.512021587996715,54.856115250933755
45000,1.1273801152522167,51.01586069102083
45001,-93.93933577262071,29.865074192697907
45002,16.970319442890858,56.91059350401249
45003,4.182562235521877,51.30853242633615
45004,17.412090285415776,58.85498205651003
45005,4.642888810962441,53.41080541588492
45006,12.151525770171679,38.123796624074586
45007,1.0610497515892576,51.2486854276674
45008,33.32293692142858,-28.177192230357154
45009,2.622079192068486,50.075969211392575
45010,3.855032542048048,52.67981833878099
45011,0.5390227114205056,53.71687678827034
45012,3.9534440648573934,52.00010349452843
45013,128.97024290745316,30.15592797103995
45014,6.534510976878621,53.71321908033623
45015,18.38007296443625,57.423549372906436
45016,-1.4089308786525803,38.84989745665458
45017,2.6372198901231347,39.71832182980278
45018,0.42546850979729095,50.140612404831906
45019,-52.355598722303505,36.3204558036476
45020,0.27328557333181425,38.60903320182105
45021,22.013635181084013,59.29342354211382
45022,9.027205247231258,41.60639362760808
45023,125.34516467746677,27.8469516147621
45024,14.851943702076165,37.793718117677024
45025,109.53945688612775,19.247390947406007
45026,-2.9524799100127965,39.91058511417532
45027,3.8951730169617047,52.85242365544816
45028,4.744124567536684,52.40632328987951
45029,-1.7485720617620029,43.54239115711491
45030,3.807607792327334,51.84482349088948
45031,-81.40084553974535,25.416094878879186
45032,10.650690897641523,39.69782747015414
45033,-2.717481141701353,43.61891641947842
45034,9.808467709390422,43.6434497846264
45035,106.779774053211,20.83556796013512
45036,2.495852524500405,51.602853180683894
45037,3.300798051544206,51.47661145403537
45038,-100.22006222286595,21.64478090954346
45039,12.570415606635947,55.12258438866088
45040,150.35419298279868,-31.53444696378109
45041,-3.7347711397848595,40.326073588974424
45042,113.07127109712576,33.544632333472734
45043,123.464498043776,22.566686223760353
45044,-15.419157510866318,28.146560569053875
45045,-10.768453271923397,38.95013555584572
45046,13.56462833821185,40.570656567475496
45047,131.24792675131582,-10.169737580263154
45048,1.3853072109005204,37.277018603570156
45049,4.041749367761961,52.21299849069035
45050,-72.13221856576254,27.04008558171734
45051,124.74830637101888,25.875492627671466
45052,12.781633194282154,56.6289778004891
45053,-75.67410063378118,38.434918961154246
45054,1.4989931692124836,50.801759225207114
45055,4.951258275730096,52.210195840607796
45056,16.549796829726457,56.16120164340723
45057,-75.28251282574728,27.772230226740703
45058,115.6386456,-16.531143200000006
45059,168.9106511440043,-37.9846108959367
45060,-0.2109130600141248,49.96001287404716
45061,20.274556602053178,37.70909801263324
45062,115.28695508515864,-30.846462042857123
45063,-48.03316456428574,-25.819502085714284
45064,-118.10047746324783,32.80382052547657
45065,3.6326472744575393,52.190226122654266
45066,22.71393603463736,59.097388067543044
45067,15.260225436686328,54.09179155001309
45068,11.047873817913885,54.07527247831282
45069,20.98190039389815,37.93312702237888
45070,-0.8125920529908298,50.4921265559159
45071,128.01296474063304,36.50969225349721
45072,-121.17211582169598,39.60844022815806
45073,3.0401215653229463,50.800743339171305
45074,14.982575518212386,55.50687972282535
45075,4.214062201613407,51.82575234480513
45076,116.3716341219043,-31.847357415192135
45077,-3.3249487541369103,45.046701231768104
45078,4.252537113183313,52.6486797517776
45079,13.753930780842246,40.24920489139513
45080,129.6970421516654,27.655219063948806
45081,-2.0683125517160583,50.23855949506743
45082,1.8837072833333337,51.35906893333331
45083,12.925834715810739,42.5042076233019
45084,10.86069091787485,53.94371974789423
45085,17.546551103555885,40.330186839691244
45086,-1.4403050548430567,38.85499429474981
45087,4.410141714181856,52.21483307685228
45088,5.80306376216171,52.65031910639437
45089,133.55122752063136,34.94153994229574
45090,122.59874441157314,28.736307098785602
45091,5.43212223298597,54.96430659831933
45092,152.19583316011278,-30.663075620810705
45093,4.706955185588836,52.92585579683926
45094,-0.9140872278562326,50.54461655384924
45095,4.10102834873799,52.25919404385883
45096,106.29959406044075,8.800771751513832
45097,26.428634216612018,37.36389708099729
45098,5.343102811241533,53.77068162262078
45099,1.3345041315879513,51.64764324175448
45100,6.434687320019714,52.67357357513868
45101,25.186599901630665,60.20399373475442
45102,3.3466200443418996,51.56498598311117
45103,6.4134387326650275,52.83864896613964
45104,1.8821806099695018,52.5333254407073
45105,12.240886207216118,55.194374771392525
45106,1.5987017060461335,44.634749118247186
45107,1.3663308673427392,52.53975442833462
45108,12.516668308165501,39.56901238565904
45109,-10.030225209176761,38.291111576780764
45110,134.37342151660658,36.86430808379299
45111,0.7882115030235499,52.35960736778037
45112,23.697853084015147,37.664170809999995
45113,128.44471728888604,29.93975763347212
45114,116.0855789235126,6.0408569057414
45115,-74.15590187164312,39.85761164572574
45116,13.781679507350919,39.29103808748599
45117,0.8605955339876232,50.23447123937341
45118,10.42074733059126,42.54818984674141
45119,0.9644652488812215,49.43397121763206
45120,-0.5592993184378016,48.1581549306235
45121,-0.12336103591831639,48.312892190302954
45122,12.096443080466479,41.28200191738043
45123,12.326217856131148,40.28372636009353
45124,6.534510976878621,53.71321908033623
45125,8.461576898712035,54.03438768988317
45126,2.622079192068486,50.075969211392575
45127,18.375779364436248,57.42142877290644
45128,0.4009320419746664,50.13754231362591
45129,-52.27533036039874,36.46770877507617
45130,0.24017873901060952,42.76289055048067
45131,5.273480777640593,53.13098766513596
45132,6.962565529395835,53.12640907231948
45133,4.062395012387301,52.44853152579123
45134,-1.9458974595250695,48.70780154259861
45135,3.9534440648573934,52.00010349452843
45136,0.05057673782849525,52.15155829047529
45137,10.130450646177467,57.378088702138065
45138,10.558323811940113,41.086240874328794
45139,3.405450205513944,51.371520565007565
45140,4.414612906317051,52.665464988444775
45141,137.80871791205348,34.806919219550835
45142,21.701128819520992,39.78003952213285
45143,10.171195302643783,41.520648619336455
45144,4.680326191735454,52.07690086752318
45145,-6.043909094820257,46.89138275662854
45146,6.9976725033432725,54.66450665647461
45147,1.0610497515892576,51.2486854276674
45148,1.338103733127634,51.663766536672156
45149,8.543118525496716,54.85965505510041
45150,1.1273801152522167,51.01586069102083
45151,128.97037910745314,30.15545097103995
45152,12.85937945193989,55.3682878058154
45153,-77.42382799270767,35.702729107500524
45154,4.182562086474258,51.30853223633615
45155,0.6015359534839978,53.746132219024304
45156,17.414636772915777,58.85235149401003
45157,4.642888810962441,53.41080541588492
45158,3.855032542048048,52.67981833878099
45159,-93.93914892536368,29.865024318558827
45160,-7.525933139365154,44.03096868137495
45161,2.623839479549447,39.76368504371556
45162,33.32695782142858,-28.17667563035716
45163,16.962338142890864,56.915222704012486
45164,12.162904470171679,38.134874224074586
45165,0.3147080304746713,38.64249300753533
45166,-2.9109011362485377,39.88916344459357
45167,9.808467709390422,43.6434497846264
45168,129.7086478516654,27.663615763948805
45169,110.11267331379244,33.7476377001394
45170,4.214061998605889,51.82575243427882
45171,13.040390076644071,42.42929579496857
45172,13.616784140434072,40.57043816080882
45173,-1.7269609617620032,43.56617599878159
45174,3.432195674002498,52.34467204074457
45175,3.9031631847899875,52.85214546817545
45176,4.414612906317051,52.665464988444775
45177,-15.419159279763376,28.146562234485547
45178,125.34612437746675,27.847344714762094
45179,124.72795136268553,25.777331286004802
45180,-2.717481327415639,43.618916176621276
45181,109.53395978612774,19.257224247406008
45182,-0.2162229155696803,49.951410158491605
45183,4.67744318197355,52.07460263502319
45184,133.65477911354802,35.04236936080765
45185,20.27703265230604,37.70789201035745
45186,-48.05960483928575,-25.856808785714275
45187,115.28314689587295,-30.84331582142855
45188,-118.09859734324783,32.80500030547657
45189,106.77977352479829,20.835567488230353
45190,3.6326460790520674,52.190226289117945
45191,22.724180784536344,59.1055128962299
45192,11.860708883797267,54.72127084345928
45193,15.371782401344515,54.098692576738046
45194,3.3130171627130367,51.48009662945746
45195,128.01296429063305,36.509694578497204
45196,-121.12540937347342,39.374676338630906
45197,-0.7422876773847692,50.51846759637045
45198,3.012716869545666,50.77738301755149
45199,18.39258876443624,57.42231487290642
45200,4.2705207944574175,52.61229283566419
45201,13.753930664175579,40.24920469139513
45202,-3.238458662802069,45.13453279196793
45203,1.2161732095286788,51.45914471029152
45204,116.37446042936344,-31.848710478158328
45205,150.34966654990393,-31.533079636149523
45206,12.535322278075219,55.09215434312487
45207,4.744124567536684,52.40632328987951
45208,14.871134314614041,37.82187285417956
45209,10.86069091787485,53.94371974789423
45210,-2.0664368517160585,50.238900495067426
45211,17.50018899938921,40.29867176052458
45212,-3.733162939784859,40.327659388974425
45213,5.7880547621617096,52.65041910639437
45214,122.73291280323981,28.828336640452275
45215,134.3695177166066,36.862667283793
45216,4.488542055024347,52.2453823704878
45217,5.376058890144645,54.9462906209334
45218,-0.9182120945228993,50.54504327607147
45219,4.706955185588836,52.92585579683926
45220,4.0611873427619605,52.215225915690354
45221,4.10102834873799,52.25919404385883
45222,106.30245221233471,8.799292519771406
45223,152.2507912545572,-30.533873109699595
45224,5.342829982973135,53.771038916040695
45225,20.98263014519001,37.93046321497285
45226,26.428634216612018,37.36389708099729
45227,6.434686464216726,52.67357343268886
45228,25.186599901630665,60.20399373475442
45229,3.3466200443418996,51.56498598311117
45230,6.4449837743316944,52.8830557378063
45231,12.229337502429793,55.18929609874295
45232,-10.03071510917676,38.28939669216538
45233,11.993432446317938,41.69099770295225
45234,-96.71438645748133,17.74832929223577
45235,0.8747785789876237,50.247023934373416
45236,128.44039494606557,29.831970334754168
45237,0.7882115030235499,52.35960736778037
45238,116.08627248551069,6.0415498606705045
45239,137.8073839082989,34.803358681180875
45240,-74.15274870720003,39.847721288443
45241,3.405450205513944,51.371520565007565
45242,-72.13103903242921,27.03726066505067
45243,13.781679507350919,39.29103808748599
45244,12.296921565958192,40.29729904492057
45245,3.8178818248273347,51.84645928509583
45246,123.4624038604427,22.56649282376035
45247,-1.4450523224139267,38.85711942028743
45248,1.8821806099695018,52.5333254407073
45249,2.6372196901231346,39.71832212980278
45250,131.72197945131578,-10.470019580263159
45251,-10.767444982927861,38.948332875798094
45252,1.387894494612642,37.27797895407521
45253,-81.54050253974536,25.47105057887919
45254,12.191630029060565,38.16212407518571
45255,-0.55929898681387,48.15815455882863
45256,-0.12336070429438477,48.312891818508085
45257,1.373682472489634,52.53796255859259
45258,12.516668308165501,39.56901238565904
45259,10.130450646177467,57.378088702138065
45260,12.823117937456757,56.676770434060536
45261,6.997674631445273,54.66450577698278
45262,-6.042098326638438,46.89381660208308
45263,0.09123027234394293,42.95786171714733
45264,-1.9473227706361806,48.70725164815417
45265,0.5490186655871723,53.72101759243701
45266,-52.35459283563683,36.32381325031427
45267,115.6402203,-16.5090549
45268,-75.67410063378118,38.434918961154246
45269,-7.537088439365155,43.93193783137495
45270,23.697963435306995,37.6685315864035
45271,1.3345041315879513,51.64764324175448
45272,1.4745091314852106,50.7902538375253
45273,4.951259397386443,52.210196163791494
45274,0.018117736268862226,52.2111000530441
45275,16.303785837447187,56.057494815347916
45276,-75.35726273725523,27.71116229126453
45277,11.227005288874588,40.04658648354117
45278,1.0045703488812217,49.35651521763206
45279,10.650690897641523,39.69782747015414
45280,10.514754175454225,42.43025371285514
45281,8.531274174230562,54.85975116967561
45282,1.1273801152522167,51.01586069102083
45283,128.98019602353708,30.133982228382607
45284,9.379621655027162,41.616713440272115
45285,-77.42382799270767,35.702729107500524
45286,6.962565346549832,53.12640930643254
45287,16.979458576224193,56.911398304012494
45288,1.5819818718438512,51.683595624979745
45289,17.362717074912673,58.87271812882873
45290,1.943028583333334,51.357898233333316
45291,168.69472984400429,-37.96085089593669
45292,-93.93914898960789,29.865023866160538
45293,21.706812969520982,39.788309772132855
45294,12.847895206257322,55.361396330876275
45295,10.158947985977115,41.58510566933644
45296,4.1825622696488605,51.308532364197966
45297,3.855032542048048,52.67981833878099
45298,4.649995081006426,53.420644143511275
45299,3.9534440648573934,52.00010349452843
45300,0.36474190935561884,50.13757772945924
45301,14.904344130198636,55.47925014038973
45302,10.558397895273448,41.08624139099547
45303,33.33779922142858,-28.170994755357157
45304,6.534510976878621,53.71321908033623
45305,2.622079192068486,50.075969211392575
45306,3.9416082081008956,52.54581180966134
45307,5.273480777640593,53.13098766513596
45308,8.45937348425316,54.11405598945027
45309,1.0760106849225908,51.249567994334065
45310,12.084292061223195,41.34025409756948
45311,0.2657512304746713,38.59257456753533
45312,11.993432446317938,41.69099770295225
45313,1.8821806099695018,52.5333254407073
45314,1.2161732095286788,51.45914471029152
45315,-2.9514440100127963,39.90910361417532
45316,-3.217074778287328,47.28968599687946
45317,134.3606426166066,36.859094183793
45318,125.34612437746675,27.847344714762094
45319,4.744124567536684,52.40632328987951
45320,14.87381448128071,37.80392479029067
45321,-15.41915863155132,28.14656135712682
45322,1.4726087457593104,49.78748197104125
45323,-2.068534374623985,40.470067225941015
45324,10.130450646177467,57.378088702138065
45325,-4.875129191393251,47.92442817551532
45326,-10.030749409176762,38.28725195883205
45327,4.414612906317051,52.665464988444775
45328,115.63991800000002,-16.5105375
45329,133.57740035923274,35.064199629116345
45330,-2.716332885370954,43.62052740025026
45331,18.382858764436243,57.42047067290644
45332,13.753930980842247,40.249204591395134
45333,129.7091045516654,27.663271863948808
45334,3.899313383906149,52.852108006559284
45335,-74.18665698895946,39.8277914322815
45336,3.405494838847278,51.37154159834091
45337,13.781679507350919,39.29103808748599
45338,123.46474532710937,22.568481523760354
45339,124.74788322101887,25.875260947671464
45340,131.57914485131585,-10.639465180263157
45341,-10.579524608642146,38.957001261512374
45342,1.389524827945975,37.27814203740854
45343,-81.3936044730787,25.41394494554585
45344,12.516668308165501,39.56901238565904
45345,12.830197677456756,56.678836807393864
45346,1.4847419073943016,50.796514328161656
45347,-75.67410063378118,38.434918961154246
45348,-75.09551177058856,27.706381774597848
45349,4.951258982396763,52.210196000607795
45350,168.6939094440043,-37.960993695936686
45351,109.53790178612775,19.260002047406005
45352,3.432195674002498,52.34467204074457
45353,-0.2047731600141248,49.95806557404717
45354,4.684209060306883,52.07869788585652
45355,-1.4515729714880008,38.86724863602817
45356,20.281112319168784,37.70665800192607
45357,-48.06087993928575,-25.859796685714272
45358,3.6326475909568297,52.19022577512985
45359,115.28791078515866,-30.846443342857114
45360,-118.09756444324785,32.80495240547656
45361,12.179287946838345,38.15175796074126
45362,106.77977352479829,20.835567488230353
45363,22.725042001203015,59.107602112896565
45364,15.801959117448938,55.852171455568204
45365,9.808467709390422,43.6434497846264
45366,4.062444038566157,52.22275524366238
45367,11.859049083898702,54.71986897856283
45368,15.371783101344512,54.09869247673805
45369,3.323597472561522,51.484641776124114
45370,-121.14305681892796,39.35365494772182
45371,20.982171500038493,37.9325835097943
45372,5.7880547621617096,52.65041910639437
45373,128.01296487396638,36.50969282016387
45374,-0.6230060138133405,50.55988012422758
45375,3.0671706034207618,50.8242341240935
45376,4.214062201613407,51.82575234480513
45377,116.37363124841113,-31.848877273396425
45378,4.260430673183313,52.645163826777605
45379,-3.148816612802069,45.177854941967944
45380,-2.0664368517160585,50.238900495067426
45381,150.3541645499039,-31.53442653614952
45382,13.094350855810738,42.47443833163523
45383,10.86069091787485,53.94371974789423
45384,17.55088414105588,40.33107782719125
45385,0.09354367234394288,42.95827811714734
45386,12.536802177139618,55.09552288992185
45387,4.48367633835768,52.247159170487805
45388,2.6372198901231347,39.71832182980278
45389,122.5986830032398,28.73658124045227
45390,9.302179678606844,41.61179618908142
45391,5.3343360287160735,54.933576830695294
45392,152.2551931462239,-30.524134618032928
45393,11.227005288874588,40.04658648354117
45394,4.706955185588836,52.92585579683926
45395,-0.9140872278562326,50.54461655384924
45396,4.10102834873799,52.25919404385883
45397,106.30077619983473,8.800155998938072
45398,0.9644652488812215,49.43397121763206
45399,4.0440878493414125,52.40161231450714
45400,26.428634216612018,37.36389708099729
45401,10.650690897641523,39.69782747015414
45402,3.9534440648573934,52.00010349452843
45403,6.534510976878621,53.71321908033623
45404,5.343828056782659,53.769728877945454
45405,6.4346869772419355,52.67357327666646
45406,25.186599901630665,60.20399373475442
45407,-72.1323560324292,27.039379165050672
45408,3.3330875741365635,51.506811122162304
45409,-0.5592991868138699,48.15815475882863
45410,-0.12336090429438476,48.31289201850808
45411,6.4449837743316944,52.8830557378063
45412,1.3736745616200687,52.53795590221577
45413,12.296921565958192,40.29729904492057
45414,8.555784238723316,54.86223236305355
45415,6.997674612381469,54.66450597269009
45416,-77.42382799270767,35.702729107500524
45417,4.182562384264245,51.30853251342874
45418,12.208872213540904,55.18124585429851
45419,1.6108547018438513,51.69342842497975
45420,12.849000759046346,55.362003092167335
45421,33.33309652142859,-28.172923830357153
45422,10.154803985977116,41.58299490266978
45423,3.855032542048048,52.67981833878099
45424,17.362907874912672,58.87384182882874
45425,8.452607367586493,54.10063187278361
45426,4.649995081006426,53.420644143511275
45427,1.3345041315879513,51.64764324175448
45428,-78.36188306429626,34.2197077999722
45429,0.35239334435561886,50.13769888695924
45430,1.1385716417908192,51.02310227387635
45431,-93.93914936018702,29.865024952283257
45432,21.696058719520988,39.77996907213285
45433,-1.5142994617620031,43.51608425711492
45434,2.622079192068486,50.075969211392575
45435,14.867867336057582,55.46642582286778
45436,1.949953583333334,51.35399903333331
45437,3.8076063164940006,51.84482261842917
45438,-52.3554148223035,36.3221098036476
45439,128.44577370403758,29.94069741104788
45440,5.273480777640593,53.13098766513596
45441,-7.534582539365155,43.93004783137495
45442,-94.23488906235936,15.834344848333325
45443,-1.9473227706361806,48.70725164815417
45444,23.697460610155485,37.66685909973683
45445,0.8649646589876234,50.240130914373424
45446,10.572671642842893,41.07795294550935
45447,1.0889886404781464,51.24976185544518
45448,116.0862595259869,6.041545741384789
45449,12.085211876607808,41.34338777449255
45450,-6.042257444820256,46.89299335662853
45451,137.8030366178227,34.80246564070469
45452,128.97524656199863,30.13968184376722
45453,0.5499750114205056,53.721016688270346
45454,-3.7347711397848595,40.326073588974424
45455,10.49479199870833,42.446287516040094
45456,-0.04447174706447108,52.227228681932985
45457,6.962565346549832,53.12640930643254
45458,16.97374534289086,56.91573060401249
45459,0.7882115030235499,52.35960736778037
45460,2.6372198901231347,39.71832182980278
45461,129.7099932516654,27.66304816394881
45462,14.871041131280709,37.80464989029067
45463,-14.442202477686456,28.218039412139127
45464,137.80591038369573,34.80108141927611
45465,13.613894151545182,40.568314534142154
45466,-3.7347711397848595,40.326073588974424
45467,4.744124567536684,52.40632328987951
45468,18.36942216443625,57.41251157290643
45469,-3.218347657075207,47.28900187263704
45470,-4.853427626403095,47.94456833826138
45471,-74.20036846193484,39.737301236407795
45472,-78.36165276846293,34.219107841638866
45473,1.4817779073943016,50.791217228161656
45474,109.54763138612776,19.25557274740601
45475,110.11215094762329,33.73950531514769
45476,17.546462741055883,40.330191327191244
45477,12.081118366985958,41.32797968408172
45478,4.48107403835768,52.246719670487806
45479,12.550434943806286,55.10093942325518
45480,122.5987016532398,28.736687340452267
45481,152.2325938462239,-30.589071618032925
45482,5.302451739931525,54.9236280943966
45483,4.706955185588836,52.92585579683926
45484,-0.9140872278562326,50.54461655384924
45485,12.180645730171678,38.152516910741255
45486,4.10102834873799,52.25919404385883
45487,106.29955204483473,8.80075593810474
45488,26.428634216612018,37.36389708099729
45489,4.032732374180381,52.39781611974064
45490,6.4346869772419355,52.67357327666646
45491,5.304361792867088,53.76164678339838
45492,115.64179390000001,-16.5098036
45493,25.186599901630665,60.20399373475442
45494,3.3330875741365635,51.506811122162304
45495,6.4449837743316944,52.8830557378063
45496,12.213779606105007,55.18265430917031
45497,-10.03025950917676,38.28896684344743
45498,3.8951730614061493,52.85242331655928
45499,13.781679507350919,39.29103808748599
45500,0.8605955339876232,50.23447123937341
45501,128.44695707070423,29.9412268243812
45502,-7.198701738639767,43.59080829350044
45503,116.0862637259869,6.041559341384788
45504,0.7882115030235499,52.35960736778037
45505,3.405494838847278,51.37154159834091
45506,-15.41915818618134,28.1465616460743
45507,123.46450834377602,22.566693423760352
45508,4.414612906317051,52.665464988444775
45509,124.74830637101888,25.875492627671466
45510,1.3906092109005204,37.280194170236825
45511,-10.584391875308814,38.95521732817905
45512,131.57096775131583,-10.70046148026316
45513,-81.40084577307869,25.416094445545852
45514,12.516668308165501,39.56901238565904
45515,-1.4610876322022863,38.86841629936151
45516,12.846535577456756,56.73976180739387
45517,-75.67410063378118,38.434918961154246
45518,-75.3371328935031,26.65439313638113
45519,168.9130601440043,-38.006541295936685
45520,4.95125906906343,52.210196147274466
45521,-2.7163326996566677,43.6205276431074
45522,0.18907867234394285,42.92010621714735
45523,-0.2109130600141248,49.96001287404716
45524,4.680436943640216,52.07829496085652
45525,12.297612265958191,40.29631514492057
45526,-48.05854266428574,-25.860376985714282
45527,20.18811658379263,37.74540829538717
45528,115.28692618515865,-30.84615214285712
45529,-118.10047746324783,32.80382052547657
45530,106.779774353211,20.83556796013512
45531,22.713102501203014,59.09923091289657
45532,15.14459713349901,54.08057206883436
45533,3.6326474466187113,52.19022590910115
45534,11.935184198238971,54.77527752362719
45535,1.3345041315879513,51.64764324175448
45536,-0.5261223827527345,50.595214328773054
45537,3.3313179829511324,51.48775162287737
45538,128.01296487396638,36.50969282016387
45539,-121.17060530226127,39.46717699772182
45540,3.0671738516162503,50.82423306127395
45541,20.982260560564814,37.932513602140794
45542,1.1969219547775476,51.452075070925005
45543,4.214062201613407,51.82575234480513
45544,-92.25946038833337,14.59916432560606
45545,-1.496194181762003,43.54133494711492
45546,0.3497515443556188,50.140982286959236
45547,-0.5592991868138699,48.15815475882863
45548,-0.12336090429438476,48.31289201850808
45549,0.20954846263979163,39.32233712154246
45550,1.8821806099695018,52.5333254407073
45551,3.855032542048048,52.67981833878099
45552,6.534510976878621,53.71321908033623
45553,5.7880547621617096,52.65041910639437
45554,3.432195674002498,52.34467204074457
45555,116.37163397103019,-31.847352994825005
45556,11.993432446317938,41.69099770295225
45557,-3.1175787771698857,45.31307239484151
45558,4.260430673183313,52.645163826777605
45559,13.753930780842246,40.24920489139513
45560,1.3736707032867352,52.53796337721577
45561,10.650690897641523,39.69782747015414
45562,4.067541588566156,52.22314944366238
45563,33.336794421428586,-28.172620230357158
45564,15.800944775350574,55.866763091176196
45565,133.57629728923274,35.06442572578302
45566,9.293923378606843,41.62845018908141
45567,8.444989450010736,54.10369960157148
45568,6.962565346549832,53.12640930643254
45569,-1.9473227706361806,48.70725164815417
45570,2.622079192068486,50.075969211392575
45571,5.273480777640593,53.13098766513596
45572,-93.93914947406167,29.865024842867864
45573,10.130450646177467,57.378088702138065
45574,1.9438207833333336,51.3425632333333
45575,-52.35448376039874,36.32410207507617
45576,-72.13221856576254,27.04008558171734
45577,-7.526214039365153,43.926616931374944
45578,0.5397266683649502,53.71624046327033
45579,14.750885936885533,55.42396571198544
45580,23.697479137348477,37.66656891499999
45581,3.9534440648573934,52.00010349452843
45582,3.807607112327334,51.84482327755615
45583,13.097223455810738,42.47500853163523
45584,-0.028177162064471073,52.264205151932984
45585,10.572598059509557,41.07795152884269
45586,0.9644652488812215,49.43397121763206
45587,1.0917426404781463,51.25016085544518
45588,11.227005288874588,40.04658648354117
45589,-6.043909094820257,46.89138275662854
45590,10.49479199870833,42.446287516040094
45591,6.9976745604017765,54.66450539476598
45592,128.97226476199862,30.136393043767217
45593,150.35419298279868,-31.53444696378109
45594,10.151373985977116,41.57279315266978
45595,10.86069091787485,53.94371974789423
45596,4.133257143297434,51.301420145650965
45597,4.625181653898944,53.39557131398019
45598,8.559259435151889,54.8627223047202
45599,125.34516467746677,27.8469516147621
45600,21.697287919520992,39.78003357213286
45601,-2.0683125517160583,50.23855949506743
45602,-77.42382799270767,35.702729107500524
45603,1.607328868510518,51.69293675831308
45604,17.364306249912673,58.87099205382873
45605,1.1685011529956446,51.05043678422213
45606,12.850730929729577,55.36326818206382
45607,16.96554854289086,56.920407804012484
45608,12.297612265958191,40.29631514492057
45609,-2.06853475408827,40.4700668916553
45610,143.9658419857142,-38.141057298809514
45611,1.5987017060461335,44.634749318247174
45612,1.8821806099695018,52.5333254407073
45613,-15.419159462217758,28.146560233381045
45614,9.808467709390422,43.6434497846264
45615,2.5455139212697144,51.63898114548688
45616,109.53399798612774,19.257272147406006
45617,0.376686790358388,50.160753322449736
45618,116.11556362398771,-31.529265986334686
45619,4.089023749959107,52.532781141524126
45620,110.11065176428994,33.74838198181436
45621,6.44498395918018,52.88305576507903
45622,137.78424978417192,34.7974592497523
45623,1.1969219547775476,51.452075070925005
45624,13.781679507350919,39.29103808748599
45625,-14.475356442912295,28.185879743902124
45626,-2.727278984217773,43.6170512331928
45627,20.982822288047156,37.92907501497285
45628,-48.075667839285735,-25.882261169047606
45629,22.734789656050193,59.09773560314218
45630,12.430460798471602,55.01089159464304
45631,15.371782401344515,54.098692576738046
45632,3.3379821900939897,51.48876779073451
45633,-121.13998181892795,39.35979694772182
45634,-0.6369617651936592,50.5738295678019
45635,128.01296429063305,36.509694578497204
45636,3.012079868362893,50.77774663650821
45637,4.214061998605889,51.82575243427882
45638,13.658246744589919,40.55070528143654
45639,150.34957824990394,-31.53301143614952
45640,-3.1947386727839207,45.44944679922748
45641,4.246313293735023,52.59465941765593
45642,18.43996466443624,57.438413172906415
45643,13.757747473362167,40.26045169269672
45644,1.3345041315879513,51.64764324175448
45645,10.86069091787485,53.94371974789423
45646,13.129966546051477,42.471703453709296
45647,-1.9631929704077162,50.26624030082632
45648,17.50018899938921,40.29867176052458
45649,122.73291280323981,28.828336640452275
45650,4.488531455024347,52.24537727048781
45651,152.2399303462239,-30.73322067517578
45652,5.249842307449841,54.912818484396595
45653,12.531559502941,55.088884874201355
45654,-1.4559155581282124,38.85829322528743
45655,4.706955185588836,52.92585579683926
45656,0.09579607234394302,42.963921617147335
45657,4.10102834873799,52.25919404385883
45658,106.30244729316809,8.799278646438074
45659,0.5467913655871723,53.720974192437005
45660,26.428634216612018,37.36389708099729
45661,5.304088632208434,53.76200428431411
45662,6.434686464216726,52.67357343268886
45663,25.186599901630665,60.20399373475442
45664,-91.84001198833339,14.229497025606056
45665,3.355181416556322,51.520757161514695
45666,12.201241212830404,55.18264705539721
45667,-10.030765809176762,38.28804289216538
45668,128.43874107061103,29.830052913845083
45669,116.08659279423888,6.041955375269632
45670,0.8747785789876237,50.247023934373416
45671,0.7882115030235499,52.35960736778037
45672,3.9030915347899877,52.85216231817545
45673,-74.35587358327916,39.54806506261702
45674,5.78814364216171,52.648465166394374
45675,3.405494838847278,51.37154159834091
45676,1.0045703488812217,49.35651521763206
45677,4.390982967641837,52.657438352333656
45678,123.4677401564427,22.560100363760352
45679,-10.582010982927859,38.95861927579809
45680,1.3527908946126421,37.27397875407521
45681,-0.9182120945228993,50.54504327607147
45682,-81.53809163974537,25.494797278879183
45683,124.72621990541282,25.775396974186616
45684,-3.211671998287328,47.29240403687946
45685,132.07090465131577,-10.949718380263159
45686,133.5651779986371,35.07380402734039
45687,12.516668308165501,39.56901238565904
45688,12.823117937456757,56.676770434060536
45689,-75.67410063378118,38.434918961154246
45690,-75.15231555150453,25.51805878819932
45691,1.4656682620003618,50.76962168364651
45692,11.907001619419166,41.41846864340281
45693,4.95125948405311,52.210196310458166
45694,168.9095763440043,-38.01938059593669
45695,3.4312352790024976,52.35130648574457
45696,3.926385934399491,52.116413172829056
45697,11.227005288874588,40.04658648354117
45698,-3.7325916997848596,40.32764296897442
45699,-0.20396796001412476,49.95799157404716
45700,4.68165424831181,52.078982309095444
45701,-72.1402370324292,27.052763665050676
45702,12.187402789060565,38.158105311852374
45703,6.534510976878621,53.71321908033623
45704,-0.5592321034805365,48.1581496254953
45705,-0.12329382096105147,48.31288688517475
45706,20.18489658404549,37.74595519311137
45707,3.9534440648573934,52.00010349452843
45708,-93.9391488644617,29.865024135361313
45709,0.17918583692550583,39.25091341439961
45710,115.28669638515865,-30.845093142857113
45711,8.52862907956764,54.86239773980057
45712,-118.10547479352563,32.82141894936545
45713,6.962565346549832,53.12640930643254
45714,4.133257247900609,51.30142011342874
45715,3.855032542048048,52.67981833878099
45716,125.34612437746675,27.847344714762094
45717,1.231216969983395,51.053080669783554
45718,-1.4878021367341179,43.550505026233324
45719,3.6326472770679405,52.19022554110208
45720,1.5873122554891768,51.64813927326012
45721,4.625181653898944,53.39557131398019
45722,10.123679049528612,57.35744791697426
45723,-77.42382799270767,35.702729107500524
45724,14.795492418142997,55.43947217983151
45725,106.77977356182483,20.835567191155032
45726,10.572671698557178,41.0779526683665
45727,8.467234083344069,54.121069924904816
45728,33.340557821428575,-28.170882655357154
45729,16.98059027622419,56.9336535540125
45730,2.622079192068486,50.075969211392575
45731,115.6441283,-16.5164204
45732,3.817881349827334,51.84645921842916
45733,5.274978999069165,53.13180188775501
45734,15.64755822101288,55.80648270293166
45735,1.09494797381148,51.24251607211184
45736,23.698209330155485,37.66421468973684
45737,2.002409716666667,51.33391483333332
45738,-52.35454874516065,36.32628372174284
45739,6.9976739851937495,54.66450578344728
45740,129.01173984053668,30.112805176579723
45741,-6.042098326638438,46.89381660208308
45742,10.516850954060855,42.40553853627055
45743,9.322871645712105,41.6168573522393
45744,-7.559763539365154,43.831004831374955
45745,10.158947985977115,41.58510566933644
45746,-1.9296942800111805,48.705802991904164
45747,-0.10470314956447108,52.29045321443299
45748,10.650690897641523,39.69782747015414
45749,21.706261040109222,39.7888503462505
45750,12.973119307105794,55.278379681432995
45751,17.362717074912673,58.87271812882873
45752,1.3736806582588645,52.53796063769516
45753,1.416906275569943,44.720454680151946
45754,13.658246744589919,40.55070528143654
45755,-14.475356442912295,28.185879743902124
45756,137.78266431226714,34.79649007641897
45757,0.0865531004846613,38.54751193606847
45758,-48.075263439285735,-25.882688669047603
45759,-2.727278984217773,43.6170512331928
45760,0.17729483692550588,39.2524294143996
45761,144.05579773333326,-38.14546927499999
45762,1.1724832776922167,51.44100008929509
45763,20.98233530003849,37.93125460979431
45764,3.3379821900939897,51.48876779073451
45765,-121.14090581892796,39.35983014772182
45766,18.383388264436245,57.40789707290644
45767,125.34900899746675,27.850332462262095
45768,12.5330394020054,55.09225342099834
45769,-74.3614514494272,39.544369449814106
45770,-77.42382799270767,35.702729107500524
45771,109.51672228612775,19.250838547406005
45772,-1.9296942800111805,48.705802991904164
45773,4.683632593311809,52.079331636595434
45774,20.089106589447752,37.780590888322614
45775,-118.10444189352563,32.82137104936545
45776,3.6326475909568297,52.19022577512985
45777,115.26952818515866,-30.718875142857108
45778,106.77977356182483,20.835567191155032
45779,22.858887072716865,59.148610257646695
45780,15.371783101344512,54.09869247673805
45781,12.481953502711535,55.04898354776219
45782,-0.623885865193659,50.58021430113523
45783,6.534510976878621,53.71321908033623
45784,3.039487213289183,50.80110720633034
45785,4.214062201613407,51.82575234480513
45786,150.35407624990393,-31.534358336149516
45787,4.181368280531984,52.605562137982545
45788,-3.1366440288445268,45.575879361616074
45789,13.752948790028833,40.25638046769672
45790,116.37364649329206,-31.848860040229038
45791,-1.9631929704077162,50.26624030082632
45792,10.86069091787485,53.94371974789423
45793,13.118801875218145,42.473552740375965
45794,17.55088414105588,40.33107782719125
45795,-2.951709510012796,39.909919114175324
45796,4.48367633835768,52.247159170487805
45797,122.5986830032398,28.73658124045227
45798,152.2408717462239,-30.73251107517578
45799,5.220150094116508,54.89919684772991
45800,4.706955185588836,52.92585579683926
45801,106.29198638066808,8.804396533938073
45802,-0.9140872278562326,50.54461655384924
45803,4.10102834873799,52.25919404385883
45804,26.428634216612018,37.36389708099729
45805,4.192832420290532,52.38861342864266
45806,5.30819609647181,53.76439289798468
45807,6.4346869772419355,52.67357327666646
45808,1.8821806099695018,52.5333254407073
45809,25.186599901630665,60.20399373475442
45810,3.355181416556322,51.520757161514695
45811,6.44498395918018,52.88305576507903
45812,12.1920508128304,55.178891205397214
45813,-10.033256173462476,38.27547008422887
45814,115.64370290000002,-16.5185901
45815,128.44404644676484,29.938770499229694
45816,116.08658241090556,6.041954253602964
45817,3.8998726405728146,52.85137906655928
45818,0.8649646589876234,50.240130914373424
45819,6.962565346549832,53.12640930643254
45820,0.7882115030235499,52.35960736778037
45821,5.78814364216171,52.648465166394374
45822,3.405494838847278,51.37154159834091
45823,0.5515390114205057,53.72020638827034
45824,4.396953404005473,52.63250158415184
45825,-15.419158511167396,28.14656099379918
45826,3.2417696391244384,39.18276508522513
45827,13.781679507350919,39.29103808748599
45828,123.47008105069558,22.562089359484492
45829,-10.579524608642146,38.957001261512374
45830,1.1994202217338539,37.20862432773682
45831,124.74615596374615,25.873334035853283
45832,-81.39202717307869,25.437658145545846
45833,15.439339991729186,55.713620427085885
45834,10.516850954060855,42.40553853627055
45835,9.15976660125445,41.6085834980339
45836,-0.5592323034805367,48.15814982549529
45837,-0.12329402096105146,48.31288708517475
45838,12.516668308165501,39.56901238565904
45839,3.925042234399491,52.11733127282905
45840,12.83693473922146,56.67418632209974
45841,-75.67410063378118,38.434918961154246
45842,1.403872258189173,50.67236177267448
45843,0.9644652488812215,49.43397121763206
45844,-75.24116876522136,25.51679280604592
45845,4.95125906906343,52.210196147274466
45846,168.9086819440043,-38.01999749593669
45847,-72.1415540324292,27.05488216505067
45848,110.11302154762329,33.74060616514769
45849,133.56143145663708,35.07606416067372
45850,0.09666867234394295,42.96243051714734
45851,-93.93914888504081,29.86502477148403
45852,-1.498093336734118,43.53930828456665
45853,128.01296487396638,36.50969282016387
45854,-0.32033434494908647,52.351417009625294
45855,-52.355370731827314,36.324580275076165
45856,12.978601900322168,55.27194367708912
45857,3.855032542048048,52.67981833878099
45858,1.3245443317540642,51.64809723909667
45859,21.695506790109224,39.7805096462505
45860,11.38807472565404,40.048312736080035
45861,4.133257292345053,51.30142033565097
45862,-6.042257444820256,46.89299335662853
45863,8.537536644060394,54.861470602409284
45864,1.666991638544732,51.697198807149014
45865,-3.217074778287328,47.28968599687946
45866,-3.7337762997848585,40.32595991897442
45867,1.2321156813896104,51.055338037983084
45868,10.154803985977116,41.58299490266978
45869,17.362907874912672,58.87384182882874
45870,12.186187110940907,38.15266010497202
45871,-78.36209910338717,34.21428201360856
45872,10.650690897641523,39.69782747015414
45873,33.33309634642858,-28.172923980357155
45874,2.6221031683574028,50.07596778670555
45875,4.625181653898944,53.39557131398019
45876,10.123679049528612,57.35744791697426
45877,3.9534440648573934,52.00010349452843
45878,3.4622247007130245,52.383612196665624
45879,14.795492418142997,55.43947217983151
45880,1.3736720732623156,52.537953813699296
45881,5.274978999069165,53.13180188775501
45882,-7.548457939365152,43.825450031374956
45883,-91.40296164292998,13.462134597838704
45884,23.697825100155484,37.666370319736835
45885,11.90849303480378,41.42393102032589
45886,131.5781210513158,-10.645646880263158
45887,3.7667952413293104,51.83737179714019
45888,10.566674848557179,41.045503168366494
45889,-0.27002635001412484,49.917368150713834
45890,1.0984255738114796,51.24306200211185
45891,2.0127169166666667,51.32598883333332
45892,6.9976742661299465,54.66450577915459
45893,129.0089618405367,30.11102857657972
45894,8.460863366677403,54.10828420823814
45895,16.97366154289086,56.94373955401251
45896,0.1787232369255058,39.25450341439961
45897,129.70186383750587,27.660549271319837
45898,9.109571492558796,41.594135467599116
45899,3.9534440648573934,52.00010349452843
45900,150.35413164990393,-31.53434893614951
45901,12.853272639221462,56.73511132209975
45902,-14.477150942912296,28.184731043902126
45903,-3.733285723594382,40.326008557069656
45904,106.29076281400141,8.804997608938073
45905,11.984026537265937,41.715854898993754
45906,-15.419158437684686,28.14656174574145
45907,6.962565346549832,53.12640930643254
45908,10.516850954060855,42.40553853627055
45909,12.516668308165501,39.56901238565904
45910,1.3836391055108024,50.682108076014856
45911,4.95125934031343,52.21019590102446
45912,-75.67410063378118,38.434918961154246
45913,115.64564310000002,-16.517500300000002
45914,-75.2147847637134,25.526482918188776
45915,169.1271514440043,-38.06563849593669
45916,-1.4831430790590314,38.874527144727246
45917,-2.727278798503487,43.61705147604994
45918,-77.42382799270767,35.702729107500524
45919,-0.26578453669014157,49.906295723469796
45920,4.679860476645143,52.07892871159544
45921,19.971614382824622,37.826800189891614
45922,-1.9296942800111805,48.705802991904164
45923,-118.1078111935256,32.821335849365454
45924,115.29043401373008,-30.74255157142855
45925,3.6326474466187113,52.19022590910115
45926,106.77977439023752,20.835567663059802
45927,-48.41355826428573,-25.559400435714277
45928,12.589379869862196,55.1242743453434
45929,3.3465095734273227,51.49235130740119
45930,15.14459713349901,54.08057206883436
45931,14.722905747947372,37.841358749814475
45932,-121.16845430226127,39.47335219772182
45933,-0.6348925674663863,50.58028700568068
45934,3.041556861484671,50.800510443510795
45935,4.214062201613407,51.82575234480513
45936,18.370091864436247,57.40054327290643
45937,0.19428227234394288,42.926953317147344
45938,4.181368280531984,52.605562137982545
45939,116.3716497359111,-31.847335028324288
45940,13.752948590028835,40.25638076769672
45941,-3.081113128844527,45.62873146161607
45942,13.781679507350919,39.29103808748599
45943,10.11030953137665,57.3169292464452
45944,13.121674475218144,42.47412294037596
45945,144.0279225999999,-38.16171299999999
45946,-2.9524799100127965,39.91058511417532
45947,10.86069091787485,53.94371974789423
45948,-1.9650686704077163,50.26589930082632
45949,17.84502019895062,40.406264055261424
45950,1.376767175569943,44.68763358015195
45951,109.52772408612776,19.258897547406008
45952,152.2392126462239,-30.718100475175778
45953,4.48107403835768,52.246719670487806
45954,122.5987016532398,28.736687340452267
45955,5.214875225764859,54.89848411439658
45956,-2.6724675553302903,47.05287960541236
45957,4.706955185588836,52.92585579683926
45958,6.534510976878621,53.71321908033623
45959,4.099447934092557,52.258044080094024
45960,-91.00771534292998,13.195059297838704
45961,4.181476945129502,52.384817233876156
45962,26.428634216612018,37.36389708099729
45963,5.298818538273206,53.766455272918336
45964,6.4346869772419355,52.67357327666646
45965,133.5596403449704,35.078130599007046
45966,25.186599901630665,60.20399373475442
45967,3.355181416556322,51.520757161514695
45968,-0.821950693480537,47.86611496049529
45969,-0.3860124109610513,48.020852220174746
45970,6.44498395918018,52.88305576507903
45971,12.546672168672064,55.09766995433168
45972,-10.032766273462476,38.27718496884426
45973,12.196958205394504,55.180299660269014
45974,0.8605955339876232,50.23447123937341
45975,128.4533836134315,29.935063912563027
45976,116.08658441090556,6.041965153602964
45977,3.405494838847278,51.37154159834091
45978,3.897314388649739,52.851209424251586
45979,0.7882115030235499,52.35960736778037
45980,-74.36176742974666,39.531429079078904
45981,2.6221031683574028,50.07596778670555
45982,-72.14141656576254,27.055588581717338
45983,0.9644652488812215,49.43397121763206
45984,3.2417696391244384,39.18276508522513
45985,-6.043909094820257,46.89138275662854
45986,1.3736695756432675,52.537962185127874
45987,1.3224556509005208,37.27444242357016
45988,4.396953404005473,52.63250158415184
45989,123.46983436736222,22.560293359484493
45990,21.990286631084007,59.28573429211382
45991,1.8821806099695018,52.5333254407073
45992,-3.218347657075207,47.28900187263704
45993,0.5412906683649502,53.71543016327033
45994,128.01296487396638,36.50969282016387
45995,-0.32651284494908644,52.352870309625295
45996,-0.9140872278562326,50.54461655384924
45997,-10.461157292542373,38.871413234150324
45998,21.69673599010922,39.7805741462505
45999,14.795492418142997,55.43947217983151
46000,11.415867070565163,40.083018478272265
46001,8.504302315488966,54.855478075325934
46002,3.4622247007130245,52.383612196665624
46003,1.6756833657883214,51.7043412866362
46004,5.78814364216171,52.648465166394374
46005,3.93003948439949,52.11722437282905
46006,-81.40367457307869,25.445502045545844
46007,16.96659504289086,56.958058554012496
46008,4.133257143297434,51.301420145650965
46009,12.256284751325522,38.221175268433555
46010,-78.36196410755383,34.21397005527523
46011,1.2595325037249372,51.06840843408404
46012,10.151373985977116,41.57279315266978
46013,124.7489659984287,25.88788150569455
46014,10.650690897641523,39.69782747015414
46015,13.00677885386414,55.254611651916555
46016,33.33679424642858,-28.172620380357156
46017,3.855032542048048,52.67981833878099
46018,17.364306249912673,58.87099205382873
46019,1.314580111088163,51.64855683370057
46020,22.84998685271687,59.13829493098003
46021,4.625181653898944,53.39557131398019
46022,3.7667962138293105,51.83737222404495
46023,0.38296120717415155,50.163611573902614
46024,10.566601065223843,41.04550215169983
46025,-52.35437576039873,36.32825387507617
46026,5.274978999069165,53.13180188775501
46027,-93.9391492610061,29.865024217312307
46028,11.897251017233879,41.38120112749948
46029,1.9946797166666663,51.315224733333324
46030,110.11215094762329,33.73950531514769
46031,-7.545257139365151,43.82467773137496
46032,15.300415072027832,55.65268578516694
46033,8.456180990010736,54.11079974157147
46034,-1.4977489367341181,43.54007178456666
46035,1.0984255738114796,51.24306200211185
46036,23.697769037348476,37.66377581499999
46037,131.57004265131584,-10.705698780263157
46038,1.1724832776922167,51.44100008929509
46039,6.997674109150255,54.664505551230484
46040,129.0090299405367,30.11079007657972
46041,1.2858624733103852,51.646059159533905
46042,0.11112705192608342,38.542963384824816
46043,3.9044810014566536,52.85144208817545
46044,9.804771338252902,43.61784639786918
46045,10.536813130806753,42.389504733085595
46046,12.525823528998835,39.571540820034045
46047,-2.068762988365775,40.46638437307772
46048,1.0045703488812217,49.35651521763206
46049,4.214061998605889,51.82575243427882
46050,150.34873174990392,-31.53246483614952
46051,13.650489886524264,40.607770920502446
46052,6.434686464216726,52.67357343268886
46053,-81.53514073974537,25.501517278879188
46054,-78.3646958899844,34.212429955969675
46055,12.850645649221462,56.732838452612576
46056,4.95125975530311,52.21019606420817
46057,-75.5914154580977,38.45833681219388
46058,1.305137206590115,50.66338443580284
46059,-75.38183577158496,24.255576818116634
46060,168.90667734400432,-38.01726589593668
46061,-74.06530076757221,29.98524711266379
46062,14.710772889614043,37.84308480148115
46063,144.12564743333326,-38.17639569999999
46064,-77.42382799270767,35.702729107500524
46065,-2.4829054963269646,38.777937835957935
46066,-0.26253692759923253,49.89402702233342
46067,-1.9296942800111805,48.705802991904164
46068,4.6996395866570575,52.08512927816989
46069,19.90975050691193,37.858943085383615
46070,115.29792321373009,-30.74209547142855
46071,-118.10605721227562,32.82277733061546
46072,-48.44495273928572,-25.60066246904761
46073,106.77977532598308,20.8355612086948
46074,3.6326470270679407,52.19022579110209
46075,12.397761459651887,54.700408349540545
46076,15.37597301126759,54.10146772212267
46077,3.3543674491848985,51.49775047406785
46078,-0.6531986518603259,50.57820552780189
46079,-121.13781841892798,39.37009874772182
46080,3.018284168362893,50.77595018650822
46081,3.9534440648573934,52.00010349452843
46082,4.190781530902355,52.60552331201032
46083,8.980330977477081,41.58054354258132
46084,18.390879589436235,57.41589642290641
46085,-2.718192855051106,43.68111717902613
46086,13.752948790028833,40.25638046769672
46087,116.38480938757772,-31.861733791657606
46088,-3.097855178844526,45.62194941161607
46089,129.69382812850722,27.65809414117699
46090,-1.9631929704077162,50.26624030082632
46091,-1.465308661201889,38.872094931632
46092,13.115758908551479,42.477140653709306
46093,2.61945787879458,50.07491794086845
46094,-2.9514415100127964,39.90849241417533
46095,6.962565346549832,53.12640930643254
46096,10.86069091787485,53.94371974789423
46097,17.850083907283953,40.41220070526142
46098,122.73291280323981,28.828336640452275
46099,4.488531455024347,52.24537727048781
46100,109.50982288612774,19.25331874740601
46101,1.1724832776922167,51.44100008929509
46102,152.2399303462239,-30.73322067517578
46103,4.706955185588836,52.92585579683926
46104,5.136264368930124,54.87463847973618
46105,106.29314407358468,8.802901463261843
46106,21.706261040109222,39.7888503462505
46107,4.099447934092557,52.258044080094024
46108,4.126247107797151,52.48145117287376
46109,1.681475170939837,51.706844051657846
46110,-3.731119144427715,40.32763716540299
46111,26.428634216612018,37.36389708099729
46112,5.284017383921919,53.748136491105264
46113,10.103660214885743,57.29503695750616
46114,-1.4742848284007846,43.575381917899996
46115,0.5442254655871723,53.721181692437014
46116,25.186599901630665,60.20399373475442
46117,3.355181416556322,51.520757161514695
46118,12.189647931348922,55.181976057249074
46119,-10.033256173462476,38.27547008422887
46120,6.44498395918018,52.88305576507903
46121,128.43702397061102,29.831026213845078
46122,5.78814364216171,52.648465166394374
46123,0.7882115030235499,52.35960736778037
46124,116.08658097228123,6.041958010719368
46125,0.8713195789876237,50.246446234373416
46126,2.5535601881995214,51.64669566143486
46127,12.5330394020054,55.09225342099834
46128,-74.36100112460454,39.53042861611881
46129,1.5220410539483213,44.732401663935725
46130,133.58897741491847,35.08860941639543
46131,3.405539698847278,51.371562050721856
46132,-89.72450107023087,11.769380842291644
46133,1.8821806099695018,52.5333254407073
46134,123.46456912526271,22.56041113838059
46135,-6.042098326638438,46.89381660208308
46136,13.781679507350919,39.29103808748599
46137,-15.419157187178271,28.146559825237826
46138,-93.93914927562511,29.86502415136123
46139,1.2599992346126425,37.26593977407521
46140,-2.66568365533029,47.05425870541234
46141,-3.217074778287328,47.28968599687946
46142,-72.13547050076252,27.058860716717344
46143,3.2417696391244384,39.18276508522513
46144,124.74467090930237,25.811255744661395
46145,-10.41507685016142,38.87614926926937
46146,-0.9719774112583144,47.59487780716196
46147,-0.5360391287388293,47.74961506684141
46148,128.01296487396638,36.50969282016387
46149,1.3908803015162834,52.53660324608025
46150,11.415867070565163,40.083018478272265
46151,10.173338405977114,41.59058780933645
46152,3.872672601066157,52.097768972829044
46153,8.475106463289599,54.84597123531171
46154,4.0841232402083,51.29429882881335
46155,22.8811470185502,59.12609017792445
46156,1.287930032296366,51.067954698369746
46157,13.106018724930411,55.18706039259082
46158,4.396953404005473,52.63250158415184
46159,12.333779571563618,38.248616363671665
46160,10.525972826370408,39.70112865684449
46161,5.274978999069165,53.13180188775501
46162,6.534510976878621,53.71321908033623
46163,-52.30727477119239,36.339229990314266
46164,0.09579627234394308,42.96392201714733
46165,33.340557821428575,-28.170882655357154
46166,3.855032542048048,52.67981833878099
46167,14.995153995087694,55.51048455262312
46168,3.7736114513293115,51.83843046491796
46169,0.39607606431700865,50.16745157390261
46170,8.475764483344069,54.1104834249048
46171,23.698288810155486,37.6648100066416
46172,4.690597786041801,53.41545664255162
46173,11.908161819419165,41.422711143402815
46174,2.0694877166666665,51.308282433333304
46175,110.11214624762327,33.73950836514769
46176,-0.5283148818271105,52.42107848588708
46177,-7.548505048456062,43.75532530410223
46178,15.278640540695179,55.638681794158735
46179,1.0980638010842068,51.25181502029367
46180,3.4847427911694244,52.392323606518005
46181,115.6441283,-16.5164206
46182,-6.577829306708672,45.542254714171946
46183,10.56667537080342,41.04550250243605
46184,6.997673792270664,54.664506188607376
46185,129.04277004533685,30.11369069311104
46186,21.99668984219512,59.291308675447155
46187,-0.928094870801018,50.54282478391059
46188,16.967740942890856,56.98197995401249
46189,17.362717074912673,58.87271812882873
46190,131.5792058513158,-10.648616380263158
46191,-3.217074778287328,47.28968599687946
46192,-2.482146528469822,38.77995855738651
46193,129.69382962850722,27.658092741176986
46194,21.996611931084008,59.29146074211382
46195,1.2858624733103852,51.646059159533905
46196,18.316073089436244,57.38027102290644
46197,10.516850954060855,42.40553853627055
46198,-78.3645105899844,34.21239565596968
46199,0.9519654422145549,49.46892558429873
46200,3.9534440648573934,52.00010349452843
46201,4.48367633835768,52.247159170487805
46202,1.2603893679459752,37.266515957408544
46203,12.525823528998835,39.571540820034045
46204,6.534510976878621,53.71321908033623
46205,-48.44622783928573,-25.60365036904761
46206,6.962565346549832,53.12640930643254
46207,9.804771338252902,43.61784639786918
46208,13.653813430968707,40.60553316050244
46209,137.78567685512428,34.79409311927611
46210,106.4250752617232,8.894491478424182
46211,1.3908723162781884,52.53659591179453
46212,12.183535552777492,55.178330742963354
46213,-10.033256173462476,38.27547008422887
46214,6.44498395918018,52.88305576507903
46215,128.45456078009818,29.93539883256303
46216,3.8998691546601174,52.851453102471986
46217,116.08657255561457,6.0419540640527005
46218,0.7882115030235499,52.35960736778037
46219,0.8649646589876234,50.240130914373424
46220,-74.34867434931043,39.54212078317764
46221,3.405539698847278,51.371562050721856
46222,12.5330394020054,55.09225342099834
46223,123.46692047923096,22.562565897110755
46224,-15.419154620019967,28.14656112595585
46225,-10.435385392542374,38.85958338831699
46226,124.76039627596906,25.915684411328062
46227,-81.38907627307869,25.44437814554585
46228,12.857725389221462,56.734904825945904
46229,1.3826890377548875,50.692208503276326
46230,-2.068534374623985,40.470067225941015
46231,4.95125934031343,52.21019590102446
46232,-75.34397267991828,24.27478329644996
46233,-75.69514333014956,38.11755678861206
46234,168.90578294400427,-38.017882795936686
46235,-77.42382799270767,35.702729107500524
46236,10.066066676657103,57.17305545349745
46237,-2.724133315051106,43.688411465692795
46238,-0.26283102759923255,49.89232967233342
46239,4.716318234990391,52.09523777066988
46240,19.913830173774674,37.85770907695224
46241,-1.9296942800111805,48.705802991904164
46242,115.2968842137301,-30.74282647142854
46243,-118.10469431227561,32.82271413061545
46244,0.15016330631556582,50.11836481822439
46245,3.632647467320466,52.19022610331168
46246,106.77977567598307,20.8355600086948
46247,0.09666867234394295,42.96243051714734
46248,12.397995465634795,54.699886567489266
46249,15.375973472845903,54.10146733248412
46250,15.201343828557654,55.61392136837174
46251,3.3872333901059513,51.50968474656786
46252,-120.99679976589769,39.18863078408546
46253,14.702493489614042,37.84496982648114
46254,-0.6650000624663863,50.57636271734736
46255,2.981017985246009,50.74088719804031
46256,3.2417696391244384,39.18276508522513
46257,4.214062201613407,51.82575234480513
46258,150.35321924990393,-31.53380613614951
46259,4.190781530902355,52.60552331201032
46260,13.752948590028835,40.25638076769672
46261,-3.043105428844527,45.67575836161607
46262,116.3824249066254,-31.860377420229042
46263,-2.9514689100127964,39.90771471417532
46264,3.8742813010661568,52.096660072829046
46265,13.781679507350919,39.29103808748599
46266,0.10839109478322623,38.5393999705391
46267,10.86069091787485,53.94371974789423
46268,13.146231675218147,42.47499244037597
46269,-1.9650686704077163,50.26589930082632
46270,17.95414734895062,40.47804740526143
46271,-52.308096757859055,36.3375265436476
46272,144.20877709999993,-38.215667499999995
46273,2.6144869026372617,50.072953287864465
46274,-1.3673431216154575,46.68027290234053
46275,-0.9314048390959719,46.835010162019984
46276,-72.13678750076254,27.060979216717342
46277,4.744124567536684,52.40632328987951
46278,133.58686067796964,35.10454761254138
46279,109.52100998612774,19.273165947406007
46280,-89.72848257023087,11.769373142291643
46281,-6.555680306708673,45.56477371417195
46282,131.5704132513158,-10.714576680263157
46283,152.2426447462239,-30.73173667517578
46284,2.5535601881995214,51.64669566143486
46285,11.581803246015525,40.069597085372855
46286,122.5987017032398,28.73668654045227
46287,4.706955185588836,52.92585579683926
46288,5.077653018197523,54.85640514310918
46289,-1.4845166569722132,43.56795713337618
46290,-2.6680282553302903,47.05319350541235
46291,115.64370400000001,-16.5185916
46292,4.088888593875166,52.25786168371721
46293,21.695506790109224,39.7805096462505
46294,14.995153995087694,55.51048455262312
46295,5.274978999069165,53.13180188775501
46296,4.396982620672141,52.61496339665184
46297,3.7667954013293117,51.83737158714019
46298,8.474328164609474,54.84689725705084
46299,1.8821806099695018,52.5333254407073
46300,4.084123284652745,51.29429905103558
46301,-3.731720244427716,40.326775390403
46302,-6.043909094820257,46.89138275662854
46303,128.01296487396638,36.50969282016387
46304,1.1724832776922167,51.44100008929509
46305,4.188723349817293,52.38295507099509
46306,6.4346869772419355,52.67357327666646
46307,1.8866523965350745,51.85411022891974
46308,26.428634216612018,37.36389708099729
46309,3.855032542048048,52.67981833878099
46310,1.2973050102184438,51.06977063343468
46311,5.283801357103738,53.7467828515598
46312,12.331571171563617,38.24845409700499
46313,33.33309634642858,-28.172923980357155
46314,11.90849303480378,41.42393102032589
46315,-1.4680224492971272,38.88253713853677
46316,110.11302154762329,33.74060616514769
46317,10.566674970803422,41.045503202436045
46318,12.036099635362461,41.67762479870748
46319,8.461530865010737,54.09948974157147
46320,1.096842901084207,51.253236220293665
46321,3.4847427911694244,52.392323606518005
46322,23.69767829682215,37.665012686641596
46323,17.362907874912672,58.87384182882874
46324,25.186599901630665,60.20399373475442
46325,-93.93914902464633,29.865024903055772
46326,129.03999204533685,30.11191409311104
46327,0.5342295114205057,53.71704088827034
46328,4.604237983113177,53.356095820638444
46329,6.99767377004844,54.664506033838634
46330,16.94867554289086,57.01162095401248
46331,5.78814364216171,52.648465166394374
46332,2.0782228166666665,51.30137103333331
46333,-0.6744399492630079,52.459066341357136
46334,10.45915082370374,39.704532336844494
46335,-0.928094870801018,50.54282478391059
46336,-7.540445048456061,43.748369904102226
46337,13.12350709898012,55.1735114581279
46338,3.355181416556322,51.520757161514695
46339,10.172196005977117,41.583512642669795
46340,1.4998631539483211,44.70290136393574
46341,22.8796389785502,59.12141695792447
46342,-6.555680306708673,45.56477371417195
46343,0.10839109478322623,38.5393999705391
46344,-1.484172256972213,43.56872063337618
46345,146.91991439490528,-36.55563391513297
46346,4.714847334990391,52.09545857066989
46347,-3.218347657075207,47.28900187263704
46348,129.69519322850724,27.657507841176994
46349,109.53266388612775,19.27245744740601
46350,12.525823528998835,39.571540820034045
46351,-78.36196429415105,34.21396999763633
46352,10.86069091787485,53.94371974789423
46353,6.44498395918018,52.88305576507903
46354,12.036099635362461,41.67762479870748
46355,-15.419152703974355,28.146561412631616
46356,1.260471050900521,37.26852159023682
46357,10.516850954060855,42.40553853627055
46358,-75.34397297841036,24.274783108592814
46359,1.3518357663263163,50.68167863803823
46360,1.3908697393551117,52.53660391179453
46361,-2.482093588772721,38.7807064780631
46362,-2.7241331293368205,43.688411708549935
46363,6.962565346549832,53.12640930643254
46364,3.3872333901059513,51.50968474656786
46365,-3.0940647357839453,44.05882678855935
46366,13.762034796126395,40.25131023476989
46367,13.781679507350919,39.29103808748599
46368,2.6120636062290945,50.07199351653933
46369,13.148157775218147,42.47568974037598
46370,17.94972594895062,40.47716090526143
46371,9.804771338252902,43.61784639786918
46372,122.5987016532398,28.736687340452267
46373,152.2392126462239,-30.718100475175778
46374,4.706955185588836,52.92585579683926
46375,21.989653031084007,59.28548519211382
46376,106.42385290672323,8.895091208424184
46377,5.049281580870684,54.847765083195775
46378,4.088888593875166,52.25786168371721
46379,26.428634216612018,37.36389708099729
46380,4.188723524817293,52.38295517099508
46381,6.4346869772419355,52.67357327666646
46382,5.275845719960881,53.747311540845516
46383,0.5386163683649502,53.71809366327033
46384,3.355181416556322,51.520757161514695
46385,3.2417696391244384,39.18276508522513
46386,12.188442945341594,55.179739197835154
46387,-10.032766273462476,38.27718496884426
46388,6.534510976878621,53.71321908033623
46389,128.42855220958535,29.92471859910149
46390,3.90419569023704,52.84752847980713
46391,0.7882115030235499,52.35960736778037
46392,116.08657455561458,6.041964964052701
46393,0.8605955339876232,50.23447123937341
46394,-74.34772379527003,39.53584784933925
46395,3.405539698847278,51.371562050721856
46396,5.78814364216171,52.648465166394374
46397,123.46667379589759,22.560769897110752
46398,12.546672168672064,55.09766995433168
46399,-10.440252659209039,38.857799454983656
46400,124.75960282596905,25.91455179132806
46401,2.5234321600781002,51.642076427986986
46402,-81.40072367307869,25.45222204554585
46403,12.858251400332572,56.73521616761257
46404,-75.69514333014956,38.11755678861206
46405,4.95125919531343,52.21019589602446
46406,144.1026536999999,-38.229785299999996
46407,169.1218434440043,-38.041593395936694
46408,133.51860471148416,35.118100360367464
46409,-77.42382799270767,35.702729107500524
46410,-0.2574443483399733,49.91106601122231
46411,-1.9296942800111805,48.705802991904164
46412,21.70057689010922,39.7805800962505
46413,-52.22780164928762,36.48488497507617
46414,19.912970506659068,37.858396187659395
46415,5.274978999069165,53.13180188775501
46416,115.29043401373008,-30.74255157142855
46417,-118.10839361227559,32.82269423061546
46418,-48.71800486428573,-25.22350923571428
46419,106.7797762259831,20.835560108694803
46420,3.6326471966187115,52.19022615910116
46421,12.397045477769561,54.70170998800209
46422,13.132181439783992,55.170283513788675
46423,4.744124567536684,52.40632328987951
46424,15.264415939454345,54.09456639389639
46425,0.19428227234394288,42.926953317147344
46426,15.138962192661804,55.59160678945759
46427,14.747091814614041,37.84773006648114
46428,0.9519654422145549,49.46892558429873
46429,3.7667958638293113,51.83737212404495
46430,-0.6892016157997197,50.57697253734736
46431,-74.0649098450722,29.978354836949503
46432,12.33292895489695,38.249213047004986
46433,1.481902253948321,44.69958056393573
46434,3.4847427911694244,52.392323606518005
46435,2.9437588876269616,50.7048855385165
46436,1.837670768916027,51.847350147967354
46437,3.855032542048048,52.67981833878099
46438,-109.56378232966675,25.12891933753461
46439,-93.939148870697,29.865024268732522
46440,8.461839977510735,54.099661704071465
46441,2.0652873166666663,51.2950082333333
46442,13.659052790968708,40.60525168050245
46443,110.11215094762329,33.73950531514769
46444,3.8753352510661556,52.09735782282905
46445,16.911615542890864,57.036684654012475
46446,4.182887970902355,52.60903923701033
46447,0.12851501167270865,50.113781118224395
46448,23.698099467348474,37.663917231904755
46449,18.304249089436247,57.37366512290643
46450,131.56874055131584,-10.716332980263157
46451,-14.484658054337025,28.152973718498902
46452,-89.72833627023087,11.769229242291644
46453,116.3826115790929,-31.861278229460645
46454,4.604237983113177,53.356095820638444
46455,115.64615800000003,-16.515933500000003
46456,6.997673616705112,54.664505795611504
46457,-0.928094870801018,50.54282478391059
46458,-3.027246374922959,45.680189499279464
46459,-0.7788932035587117,52.50832041444406
46460,-2.6724675553302903,47.05287960541236
46461,11.628270742010784,40.151311057274256
46462,128.01296487396638,36.50969282016387
46463,3.9534440648573934,52.00010349452843
46464,10.348103563716093,39.70071920795281
46465,8.477541014609475,54.84705402371751
46466,-2.9524799100127965,39.91058511417532
46467,1.8821806099695018,52.5333254407073
46468,4.036036270128935,51.286970658654624
46469,22.8810942785502,59.123163057924465
46470,1.3155147181638989,51.07853040738922
46471,14.995153995087694,55.51048455262312
46472,25.186599901630665,60.20399373475442
46473,10.566601187470082,41.04550218576938
46474,1.111512731084207,51.25562403029367
46475,11.885907467233881,41.35890097749948
46476,-3.781863877761049,40.40067712373633
46477,1.1724832776922167,51.44100008929509
46478,-72.13578920076253,27.05991431671734
46479,129.04006014533687,30.11167559311104
46480,-1.9650686704077163,50.26589930082632
46481,10.169610805977115,41.575443092669786
46482,17.364306249912673,58.87099205382873
46483,-6.043909094820257,46.89138275662854
46484,-1.4665879492971272,38.882699821870105
46485,-7.53906544845606,43.74393330410223
46486,33.33679424642858,-28.172620380357156
46487,-1.489107466266055,46.13838544131382
46488,-1.05316918374657,46.29312270099327
46489,4.396982620672141,52.61496339665184
46490,-121.03138674923099,39.300733384085454
46491,6.9225554712061514,53.10645978135494
46492,129.68850612298445,27.656612552802144
46493,1.3908810549841926,52.53660315056265
46494,3.3553856810741864,52.38059794699419
46495,3.405539698847278,51.371562050721856
46496,9.804771338252902,43.61784639786918
46497,13.170344618776785,55.14455428838684
46498,18.40939578943624,57.42461712290641
46499,109.51696658612772,19.27221844740601
46500,14.727531645566422,37.86569828322717
46501,-109.42929819255374,25.10813837333334
46502,3.2417696391244384,39.18276508522513
46503,12.525823528998835,39.571540820034045
46504,1.5318865630392304,44.728689718481185
46505,0.992070542214555,49.39146958429873
46506,1.2551071816674848,51.642534829836094
46507,-1.939396237074383,50.2672072610115
46508,10.86069091787485,53.94371974789423
46509,12.788503566181351,42.52186381036515
46510,2.6120636062290945,50.07199351653933
46511,17.90099330728395,40.447608305261426
46512,122.73649869422017,28.816155016138545
46513,152.24019714622392,-30.733735208509117
46514,4.706955185588836,52.92585579683926
46515,106.49484162823833,8.927752038575697
46516,4.985440636712619,54.82859257002951
46517,4.145600848713876,52.25296732162044
46518,13.657839002079818,40.605262796058
46519,4.126247492172151,52.48145144849877
46520,26.428634216612018,37.36389708099729
46521,18.640409693514037,55.80809500963717
46522,5.280737660889851,53.78237993053674
46523,6.4346869772419355,52.67357327666646
46524,0.5479083655871723,53.72287079243701
46525,3.355181416556322,51.520757161514695
46526,12.18208910396797,55.17942966796336
46527,6.44498395918018,52.88305576507903
46528,-10.033291573462476,38.28289578422888
46529,0.7882115030235499,52.35960736778037
46530,128.41402803217088,29.817224386804593
46531,116.08656716649058,6.041968889991855
46532,0.8733226789876237,50.228819034373416
46533,-74.34761739527002,39.535490874339246
46534,3.9793303304934504,52.79519411913865
46535,-15.419159172584624,28.146558630566457
46536,5.289220159325575,53.13206701083193
46537,1.243338595326928,37.26298539978949
46538,123.47035247526271,22.66609763838059
46539,-10.210961810871638,38.67322472245209
46540,124.74650668065382,25.807797147359253
46541,-81.53976993974537,25.503547378879183
46542,133.5192925064842,35.11998695536747
46543,-2.6918130610445763,47.05585697041234
46544,12.5330394020054,55.09225342099834
46545,2.5402699614592055,51.65591110481134
46546,10.514839443347373,42.41950499351963
46547,12.850946739221463,56.73207867594589
46548,-78.36516228998441,34.21326735596968
46549,-75.72987426287726,37.65370259311243
46550,1.1824430461340085,50.54473833130746
46551,-75.3439668902646,24.274781187431202
46552,168.96185974400433,-37.96443279593669
46553,4.951259158408668,52.210195913881606
46554,-77.4549210873836,35.52670039974903
46555,-2.7568236398112758,43.69239948345539
46556,5.783625043675454,52.61258617606382
46557,-0.3171257715742389,49.87396253970003
46558,4.69922034363216,52.092650440273204
46559,19.840482966721925,37.895206601776636
46560,-1.9296942800111805,48.705802991904164
46561,-48.82381103928572,-25.31926703571428
46562,115.28947381373013,-30.726017771428545
46563,-118.11096190441847,32.834438217044024
46564,1.8821806099695018,52.5333254407073
46565,106.77977521366425,20.83555892173828
46566,-14.505998219023406,28.13812684945768
46567,115.6441283,-16.516420699999998
46568,3.6326470270679407,52.19022579110209
46569,15.37597381126759,54.10146742212267
46570,12.550017222614672,54.84604628720017
46571,4.744124567536684,52.40632328987951
46572,-74.06497076757222,29.983592812663787
46573,144.19984903333324,-38.249984899999994
46574,0.02076397234394299,42.986307917147336
46575,-2.4829053800412506,38.77793820759059
46576,3.422480701431709,51.516503431290054
46577,-2.9514415100127964,39.90849241417533
46578,16.82566484205753,57.09646481567915
46579,-0.7286972995409787,50.5677145272075
46580,21.704085888680652,39.79521626339336
46581,2.960781973348449,50.69374475212808
46582,110.11214624762327,33.73950836514769
46583,3.7667971013293107,51.83737131491797
46584,10.200118483196707,39.68766021614741
46585,12.28367845720202,41.50722533662575
46586,0.11112705192608342,38.542963384824816
46587,23.698289785155485,37.6648115566416
46588,4.014359780013526,52.178981493881686
46589,17.362717074912673,58.87271812882873
46590,150.35205314990392,-31.53337133614952
46591,4.5671248609050075,53.32993314732666
46592,0.10975549960921657,49.99360553219265
46593,15.401799437474283,55.68712797274916
46594,131.61436885131582,-10.644620080263158
46595,-3.0366700955111936,45.6787833963383
46596,4.152951706235538,52.60718674688229
46597,-120.99108696817042,39.19527279166121
46598,-93.93914875175804,29.865023819425687
46599,13.762034996126395,40.25130993476989
46600,-0.7824757520472413,52.5125961843001
46601,6.997674851965351,54.66450632000849
46602,13.781679507350919,39.29103808748599
46603,116.40719094472058,-31.890077898800474
46604,-1.4891859804327219,46.13849104499972
46605,-1.0531696812465698,46.293122463012494
46606,11.668033128408547,40.15910527821204
46607,3.953997837830366,51.999334171724385
46608,8.472885461375347,54.84476770816195
46609,4.036036494622943,51.28697045541915
46610,25.186599901630665,60.20399373475442
46611,10.35858737080342,41.04881250243605
46612,-0.928094870801018,50.54282478391059
46613,128.01296487396638,36.50969282016387
46614,1.1724832776922167,51.44100008929509
46615,22.880478193550204,59.122856652924455
46616,1.3155147181638989,51.07853040738922
46617,1.104094895290829,51.24741519431725
46618,33.34054352142858,-28.170881555357155
46619,1.7324162274080903,51.770307081062604
46620,11.823387188942977,41.477482346894874
46621,2.1385983666666664,51.29482066666664
46622,-1.459282252630461,38.87239867020344
46623,12.33924314299219,38.24893803510024
46624,129.04388832533687,30.113503293111037
46625,8.485418304177403,54.10771802073813
46626,-3.7796238777610496,40.40259672373633
46627,-6.042098326638438,46.89381660208308
46628,4.522986824006957,52.63248738936508
46629,-72.13558750076253,27.058577716717345
46630,21.880568331084007,59.24182064211382
46631,-7.541378348456062,43.72715070410222
46632,10.173594705977115,41.60419734115463
46633,3.855032542048048,52.67981833878099
46634,-52.25919494631144,36.32810168579046
46635,-89.72454257023088,11.769423242291644
46636,9.804771338252902,43.61784639786918
46637,-72.13558750076253,27.058577716717345
46638,13.169861871252419,55.141726475668946
46639,4.522986824006957,52.63248738936508
46640,1.8821806099695018,52.5333254407073
46641,18.389515489436246,57.41847502290644
46642,12.217700121187285,40.356470655233295
46643,12.525823528998835,39.571540820034045
46644,0.11112705192608342,38.542963384824816
46645,3.422480701431709,51.516503431290054
46646,0.9519654422145549,49.46892558429873
46647,-2.951709510012796,39.909919114175324
46648,-93.93914875175804,29.865023819425687
46649,15.043576840649234,55.55611339417045
46650,-3.217074778287328,47.28968599687946
46651,-2.694830961044576,47.05473677041235
46652,131.61201875131582,-10.645061180263157
46653,1.3908725579448549,52.53659622012787
46654,133.33692892321417,35.13174760641404
46655,12.785191032848015,42.52241199703181
46656,8.88241061692428,40.828167424393854
46657,-15.419159374586432,28.146561246701836
46658,-89.72849507023085,11.769274742291643
46659,10.514839443347373,42.41950499351963
46660,-2.068534374623985,40.470067225941015
46661,-2.7645360360671356,43.76003844674802
46662,-49.679504417857146,-24.244000907142844
46663,15.375973472845903,54.10146733248412
46664,2.5556237472330703,51.66649176169013
46665,-0.7299026684803728,50.56936499841963
46666,2.9607835951666304,50.69374406303719
46667,21.693331625854565,39.786875442523794
46668,150.35232524990394,-31.53346533614951
46669,4.152951706235538,52.60718674688229
46670,116.40591285662538,-31.889319720229047
46671,-3.032949145511194,45.676985646338295
46672,-6.586834162958674,45.53625818768385
46673,13.762034796126395,40.25131023476989
46674,2.6120636062290945,50.07199351653933
46675,10.86069091787485,53.94371974789423
46676,-1.941271937074383,50.2668662610115
46677,13.781679507350919,39.29103808748599
46678,17.95414734895062,40.47804740526143
46679,122.60228759422016,28.72450491613854
46680,109.52224378612775,19.28417574740601
46681,152.24291154622392,-30.732251208509116
46682,4.706955185588836,52.92585579683926
46683,106.49316704157167,8.928601991909032
46684,4.897118542844528,54.8112667175536
46685,5.783625043675454,52.61258617606382
46686,4.145600848713876,52.25296732162044
46687,26.428634216612018,37.36389708099729
46688,4.188723649817294,52.38295524599509
46689,6.4346869772419355,52.67357327666646
46690,5.267694024071668,53.78083687765795
46691,0.5379124114205056,53.71872998827033
46692,3.355181416556322,51.520757161514695
46693,6.44498395918018,52.88305576507903
46694,-10.033272173462475,38.283393368844266
46695,144.21908939999992,-38.25384169999999
46696,12.18759014653207,55.18035872283515
46697,128.43156484165803,29.921597005522543
46698,116.08655794982394,6.041963543325188
46699,11.823718404327591,41.47870222381795
46700,0.8670136339876234,50.22183043937343
46701,0.7882115030235499,52.35960736778037
46702,3.405539698847278,51.371562050721856
46703,-74.34761759527002,39.535490174339245
46704,3.9722914674971963,52.79112481007499
46705,5.289220159325575,53.13206701083193
46706,123.46995187923096,22.669749247110758
46707,-9.566155338191976,38.53662215356195
46708,0.9500639949481401,37.229115165951114
46709,124.7610154473205,25.910861514025925
46710,-81.36765947307869,25.484879845545855
46711,12.85410033922146,56.732387675945894
46712,-74.04715690507221,29.980405176949507
46713,-52.259788346311446,36.32913538579045
46714,12.5330394020054,55.09225342099834
46715,-78.21778530145824,28.583348545811713
46716,-78.3625656899844,34.21511945596968
46717,-75.78877718303737,37.57237854584168
46718,-75.24865984597892,24.34554770790739
46719,4.951258993408668,52.21019639554827
46720,1.1695184944780257,50.54981095011087
46721,115.64370400000001,-16.518591699999998
46722,-7.534864648456061,43.72533990410223
46723,-109.39194282845305,25.14899658970925
46724,168.96096534400428,-37.96504969593669
46725,5.839652487856257,41.06189549848215
46726,3.953997837830366,51.999334171724385
46727,-77.49569421630669,35.236541904979795
46728,16.8226104587242,57.09552231567915
46729,1.5097083630392303,44.69918921848119
46730,20.97916717976377,37.93128758743624
46731,-1.879534094305475,48.701323448172936
46732,-0.322150471574239,49.87619453970004
46733,6.962565346549832,53.12640930643254
46734,4.721815784822635,52.10374879815781
46735,-1.5002339975058925,46.05793979378021
46736,-1.0642176983197407,46.212571211792984
46737,1.73224187740809,51.769910381062594
46738,12.28367845720202,41.50722533662575
46739,4.028429980013525,52.17479369388168
46740,12.337996726325523,38.249426318433564
46741,19.80395885364454,37.92126434762644
46742,-2.4824573575033715,38.77985193665443
46743,14.72743846223309,37.848475319338284
46744,3.452197408611701,52.43901153297682
46745,3.855032542048048,52.67981833878099
46746,13.660126346524263,40.604690286058
46747,110.11302154762329,33.74060616514769
46748,8.475716957803918,54.84501448316196
46749,-5.934442762730124,46.92970285934803
46750,-118.10989720441847,32.83431241704403
46751,8.477817652510737,54.09142355407147
46752,4.0360365390673865,51.28697067764138
46753,3.766794738829311,51.837371662140185
46754,10.35853057080342,41.05069710243604
46755,115.24757266928567,-30.470103004761885
46756,1.2551071816674848,51.642534829836094
46757,-1.465126402630461,38.883756345203444
46758,106.77977531366425,20.83555892173828
46759,33.33309282142858,-28.172923455357154
46760,6.534510976878621,53.71321908033623
46761,-14.505214219023408,28.138974949457683
46762,0.05335387234394315,42.984448217147346
46763,17.364019449912675,58.87317095382874
46764,4.5671248609050075,53.32993314732666
46765,1.1724832776922167,51.44100008929509
46766,23.697678921822153,37.6650137366416
46767,-3.7811176777610496,40.401114023736326
46768,-120.99042825150376,39.19632764166122
46769,129.04111032533686,30.11172669311104
46770,3.632647467320466,52.19022610331168
46771,25.186599901630665,60.20399373475442
46772,-3.077326664117279,44.057766336614904
46773,10.200118483196707,39.68766021614741
46774,12.546919989281339,54.84479315386683
46775,-0.928094870801018,50.54282478391059
46776,10.172452305977115,41.59712217448798
46777,2.137871191666666,51.292070008333305
46778,-0.8453380625234317,52.52869808525247
46779,0.10881149960921657,49.99218199885932
46780,6.99767489091272,54.66450671436256
46781,4.744124567536684,52.40632328987951
46782,15.381895560551207,55.67945964967223
46783,22.880202953550203,59.11744113292446
46784,11.668033128408547,40.15910527821204
46785,128.01296487396638,36.50969282016387
46786,1.3351549869440569,51.090117034665916
46787,1.1028739952908289,51.24883639431724
46788,-2.9514689100127964,39.90771471417532
46789,16.818038058724202,57.09714791567915
46790,109.53214868612775,19.27897614740601
46791,54.646481129067226,25.168440322215538
46792,-52.259788346311446,36.32913538579045
46793,129.68972202298445,27.656148852802144
46794,131.6002448513158,-10.703485180263158
46795,-2.7832082620671357,43.76061316874802
46796,6.962565346549832,53.12640930643254
46797,150.35238244990393,-31.533451336149504
46798,13.762034796126395,40.25131023476989
46799,13.781679507350919,39.29103808748599
46800,144.2157217999999,-38.253974499999984
46801,115.64564320000004,-16.5175006
46802,-15.419155606528811,28.1465633412371
46803,124.7614385973205,25.911093194025916
46804,-2.6985969610445766,47.05447787041235
46805,18.37342438943625,57.409533922906434
46806,14.727263585566421,37.85100335267161
46807,21.694560825854566,39.786939942523794
46808,4.152951706235538,52.60718674688229
46809,-2.956758502329376,45.80997543270193
46810,116.40609647948251,-31.890224171419522
46811,-1.941271937074383,50.2668662610115
46812,12.720826505348013,42.495537907031824
46813,10.86069091787485,53.94371974789423
46814,17.94972594895062,40.47716090526143
46815,2.6120636062290945,50.07199351653933
46816,1.2551071816674848,51.642534829836094
46817,152.2394794462239,-30.718615008509115
46818,122.60228754422016,28.72450571613854
46819,4.706955185588836,52.92585579683926
46820,107.40797710823837,9.315129158575695
46821,4.856845636574687,54.79863029898216
46822,4.145600848713876,52.25296732162044
46823,4.188723624817293,52.38295514599508
46824,6.4346869772419355,52.67357327666646
46825,26.428634216612018,37.36389708099729
46826,5.267812194071667,53.782712077657955
46827,18.640409693514037,55.80809500963717
46828,3.355181416556322,51.520757161514695
46829,0.5386163683649502,53.71809366327033
46830,6.44498395918018,52.88305576507903
46831,-10.032801673462474,38.28461066884426
46832,12.18622344653207,55.179228122835156
46833,3.9710000421400533,52.79174355757498
46834,0.8625986339876232,50.21684403937342
46835,128.57169582499137,30.016276710522543
46836,116.08656074982393,6.041975843325189
46837,0.7882115030235499,52.35960736778037
46838,5.839792987856257,41.06232359848215
46839,-74.34761859527002,39.53548927433925
46840,8.47395592923249,54.843871497447665
46841,123.4644284958976,22.67089604711075
46842,5.289220159325575,53.13206701083193
46843,0.9510441616148069,37.22987639928444
46844,-9.195008348457415,38.3202091749636
46845,-81.23639287307867,25.532564545545856
46846,-7.53598164845606,43.716416404102226
46847,-2.482093588772721,38.7807064780631
46848,10.514839443347373,42.41950499351963
46849,12.525823528998835,39.571540820034045
46850,1.2057731944780257,50.566886300110866
46851,-78.36243069415106,34.214807397636335
46852,-75.72115732596936,37.59926856062981
46853,4.951258893408668,52.210196295548265
46854,-74.79470758890821,24.506602234725573
46855,169.1794348440043,-38.01069069593669
46856,12.546672168672064,55.09766995433168
46857,132.898495558693,35.18269141288555
46858,-77.53023343258576,34.960528204979795
46859,-0.324545371574239,49.87598043970004
46860,4.726561384822634,52.108550458157815
46861,0.15103687234394292,42.94844181714734
46862,19.60926378970761,37.99803867776219
46863,-78.21771643479157,28.58740084581171
46864,4.744124567536684,52.40632328987951
46865,-1.879534094305475,48.701323448172936
46866,5.783625043675454,52.61258617606382
46867,-49.94355426785715,-23.83888615714285
46868,11.812690666757689,41.436546470991544
46869,-118.11329830441846,32.834355117044026
46870,115.82213886928567,-30.432035204761892
46871,106.77977553033094,20.83555902173828
46872,3.6326471966187115,52.19022615910116
46873,12.53796171785277,54.83889584815255
46874,10.358513387470085,41.04881178576939
46875,15.148787639454344,54.08334709389639
46876,-89.72852437023086,11.769419842291644
46877,1.1028739952908289,51.24883639431724
46878,4.031818530013524,52.17579569388168
46879,3.422480701431709,51.516503431290054
46880,0.9519654422145549,49.46892558429873
46881,-14.510100619023408,28.135294649457677
46882,12.338392526325523,38.24953471843356
46883,-0.7368066684803728,50.57339629841963
46884,-3.7811176777610496,40.401114023736326
46885,-109.3684768143612,25.17315560776162
46886,4.530675402143479,53.323551887293725
46887,-1.4647393026304607,38.88364682853678
46888,23.69783629234847,37.66431525690475
46889,-121.02002575150372,39.30757684166122
46890,-0.9239038653805745,52.55189713382391
46891,3.452197408611701,52.43901153297682
46892,15.381895560551207,55.67945964967223
46893,-3.077326664117279,44.057766336614904
46894,6.997674521736059,54.6645067053021
46895,2.5556237472330703,51.66649176169013
46896,9.804771338252902,43.61784639786918
46897,13.660154846524264,40.604771986058
46898,1.1724832776922167,51.44100008929509
46899,2.9628490723888525,50.69314782803718
46900,8.478382177510737,54.08945640407147
46901,1.8821806099695018,52.5333254407073
46902,4.036036427785335,51.286970445077266
46903,11.668033128408547,40.15910527821204
46904,17.364306249912673,58.87099205382873
46905,-5.934442762730124,46.92970285934803
46906,110.11215094762329,33.73950531514769
46907,25.186599901630665,60.20399373475442
46908,129.04117842533688,30.11148819311104
46909,2.115810232575757,51.28824744015148
46910,3.7667958638293113,51.83737212404495
46911,10.171494909243219,39.68412790180526
46912,1.4010523267020878,51.11351339486617
46913,10.169867105977115,41.58905262448797
46914,1.7341636690747564,51.772528164395936
46915,10.050957579995385,57.12177267229199
46916,3.953997837830366,51.999334171724385
46917,0.07685417193868893,49.983436904779516
46918,6.534510976878621,53.71321908033623
46919,12.217700121187285,40.356470655233295
46920,12.893267400483726,56.75377661370293
46921,-6.586834162958674,45.53625818768385
46922,22.878766253550204,59.11693513292446
46923,12.28367845720202,41.50722533662575
46924,-74.0471418450722,29.979094636949505
46925,33.336790721428585,-28.172619855357155
46926,-3.2129362370752075,47.29233227263704
46927,3.855032542048048,52.67981833878099
46928,128.01296487396638,36.50969282016387
46929,-0.928094870801018,50.54282478391059
46930,-1.5002335333392258,46.05793961509431
46931,-1.064217234153074,46.212571033107096
46932,6.962565346549832,53.12640930643254
46933,0.10802783049751195,38.54257584911053
46934,3.452197408611701,52.43901153297682
46935,-93.51774849036804,29.251257818200557
46936,-2.693801161044576,47.05628477041234
46937,129.68118242298445,27.65219102613548
46938,-15.419160334543937,28.1465602878513
46939,14.622620647992898,37.890354132357075
46940,18.593594210180704,55.78816223408162
46941,13.756074646126395,40.24644986810322
46942,4.392887921691014,52.19272523229335
46943,-81.38887293974535,25.100164978879185
46944,1.0138168205478884,49.3993235959654
46945,18.38920297276957,57.41642882290641
46946,21.704085464089857,39.7952065425238
46947,115.67697360000003,-16.55692
46948,1.833409588517825,51.788952459302344
46949,8.462109818311164,54.844691959838975
46950,3.405539698847278,51.371562050721856
46951,146.91990630958782,-36.55563389727583
46952,12.525823528998835,39.571540820034045
46953,12.531559502941,55.088884874201355
46954,-77.53023343258576,34.960528204979795
46955,-0.370122114705552,49.79253894964111
46956,4.742713354965492,52.11120928784829
46957,19.503865406460292,38.03629303165993
46958,-50.36038921785715,-23.535445807142843
46959,-1.879534094305475,48.701323448172936
46960,-118.10996472240093,32.8345750596756
46961,115.82874277999994,-30.425399783333315
46962,106.7797678611534,20.835566711435245
46963,3.6326458290520676,52.19022653911795
46964,12.618173245220255,54.96863825010264
46965,3.4383157165832245,51.523354031290054
46966,15.375973511267588,54.10146712212267
46967,-0.7716718195409785,50.57432509387418
46968,2.9625606221579726,50.69338042831856
46969,4.1704270008429765,52.57556769910221
46970,150.34548339351292,-31.531362217352527
46971,116.40000393799441,-31.840589871657617
46972,15.131830754703367,55.57675501888734
46973,-3.0060106189960423,45.81838481603526
46974,13.866657318445764,39.559732373959186
46975,2.5589900969354513,51.670182154547284
46976,-78.20392936666418,28.52113788622361
46977,10.86069091787485,53.94371974789423
46978,12.840430873975466,42.40736057477691
46979,-1.9895285628293653,50.2861948918294
46980,17.90306260728395,40.447179605261425
46981,2.6120636062290945,50.07199351653933
46982,-109.33268551067009,25.209992982726636
46983,10.050957579995385,57.12177267229199
46984,109.44773128612773,19.278913047406014
46985,122.73649879422018,28.816155216138544
46986,144.13933903333324,-38.22207259999999
46987,4.706955185588836,52.92585579683926
46988,108.30164784323843,9.674447558575697
46989,9.804771338252902,43.61784639786918
46990,4.824912046593002,54.80304824838692
46991,152.24019714622392,-30.733735208509117
46992,4.096270513211112,52.53091924468924
46993,26.428634216612018,37.36389708099729
46994,6.434686464216726,52.67357343268886
46995,132.3249050654383,35.25182448203891
46996,5.2647168269504565,53.781770902051896
46997,0.5479083655871723,53.72287079243701
46998,3.355181416556322,51.520757161514695
46999,-10.033291573462476,38.28289578422888
47000,12.190506453967968,55.18157551796335
47001,-2.4829053800412506,38.77793820759059
47002,6.44498395918018,52.88305576507903
47003,10.35858692080342,41.04881270243605
47004,128.5546920607423,29.91040050823317
47005,-89.71808507023087,11.768792442291645
47006,116.08656158073791,6.0419715484327154
47007,0.7882115030235499,52.35960736778037
47008,0.8767816789876237,50.229396734373424
47009,4.744124567536684,52.40632328987951
47010,0.03996846123283191,43.031984272702886
47011,3.978556827627067,52.79283040161177
47012,-74.34446423082693,39.5256005170565
47013,-74.04027132381968,29.984643237288534
47014,17.391149520367218,58.86720998986769
47015,-72.0658080287994,27.059974498972863
47016,123.4769825252627,22.986854488380594
47017,0.9197611286602612,37.21347908312283
47018,-1.4739015035563867,38.8658879794627
47019,124.74229598898714,25.814288752359253
47020,-9.037121117536046,38.40295300375512
47021,-14.691703473904361,27.988391163029107
47022,-7.5280743484560615,43.71171960410222
47023,1.249600123730977,51.639890981026575
47024,3.2417696391244384,39.18276508522513
47025,10.509956978419588,42.43540852588064
47026,10.111225653056852,39.73076627894184
47027,110.0813969228299,33.761388688288186
47028,6.1022005878562595,41.08734342848216
47029,12.468057290928698,38.35360796002087
47030,1.126345386750753,50.55715585492905
47031,4.529532102143479,53.32221351229373
47032,3.7474669014672775,51.86479200411242
47033,-78.36516228998441,34.21326735596968
47034,-1.5002339975058925,46.05793911461354
47035,-1.0642176983197407,46.21257053262632
47036,-3.2170794816206616,47.34220817687946
47037,4.951259308398348,52.21019645873197
47038,-75.72115722596936,37.599268460629816
47039,23.698277886973663,37.664753508308266
47040,-120.81209350255779,38.9122037991711
47041,-1.0001242353805746,52.578072753823896
47042,-3.0773269165246857,44.05776556985565
47043,-2.7985391584957067,43.76263954731946
47044,12.75193275232271,41.163618175352894
47045,5.8033252096436465,52.6291380422147
47046,11.810157834577897,41.54499312586313
47047,-74.58735104041614,24.44109661924938
47048,11.668033128408547,40.15910527821204
47049,-3.7796238777610496,40.40259672373633
47050,13.66009390207982,40.604338746058005
47051,12.909270393817058,56.78219840703627
47052,5.289220159325575,53.13206701083193
47053,4.036036383340891,51.28697022285505
47054,3.855032542048048,52.67981833878099
47055,-5.870895515973839,46.94371762739202
47056,25.186599901630665,60.20399373475442
47057,6.971617912255892,54.63966072456672
47058,1.4210635035037416,51.12207463146005
47059,10.188936993620793,41.60497247046498
47060,168.7401663940043,-37.8936075727224
47061,3.953997837830366,51.999334171724385
47062,22.87351067688353,59.115474536257786
47063,-0.9322197374676847,50.54325150613281
47064,33.33778412142858,-28.170990255357154
47065,6.534510976878621,53.71321908033623
47066,15.724808596522529,55.8591168042576
47067,-0.02636783091845391,49.96302323705225
47068,-6.585433512958673,45.54146203768385
47069,12.19144299968616,40.3732962303838
47070,2.208667607575758,51.298611398484816
47071,128.01296429063305,36.509694578497204
47072,1.1237413267194003,51.239183272888674
47073,4.047481180013525,52.16793189388169
47074,1.1724832776922167,51.44100008929509
47075,4.145600848713876,52.25296732162044
47076,129.04545172533687,30.11550099311104
47077,8.919532762162376,40.882840272885936
47078,8.496461104177403,54.107064320738125
47079,1.8821806099695018,52.5333254407073
47080,-15.419152267768581,28.146557215766446
47081,1.249600123730977,51.639890981026575
47082,-72.06821800879939,27.060880498972864
47083,4.744124567536684,52.40632328987951
47084,132.32281657343827,35.25276178203892
47085,10.489994801673692,42.4514423290656
47086,12.525823528998835,39.571540820034045
47087,-2.068534374623985,40.470067225941015
47088,115.64378100000003,-16.5182718
47089,0.9737117205478885,49.4767795959654
47090,18.38351317276958,57.41604562290644
47091,146.91990677268305,-36.55563111513297
47092,0.10802783049751195,38.54257584911053
47093,129.68163912298445,27.65184712613548
47094,3.355181416556322,51.520757161514695
47095,8.47113968280392,54.84429782244767
47096,124.94630681398716,26.01381834735925
47097,3.4441525665832247,51.523834481290066
47098,18.572269797546298,55.779706643759035
47099,-2.952796819103705,39.89845205604698
47100,13.866657318445764,39.559732373959186
47101,3.2417696391244384,39.18276508522513
47102,5.262709572188552,53.78282586395665
47103,6.44498395918018,52.88305576507903
47104,116.08655206407126,6.041968976766048
47105,128.56969378134056,30.01621050472889
47106,3.9827977190143597,52.7886440910938
47107,-74.34761739527002,39.535490874339246
47108,3.405539698847278,51.371562050721856
47109,123.47932439192937,22.9888423883806
47110,1.012636572338422,37.15643578024927
47111,-9.034634743250333,38.401334989469404
47112,-81.22611327307868,24.82853894554585
47113,-7.527644748456062,43.70405120410223
47114,-52.34141985881144,36.22676846079045
47115,-78.36483268998441,34.21291715596968
47116,1.151838127811359,50.564933381777536
47117,-74.57205711541616,24.20967603924938
47118,-75.7095013647797,37.618228825578214
47119,5.289220159325575,53.13206701083193
47120,4.951258893408668,52.210196295548265
47121,168.7391167940043,-37.8943772727224
47122,-77.5778813106509,34.892140075717336
47123,-0.3591468591499965,49.799190965196665
47124,-1.879534094305475,48.701323448172936
47125,12.5330394020054,55.09225342099834
47126,4.7768268354397945,52.12499269399446
47127,0.04228186123283205,43.03240067270289
47128,19.464683603878594,38.0607476942603
47129,-51.95183662500001,-22.436864599999986
47130,-3.077326847450612,44.05776639911491
47131,3.63264734095683,52.19022602512986
47132,-118.10895752240094,32.8345920596756
47133,115.46853106928567,-29.20064110476189
47134,12.59926678306418,54.968544752322266
47135,15.375972772845904,54.101467532484115
47136,-2.694830961044576,47.05473677041235
47137,-0.7925589715560448,50.57122775071302
47138,2.9625608283879195,50.69338029540413
47139,3.855032542048048,52.67981833878099
47140,21.693331214089863,39.786865842523795
47141,150.17929949351293,-31.669475717352526
47142,-2.9558311023293755,45.812615532701926
47143,116.3987151005247,-31.83776525592745
47144,4.160336879568872,52.60843869021563
47145,13.75607466279306,40.24644994310322
47146,-1.9895285628293653,50.2861948918294
47147,12.953154356566369,42.439663060413274
47148,2.6120636062290945,50.07199351653933
47149,10.86069091787485,53.94371974789423
47150,5.877277887856257,41.08468472848215
47151,17.96157744895062,40.47666220526143
47152,9.804771338252902,43.61784639786918
47153,5.814834438620919,52.63965158426016
47154,-2.482486860100774,38.77974041360248
47155,10.050957579995385,57.12177267229199
47156,122.60226899422018,28.724399816138543
47157,15.724808596522529,55.8591168042576
47158,109.45589538612776,19.28517694740601
47159,-89.72149607023086,11.768205842291643
47160,152.2180707808433,-30.810400063775013
47161,1.5394939143212816,44.69919217617349
47162,4.706955185588836,52.92585579683926
47163,108.31637478782716,9.683293863012928
47164,-78.20432737446963,28.47520662072587
47165,-0.03376095948988251,49.96171876086178
47166,144.16158389999993,-38.21743959999999
47167,26.428634216612018,37.36389708099729
47168,4.809707612664431,54.80289776088693
47169,2.5676033162347154,51.67574163487814
47170,1.1724832776922167,51.44100008929509
47171,8.502229537510738,54.078605204071465
47172,1.886172888517824,51.821018915552344
47173,4.200079099978324,52.386751340761585
47174,3.7371920681339446,51.863155487445745
47175,6.534510976878621,53.71321908033623
47176,6.4346869772419355,52.67357327666646
47177,-1.4789449026304606,38.87510002020343
47178,12.498705927873141,38.306257563076414
47179,4.145600848713876,52.25296732162044
47180,-109.31218779157648,25.231744402600594
47181,25.186599901630665,60.20399373475442
47182,-2.7985391584957067,43.76263954731946
47183,0.5488647114205056,53.722869888270345
47184,-6.586764412958673,45.540585137683856
47185,0.5866738910934101,48.06509951123301
47186,11.668033128408547,40.15910527821204
47187,13.676729013667122,40.611302800343715
47188,110.08227222282989,33.76248648828819
47189,12.942445639208895,56.800901761840706
47190,106.7797692818677,20.835566396197155
47191,-14.847097306620983,27.867355226659082
47192,16.846977596964628,57.20497826989574
47193,4.036036383340891,51.28697022285505
47194,-3.7812320777610493,40.40101092373633
47195,-5.870697294155657,46.94345989360413
47196,129.04240902533687,30.114630393111042
47197,6.971618034858757,54.639661411940686
47198,1.4210637035037414,51.12207443146006
47199,-0.928094870801018,50.54282478391059
47200,-3.2224822616206614,47.339490136879455
47201,3.953997837830366,51.999334171724385
47202,10.111225653056852,39.73076627894184
47203,12.181316053967967,55.177819667963355
47204,-10.033291573462476,38.28289578422888
47205,33.33309282142858,-28.172923455357154
47206,-74.03793606131968,29.984656501574253
47207,-1.5002335975058925,46.057939468780205
47208,-1.0642172983197407,46.21257088679298
47209,4.529532102143479,53.32221351229373
47210,0.8669677589876233,50.222503714373424
47211,-120.80250103589111,38.9129422491711
47212,1.8821806099695018,52.5333254407073
47213,23.697839595155482,37.6669405466416
47214,12.19144299968616,40.3732962303838
47215,2.207240932575758,51.298388440151484
47216,128.01296487396638,36.50969282016387
47217,-1.135131920205136,52.616047771016895
47218,10.358586970803422,41.04881320243605
47219,8.921921862162376,40.88329256455259
47220,12.75193275232271,41.163618175352894
47221,15.135355034703368,55.57880541888734
47222,1.1245465994466732,51.23898975470686
47223,17.39134032036722,58.8683336898677
47224,11.811649249962514,41.55045550278621
47225,4.07762558968671,52.18497888528298
47226,22.871677353550204,59.10967363292446
47227,10.184792993620794,41.60286170379832
47228,0.7882115030235499,52.35960736778037
47229,1.5394939143212816,44.69919217617349
47230,4.774525618773128,52.12436896899446
47231,115.64401910000002,-16.5187802
47232,6.974420114925407,53.11540231914376
47233,2.5676033162347154,51.67574163487814
47234,-72.06919800879939,27.06269199897286
47235,5.877806987856258,41.083248898482154
47236,3.405539698847278,51.371562050721856
47237,12.525823528998835,39.571540820034045
47238,16.841527896964628,57.205300169895736
47239,-2.952556219103706,39.89624765604698
47240,21.69456041408986,39.786930342523796
47241,-78.1847394998484,28.45926966390769
47242,-6.586764412958673,45.540585137683856
47243,-78.36243069415106,34.214807397636335
47244,13.75607446279306,40.24645024310322
47245,4.385430505024347,52.194067632293354
47246,54.646481129067226,25.168441022215532
47247,3.2417696391244384,39.18276508522513
47248,4.188723624817293,52.38295514599508
47249,-15.419149159395717,28.146580211363506
47250,-7.51984604845606,43.682737904102225
47251,3.8680547173162396,52.613445201653946
47252,115.44151222976188,-27.47314036249999
47253,-2.6985969610445766,47.05447787041235
47254,0.04374896123283195,43.0327545727029
47255,12.839066594066368,42.477698273839216
47256,122.60228764422018,28.72450591613854
47257,109.46693888612775,19.28355524740601
47258,152.22120828084329,-30.741409213775015
47259,4.706955185588836,52.92585579683926
47260,108.3163847844938,9.683291116346265
47261,4.812755944312783,54.803523960886935
47262,26.428634216612018,37.36389708099729
47263,6.4346869772419355,52.67357327666646
47264,5.262880774317738,53.78280428167936
47265,0.5386163683649502,53.71809366327033
47266,3.355181416556322,51.520757161514695
47267,6.44498395918018,52.88305576507903
47268,12.18622344653207,55.179228122835156
47269,-10.083586153462475,38.18283565384426
47270,116.08655209740458,6.041982860099382
47271,0.8625986339876232,50.21684403937342
47272,128.5708771146739,30.016738759728888
47273,3.9793851282207107,52.788706481093804
47274,0.7882115030235499,52.35960736778037
47275,-14.849032306620986,27.866326226659083
47276,-74.34761859527002,39.53548927433925
47277,8.472320702466186,54.84207008945853
47278,18.572269777546296,55.77970673042571
47279,123.47621019589761,22.986267947110747
47280,1.2451282760891953,37.23314959649043
47281,-9.039502009917,38.39955105613607
47282,124.94550426398717,26.012683927359248
47283,-81.23250797307867,24.830322245545858
47284,10.489994801673692,42.4514423290656
47285,-75.7096944153895,37.590576940921245
47286,-74.5720646657805,24.209684687074063
47287,-2.06853475408827,40.4700668916553
47288,4.951259143408668,52.210195995548276
47289,1.1533555278113592,50.56486748177754
47290,5.289220159325575,53.13206701083193
47291,168.94851399988667,-37.930340993310644
47292,146.9199065282386,-36.555631515132966
47293,-77.59610048676453,34.84540264427511
47294,-0.36528675914999653,49.80113826519667
47295,19.201143582136115,38.175631318625534
47296,-109.30923791401446,25.234097363546457
47297,12.546672168672064,55.09766995433168
47298,-1.879534094305475,48.701323448172936
47299,-118.11232682240092,32.8345568596756
47300,-52.796881675,-21.31853834999999
47301,3.6326471966187115,52.19022615910116
47302,12.591268716397515,54.96341769422704
47303,10.050957579995385,57.12177267229199
47304,-3.077326847450612,44.05776639911491
47305,1.8894631801844906,51.826413623885664
47306,-2.482093588772721,38.7807064780631
47307,132.0971163706692,35.24600584250143
47308,15.148787739454347,54.0833468938964
47309,-1.4794741526304604,38.87560182853678
47310,0.9737117205478885,49.4767795959654
47311,-0.799589096905695,50.574839524489235
47312,3.796294339686709,51.97084843528298
47313,2.978837175225526,50.70389029848105
47314,144.11745839999992,-38.24864669999999
47315,3.855032542048048,52.67981833878099
47316,116.39559722571948,-31.834724131576817
47317,18.344572547769584,57.399223272906426
47318,150.17932660779863,-31.669495838781085
47319,4.160336879568872,52.60843869021563
47320,-2.916372193996043,45.82657600353526
47321,10.358513387470085,41.04881178576939
47322,12.9774456656303,56.86399711669021
47323,0.5866735510934099,48.06509945123301
47324,1.1920830708752446,51.290998654706854
47325,3.4501314165832246,51.52438283129006
47326,17.392738695367218,58.86548391486769
47327,-3.7811176777610496,40.401114023736326
47328,0.10241115906894055,38.538717906253375
47329,-1.5002331333392258,46.057939390094305
47330,-1.0642168341530742,46.212570808107095
47331,4.545361579416206,53.34185113203399
47332,13.67972823033379,40.61008001701038
47333,8.924190841707832,40.8807902706132
47334,1.8821806099695018,52.5333254407073
47335,5.814834438620919,52.63965158426016
47336,10.86069091787485,53.94371974789423
47337,-89.72152537023086,11.768350942291642
47338,13.866657318445764,39.559732373959186
47339,23.697834185681803,37.66431344357142
47340,-120.8377510192244,39.024747049171104
47341,6.971618163508181,54.63966130722805
47342,-2.793738272781421,43.76352576517659
47343,11.800208337392611,41.5068002249598
47344,2.1814391325757567,51.29209894015148
47345,1.11257998602555,51.39584323929508
47346,-1.82360326152815,52.78836354689799
47347,11.668033128408547,40.15910527821204
47348,128.06179229599115,36.49974768024266
47349,109.96787212282989,33.76161826051041
47350,106.77976835186772,20.835566396197155
47351,3.737192863967278,51.86315614657273
47352,15.135355034703368,55.57880541888734
47353,4.03603613007105,51.28697026774394
47354,-3.2237551404085405,47.338806012637036
47355,25.186599901630665,60.20399373475442
47356,-0.928094870801018,50.54282478391059
47357,8.497131077510737,54.08197270407147
47358,-5.869868233441371,46.94541952217557
47359,10.111225653056852,39.73076627894184
47360,1.6616672886349702,51.25797486569328
47361,-1.9914042628293651,50.285853891829404
47362,10.182341993620796,41.591637653798315
47363,9.804771338252902,43.61784639786918
47364,3.953997837830366,51.999334171724385
47365,12.500063711206474,38.30701651307641
47366,-0.0767411286565492,49.95150123919511
47367,4.145600848713876,52.25296732162044
47368,2.6120636062290945,50.07199351653933
47369,15.724808596522529,55.8591168042576
47370,12.19144299968616,40.3732962303838
47371,22.8676811535502,59.10693093292447
47372,129.04274182533686,30.113485893111044
47373,12.75193275232271,41.163618175352894
47374,18.026446616807764,40.42640130597571
47375,-74.03717360131968,29.98193536157425
47376,33.336790721428585,-28.172619855357155
47377,6.534510976878621,53.71321908033623
47378,0.10514711621179768,38.5422813205391
47379,-109.67049527868836,24.985462722601607
47380,-2.482943359681943,38.77618633399968
47381,12.19144299968616,40.3732962303838
47382,4.205602959654426,52.58478085060395
47383,13.798266593609387,40.236779867048796
47384,54.64802014041437,25.17056784734507
47385,3.405539698847278,51.371562050721856
47386,-7.184136274573808,43.663059219101044
47387,12.525823528998835,39.571540820034045
47388,4.113007692776944,52.75576067188692
47389,-2.621021661044577,47.05176317041235
47390,18.357227747769574,57.40461327290641
47391,21.7078501876796,39.796563187652005
47392,116.16203624620415,-31.549375864044297
47393,3.5651867896867095,51.76237453528299
47394,108.3905525551822,9.715097765663428
47395,-74.05218577069468,29.984246212288536
47396,8.460474591544859,54.842890551849834
47397,-3.2170794816206616,47.34220817687946
47398,15.724808596522529,55.8591168042576
47399,-1.4008406535563867,38.91148209374841
47400,-89.72341617023086,11.773876442291645
47401,6.102962432522927,41.08747505581548
47402,-3.0773269165246857,44.05776556985565
47403,15.375973511267588,54.10146712212267
47404,1.0138168205478884,49.3993235959654
47405,12.771004523487063,54.76209445047283
47406,-0.8562769162996343,50.56587185994379
47407,2.963282876185122,50.69246852257195
47408,3.855032542048048,52.67981833878099
47409,150.06169889351293,-31.75918031735253
47410,-2.9265969551071533,45.887877978535265
47411,13.515620345777108,42.36625881525735
47412,13.88818535160541,39.6278109468526
47413,-1.9895285628293653,50.2861948918294
47414,-6.584565696292007,45.54350313768386
47415,17.975219958823544,40.39741336687042
47416,2.6120636062290945,50.07199351653933
47417,146.9199066095878,-36.55563409727583
47418,109.44949248612772,19.281742747406014
47419,152.19936100850288,-30.8308287988814
47420,122.73537866059121,28.815894028610828
47421,4.706955185588836,52.92585579683926
47422,4.104834816559709,52.53435445126128
47423,-0.8895662233971119,50.554917470193615
47424,26.428634216612018,37.36389708099729
47425,4.81658693671205,54.838082378744076
47426,5.258737203397824,53.76460287682007
47427,6.434686464216726,52.67357343268886
47428,0.5479083655871723,53.72287079243701
47429,3.355181416556322,51.520757161514695
47430,6.44498395918018,52.88305576507903
47431,-10.084086253462475,38.18161896922888
47432,12.19244660396797,55.173498477963356
47433,128.55697075162968,29.911203382019043
47434,0.9248313075590521,50.24008183437342
47435,4.0130853248982,52.799941179654404
47436,0.8282480999167215,52.37764008995617
47437,-74.34446423082693,39.5256005170565
47438,8.643966356238883,54.69012319064417
47439,-0.1061998033630427,49.94958204441936
47440,-15.419155124999977,28.146581499999993
47441,1.3601855602963664,37.265585370922864
47442,123.6714198002627,23.189939163380597
47443,-9.037121117536046,38.40295300375512
47444,124.9287228556538,25.916745085692583
47445,-81.35807833974536,24.883873078879176
47446,-7.52295131707078,43.68132833557408
47447,10.49186932869246,42.464586224138
47448,0.9127304650311762,50.42896280199254
47449,-2.0692570773739845,40.4680784449837
47450,-75.65586446463452,37.634549441194956
47451,21.799539342195118,59.199185775447155
47452,-78.36516228998441,34.21326735596968
47453,5.289220159325575,53.13206701083193
47454,-74.57205886725178,24.20968149156123
47455,4.851091966731682,52.22429023373197
47456,132.10396408766923,35.247089167501436
47457,6.534510976878621,53.71321908033623
47458,115.42444880000001,-16.131603499999997
47459,168.96347969988668,-37.95332799331064
47460,-77.59793709965636,34.85723564112942
47461,10.35858682080342,41.04881270243605
47462,-14.827446394342749,27.94261494182267
47463,-1.8491656314095473,48.719866536408226
47464,-0.3372506891499965,49.80014792519667
47465,106.77976868615342,20.83556596143524
47466,3.2417696391244384,39.18276508522513
47467,16.721453967797963,57.32498589489575
47468,3.7449858014672786,51.87965953744575
47469,1.4726087457593104,49.78748197104125
47470,4.7447307812731285,52.10326325649446
47471,1.1968714458752445,51.290388454706864
47472,0.1553140057841139,43.05673741949776
47473,143.88356843333324,-38.2188073
47474,13.679667585889344,40.609646977010385
47475,19.158088311486118,38.20411447027888
47476,3.4550221009510405,51.52283531496823
47477,1.5616720143212817,44.728692476173485
47478,11.674609468408548,40.15836349821204
47479,4.036036383340891,51.28697022285505
47480,17.625218554155097,58.82185476467289
47481,-3.7796238777610496,40.40259672373633
47482,109.9678674228299,33.76162131051041
47483,12.999611285392204,56.88350754573782
47484,-118.10996472240093,32.8345750596756
47485,-53.170379125,-21.053398925
47486,116.0865599002617,6.0419986067660485
47487,115.07531729642855,-24.728299862499995
47488,1.9353291061145164,51.86288055650643
47489,-5.86792260055367,46.94670024802227
47490,1.6673436638036612,51.26176643573376
47491,129.04894312533688,30.119951193111042
47492,10.050957579995385,57.12177267229199
47493,12.603920220095363,38.28234018680658
47494,33.34172192142857,-28.170191755357155
47495,-1.5002337975058924,46.0579393687802
47496,-1.0642176983197407,46.212570686792986
47497,2.2363893075757577,51.31443759848482
47498,15.15027103434834,55.58268537072166
47499,3.6326470270679407,52.19022579110209
47500,1.8821806099695018,52.5333254407073
47501,0.5866738844267431,48.065099370280635
47502,5.780754885163089,52.6007125236674
47503,11.811318034577898,41.54923562586313
47504,128.04645369066745,36.462918184052086
47505,1.11257998602555,51.39584323929508
47506,8.920102119305234,40.88246061574308
47507,4.545361579416206,53.34185113203399
47508,-2.7937384584957066,43.76352552231945
47509,8.515617618463118,54.08890144930956
47510,12.53213524493141,55.090359902115054
47511,9.815698010402174,43.6018763511461
47512,23.698276665155486,37.664752836641604
47513,-120.79663830255778,38.8897050991711
47514,-2.0122147940281496,52.850503969397984
47515,25.186599901630665,60.20399373475442
47516,4.145600848713876,52.25296732162044
47517,6.971617681102045,54.639660939118
47518,12.507460848064543,55.040832773188995
47519,12.75193275232271,41.163618175352894
47520,10.188936993620793,41.60497247046498
47521,18.572269777546296,55.77970673042571
47522,10.86069091787485,53.94371974789423
47523,3.953997837830366,51.999334171724385
47524,10.008437937159533,39.73572296435606
47525,22.839183328550202,59.08798106542446
47526,12.19144299968616,40.3732962303838
47527,6.534510976878621,53.71321908033623
47528,-2.4821464121841075,38.77995892901916
47529,-0.8854413567304452,50.55449074797139
47530,109.45735158612773,19.28741224740601
47531,6.974420114925407,53.11540231914376
47532,-2.6190335610445765,47.05133537041235
47533,0.9737117205478885,49.4767795959654
47534,21.697095937679606,39.78822248765201
47535,10.471907151946564,42.48062002732296
47536,12.534480548998836,39.56503411003405
47537,-2.0686722710525562,40.470078404947984
47538,13.798266910276054,40.2367797670488
47539,1.1956505458752442,51.29180965470686
47540,-7.1987012889987145,43.5908075949355
47541,0.157627405784114,43.05715381949776
47542,-89.72321467023086,11.775773942291643
47543,21.797867631084003,59.19702034211383
47544,-0.13593387181542366,49.94414213965745
47545,10.358586870803421,41.04881320243605
47546,-1.8491656314095473,48.719866536408226
47547,4.145577061739178,52.77025023008215
47548,19.16216797834886,38.202880461847506
47549,-53.223112074999996,-21.093217974999998
47550,-118.10895752240094,32.8345920596756
47551,114.45448509642854,-21.783915662500004
47552,3.63264734095683,52.19022602512986
47553,12.504692304731206,55.04093482985566
47554,15.375965272845903,54.10146543248411
47555,12.534846198496627,55.095101789419395
47556,-0.8518645362996344,50.567204505658076
47557,-3.077326847450612,44.05776639911491
47558,2.947512113003304,50.681386668481046
47559,3.855032542048048,52.67981833878099
47560,6.971618137038242,54.63966142649197
47561,150.06922179351292,-31.761400817352524
47562,4.1647224424619536,52.5975895468194
47563,116.39869146181802,-31.83780834884413
47564,-2.8764609051071535,45.88222062853526
47565,129.68214102298444,27.651458726135484
47566,-1.9895285628293653,50.2861948918294
47567,-3.2224822616206614,47.339490136879455
47568,13.536366505727393,42.536002370120706
47569,17.6254093541551,58.8229784646729
47570,2.6120636062290945,50.07199351653933
47571,18.02756031953783,40.42824730020375
47572,12.771004523487063,54.76209445047283
47573,152.2007700085029,-30.830085798881395
47574,122.60114886059122,28.724138628610827
47575,4.706955185588836,52.92585579683926
47576,108.51963768616048,9.80595993685908
47577,1.8821806099695018,52.5333254407073
47578,4.208643338810791,52.390186693032554
47579,4.839917570045383,54.854714895410744
47580,26.428634216612018,37.36389708099729
47581,6.4346869772419355,52.67357327666646
47582,5.239629228635919,53.757067966224824
47583,-74.04977490819469,29.984752676574253
47584,0.5488647114205056,53.722869888270345
47585,3.355181416556322,51.520757161514695
47586,6.44498395918018,52.88305576507903
47587,-10.084076053462475,38.181120769228876
47588,115.42518980000001,-16.1319221
47589,4.011596390125471,52.79425293442714
47590,0.9150173875590518,50.23318881437343
47591,12.183256203967966,55.16974262796336
47592,128.5719725721347,30.01701299434227
47593,0.8282480999167215,52.37764008995617
47594,-2.302113500914263,52.93800247002946
47595,146.91990677268305,-36.55563111513297
47596,-74.34761739527002,39.535490874339246
47597,132.1018755956692,35.24802646750143
47598,8.459725496946705,54.812331126579735
47599,13.88818535160541,39.6278109468526
47600,143.64566739999992,-38.18801969999999
47601,-6.586673362958674,45.546022521017186
47602,3.405539698847278,51.371562050721856
47603,-15.419143409656176,28.146577307888958
47604,123.5292820395643,23.553943964110758
47605,-9.034634743250333,38.401334989469404
47606,1.3653141474175783,37.266044324584485
47607,124.94865891398716,26.01468214735925
47608,1.11257998602555,51.39584323929508
47609,-81.21216227307869,24.825135745545857
47610,-7.52350371707078,43.67800023557408
47611,1.4725975457593106,49.787481071041256
47612,-75.65686890719878,37.66425848098911
47613,0.9066078292100618,50.44285374378726
47614,2.234962632575758,51.314214640151484
47615,-74.57206175558514,24.20968331560885
47616,-78.36266098998439,34.21540735596968
47617,4.851092001742001,52.224290003881606
47618,3.7347111681339453,51.878022987445746
47619,168.96258529988663,-37.95394489331065
47620,5.289220159325575,53.13206701083193
47621,9.815698010402174,43.6018763511461
47622,3.2417696391244384,39.18276508522513
47623,-77.61520374986067,34.86795697393454
47624,-14.837773094342749,27.934763341822666
47625,16.688186534464634,57.34945144489574
47626,1.5394938143212815,44.699191876173494
47627,-3.72980209426746,40.39214500033889
47628,12.58989517787314,38.26980973569546
47629,8.922491219305233,40.88291290740974
47630,11.811649249962514,41.55045550278621
47631,0.5866736844267433,48.065099170280625
47632,23.697892235155486,37.666908666641596
47633,-2.7957925784957065,43.766022835652784
47634,-0.33853038914999656,49.80021852519667
47635,10.86069091787485,53.94371974789423
47636,106.77977141520105,20.83556571286382
47637,0.10514711621179768,38.5422813205391
47638,13.002978125392204,56.887455619071154
47639,22.8384980885502,59.08199844542446
47640,18.572269777546296,55.77970673042571
47641,11.674609468408548,40.15836349821204
47642,-120.7870458358911,38.8904435491711
47643,109.96874272282989,33.76271911051042
47644,3.953997837830366,51.999334171724385
47645,10.050957579995385,57.12177267229199
47646,5.878134732522924,41.08448985581549
47647,116.08655068359505,6.041993260099381
47648,4.036036427785335,51.286970445077266
47649,4.743635139606461,52.10292296899446
47650,1.6673438638036613,51.26176623573377
47651,15.154758614348339,55.585379770721666
47652,33.33414232142858,-28.172375355357154
47653,7.920561736324255,41.519763799362906
47654,8.64729115290555,54.69398690064417
47655,1.9903937132573728,51.90121289793499
47656,5.780754885163089,52.6007125236674
47657,128.0464542740008,36.46291642571875
47658,8.526043551796453,54.054675732642885
47659,-5.86706897682217,46.93949013380451
47660,-1.3532515559637937,38.94918055782248
47661,3.4550221009510405,51.52283531496823
47662,129.04616512533687,30.11817459311104
47663,12.75193275232271,41.163618175352894
47664,10.184792993620794,41.60286170379832
47665,-1.5002333975058924,46.0579395687802
47666,-1.0642172983197407,46.21257088679298
47667,18.327310547769585,57.39321857290643
47668,13.67969973033379,40.60999831701038
47669,25.186599901630665,60.20399373475442
47670,9.996890415587309,39.75303728269313
47671,4.088023093875166,52.24987775871721
47672,4.545361579416206,53.34185113203399
47673,-6.586673362958674,45.546022521017186
47674,21.69672342339389,39.78801791622343
47675,106.77977141520105,20.83556571286382
47676,33.05066142142858,-28.273320655357143
47677,1.8821806099695018,52.5333254407073
47678,-2.949824555467342,39.889689331804554
47679,1.1956505458752442,51.29180965470686
47680,12.534480548998836,39.56503411003405
47681,13.798266710276055,40.2367800670488
47682,-3.2237551404085405,47.338806012637036
47683,-10.083413553462476,38.18010245384426
47684,-15.419144988584744,28.146575706341352
47685,10.471907151946564,42.48062002732296
47686,0.9081252292100617,50.442787843787265
47687,0.028041956690701343,39.020574556253216
47688,21.794580131084007,59.19391159211382
47689,-2.626076961044577,47.05026267041235
47690,12.548478965163293,55.100518322752734
47691,9.978775177822486,39.76916890421164
47692,13.016042190352975,42.87227075717661
47693,4.706955185588836,52.92585579683926
47694,0.15802940578411392,43.05707841949778
47695,-5.77065767120709,46.96772019275293
47696,8.432766980728218,54.73196115844249
47697,3.405539698847278,51.371562050721856
47698,-81.21951467307868,24.826850945545857
47699,124.94786546398717,26.013549527359256
47700,22.8359866635502,59.07901090792447
47701,-7.520302617070779,43.67722783557409
47702,6.534510976878621,53.71321908033623
47703,169.17114304750572,-37.99340010402492
47704,-78.36243069415106,34.214807397636335
47705,5.289220159325575,53.13206701083193
47706,-74.57206360407719,24.209684276085053
47707,-2.0716020922628733,40.46939150809373
47708,4.851091801742001,52.224289803881604
47709,-75.67231664594614,37.66485696729017
47710,-77.75145933569043,34.45925750177193
47711,-0.3446702891499964,49.802165825196674
47712,4.742164239606461,52.10314376899446
47713,-1.8491656314095473,48.719866536408226
47714,19.161308311233253,38.20356757255467
47715,-53.48628332500002,-20.689798925000005
47716,-118.11232682240092,32.8345568596756
47717,113.36395319642855,-17.35285876249999
47718,3.6326471966187115,52.19022615910116
47719,15.148780339454348,54.0833443938964
47720,12.496524472920305,55.03550365041596
47721,-0.8805736362996344,50.572154705658065
47722,0.9737117205478885,49.4767795959654
47723,2.947512422447748,50.68138564014772
47724,-0.1485577809820903,49.93969842465745
47725,-3.077326847450612,44.05776639911491
47726,3.855032542048048,52.67981833878099
47727,6.971618263971656,54.63966126204822
47728,150.07049300779863,-31.76178053878109
47729,4.1647224424619536,52.5975895468194
47730,116.39557725380907,-31.83476846455325
47731,-2.847666505107154,45.89583142853527
47732,-2.482093588772721,38.7807064780631
47733,115.42764530000001,-16.1292644
47734,13.88818535160541,39.6278109468526
47735,-1.9914042628293651,50.285853891829404
47736,18.031262162133597,40.432915786827536
47737,2.6120636062290945,50.07199351653933
47738,109.29616868612774,19.04414144740601
47739,122.60116751059122,28.724244728610824
47740,152.19856040850289,-30.8159213988814
47741,146.91990258240526,-36.55563228179964
47742,-14.84108674434275,27.93208439182267
47743,2.209160832575757,51.30792514015148
47744,8.522562091796452,54.05613293264289
47745,108.51970105282714,9.805960670192414
47746,4.197287863649761,52.38639049826605
47747,26.428634216612018,37.36389708099729
47748,4.835774785027069,54.85063652874407
47749,6.4346869772419355,52.67357327666646
47750,132.1129809823342,35.25033064235843
47751,5.174696984912975,53.7389125497746
47752,1.5248926143212815,44.697578776173486
47753,-74.05063944819467,29.982054636574254
47754,0.5386163683649502,53.71809366327033
47755,3.355181416556322,51.520757161514695
47756,143.09035289999989,-38.026191499999996
47757,10.358513087470083,41.048812185769386
47758,25.186702666093197,60.2040460517521
47759,0.9106482625590518,50.22752913937342
47760,6.44498395918018,52.88305576507903
47761,128.57078660618905,30.016673565486467
47762,116.08655348359505,6.042005560099382
47763,0.8282480999167215,52.37764008995617
47764,13.012062471973401,56.8767230286303
47765,4.008942873321442,52.79426589211945
47766,4.144122311243772,52.77640554746588
47767,-74.34761859527002,39.53548927433925
47768,-2.670034844008737,53.046834822592736
47769,12.771004523487063,54.76209445047283
47770,-7.198700786894821,43.59080712465952
47771,12.18816359653207,55.17115108283516
47772,129.66982302298445,27.642936626135487
47773,11.674609468408548,40.15836349821204
47774,3.2417696391244384,39.18276508522513
47775,16.687524134464635,57.348704844895735
47776,4.0360366729281925,51.286970710601075
47777,18.323894047769585,57.391658172906425
47778,109.96787212282989,33.76161826051041
47779,3.7347119639672774,51.87802364657273
47780,123.52927089432616,23.55257752839647
47781,1.4725978684865835,49.787480960813994
47782,11.800208337392611,41.5068002249598
47783,33.33712902142858,-28.171977255357156
47784,5.874568699189592,41.094225309148825
47785,5.780754885163089,52.6007125236674
47786,-1.2629086059637935,39.125657153655816
47787,12.674846433249483,38.26285027924385
47788,1.6673438638036613,51.26176623573377
47789,129.04623322533686,30.117936093111037
47790,0.5866734844267433,48.06509922028063
47791,1.360056226584245,37.263783070417816
47792,7.633744640642696,41.51250926501919
47793,4.572475899416206,53.35616257703399
47794,128.04308097972023,36.44569450298044
47795,13.67972823033379,40.61008001701038
47796,1.11257998602555,51.39584323929508
47797,12.75193275232271,41.163618175352894
47798,15.154758614348339,55.585379770721666
47799,-1.5002329333392257,46.057939490094306
47800,-1.0642168341530742,46.212570808107095
47801,8.645850364129325,54.697151607322475
47802,9.815698010402174,43.6018763511461
47803,23.697834585681804,37.664313043571426
47804,17.6268077291551,58.820128689672885
47805,-3.72968769426746,40.39224810033889
47806,4.088023093875166,52.24987775871721
47807,8.916772713136403,40.87496859442272
47808,10.182341993620796,41.591637653798315
47809,18.572269777546296,55.77970673042571
47810,3.4550221009510405,51.52283531496823
47811,10.86069091787485,53.94371974789423
47812,-2.8147885601152716,43.790132360688204
47813,0.10000559478322632,38.53833162053909
47814,2.00952327992404,51.918750277935
47815,10.050957579995385,57.12177267229199
47816,-120.82160551922442,39.0009726491711
47817,-9.052862809917,38.39066751327893
47818,3.953997837830366,51.999334171724385
47819,-3.1815123707536537,45.700391858241574
47820,10.358513087470083,41.048812185769386
47821,0.20688086689522517,43.070130891719984
47822,-2.482943359681943,38.77618633399968
47823,12.534480548998836,39.56503411003405
47824,-53.56322292500001,-20.693009725000003
47825,0.062496666926083265,38.48759646089624
47826,150.06170267246029,-31.759170127878843
47827,-74.0652217929674,29.9843580059249
47828,8.387622560391309,54.731648456872755
47829,3.405539698847278,51.371562050721856
47830,125.0684736373388,26.006904245033247
47831,132.1218610233925,35.25655259090948
47832,15.37595831126759,54.10146312212267
47833,1.0138329580478882,49.3992775584654
47834,2.947751073407344,50.68101913923862
47835,21.620716131379844,39.765786404061494
47836,-3.2131687908514306,47.341695769187154
47837,4.313254396691014,52.14351842396001
47838,115.42432910000001,-16.1322665
47839,-74.34446423082693,39.5256005170565
47840,-2.6885356683947013,53.02340335759273
47841,123.5257949562627,23.5548065153806
47842,-15.41915884412799,28.146613089330657
47843,1.3486084602963664,37.26297907092287
47844,-9.037121117536046,38.40295300375512
47845,142.50810722083327,-37.7112059125
47846,22.842050111883527,59.089222248757785
47847,-81.35899493974536,24.88352227887918
47848,-7.51995731707078,43.67460253557409
47849,10.49186932869246,42.464586224138
47850,-78.36667429756017,34.207167808999976
47851,-75.71784113207931,37.60723836976664
47852,-74.5720602062994,24.20968190370409
47853,4.851091966731682,52.22429023373197
47854,0.7844789779850369,50.42107754435648
47855,5.289220159325575,53.13206701083193
47856,-2.073816346642927,40.466432837544545
47857,168.95356794750572,-37.94714220402492
47858,0.04626671437123966,39.02599168538641
47859,-77.82222895827056,33.951391864201554
47860,12.174609386508518,40.380166181959595
47861,-0.2439331891499965,49.80841222519667
47862,-1.868532691965103,48.720669938630444
47863,4.643846046166156,52.104865761539315
47864,19.158088311486118,38.20411447027888
47865,-118.70512552240092,32.8930929596756
47866,112.1935689535714,-15.99522048154761
47867,12.529216402279895,55.072831126028184
47868,3.6326470270679407,52.19022579110209
47869,-2.5911033610445764,47.049586670412346
47870,1.11257998602555,51.39584323929508
47871,-0.9711053994575294,50.55907205250017
47872,-52.34054567214477,36.22803920745712
47873,12.533820516520805,55.09346213326776
47874,3.855032542048048,52.67981833878099
47875,6.971564786144121,54.639878087768096
47876,4.1647224424619536,52.5975895468194
47877,-3.077326847450612,44.05776639911491
47878,116.39994250784079,-31.840706114204032
47879,13.798266910276054,40.2367797670488
47880,-2.0359948033055555,50.28310184897226
47881,-2.832427855107153,45.89189477297971
47882,2.6120636062290945,50.07199351653933
47883,13.004562180204442,42.868271491023215
47884,17.970935154554414,40.39885443380089
47885,6.534510976878621,53.71321908033623
47886,108.94021478612771,18.556396447406012
47887,152.2009810085029,-30.829748198881397
47888,122.73537866059121,28.815894028610828
47889,1.2226802023728292,51.28243328241218
47890,4.706955185588836,52.92585579683926
47891,108.52100972663663,9.805517703525746
47892,6.103632332522926,41.08770555581549
47893,4.173403983332309,52.4379246857602
47894,8.543502368463118,54.046823549309565
47895,9.815698010402174,43.6018763511461
47896,6.4346869772419355,52.67357327666646
47897,26.428634216612018,37.36389708099729
47898,4.76032987753789,54.84966147461488
47899,13.679667585889344,40.609646977010385
47900,1.5716281681674353,44.72969453661305
47901,-3.656422684920956,40.457548104999475
47902,0.5466458655871723,53.72242859243701
47903,0.5866735775036662,48.06509898925499
47904,5.172755640897824,53.69614730182006
47905,-14.872613133138268,27.89580753299914
47906,2.2363893075757577,51.31443759848482
47907,3.355181416556322,51.520757161514695
47908,6.44498395918018,52.88305576507903
47909,7.398450589754551,41.4945672154356
47910,17.625218554155097,58.82185476467289
47911,18.342267447769572,57.39906117290641
47912,12.849985901616238,38.24806260762941
47913,33.34293802142858,-28.167877355357156
47914,4.0849703188751665,52.250980258717206
47915,129.04894312533688,30.119951193111042
47916,-10.083903453462476,38.178387569228875
47917,-1.5002340975058923,46.0579392937802
47918,-1.0642179983197406,46.21257061179299
47919,4.572475899416206,53.35616257703399
47920,-1.3301727226304605,39.067447808655814
47921,1.6786578132237227,51.26780287964757
47922,1.4726087457593104,49.78748197104125
47923,0.9251872275590521,50.212742174373425
47924,3.7415268014672787,51.879081837445746
47925,128.5551642516297,29.91484768201904
47926,14.381402023523517,55.29312175359653
47927,23.698343898965003,37.664875674022554
47928,3.30811906033656,39.23361566098271
47929,10.86069091787485,53.94371974789423
47930,8.846594552162376,40.901387810028794
47931,4.0189356440648645,52.792836150866535
47932,0.7978533899167216,52.4167608482895
47933,8.542406516580764,54.71279538053733
47934,1.979946835876421,51.88423669198262
47935,5.780754885163089,52.6007125236674
47936,127.97883250425664,36.353948683667305
47937,3.4608988009510404,51.52320681496823
47938,-2.8147887458295573,43.790132117831064
47939,129.67955612298448,27.651527626135476
47940,116.0865599002617,6.0419986067660485
47941,12.18597975396797,55.173084627963355
47942,10.200748228974328,41.606482974000336
47943,11.674609468408548,40.15836349821204
47944,25.186651947111322,60.20403194767621
47945,146.91990553518303,-36.555631006799636
47946,13.907166668082832,39.688002022481726
47947,18.572269777546296,55.77970673042571
47948,-5.760468967591639,47.05482820271567
47949,16.527315742944165,57.48332648027586
47950,3.953997837830366,51.999334171724385
47951,12.979822033759117,56.85604053105093
47952,-0.13266780793374977,49.953508434964085
47953,-7.198699455117223,43.59080634531808
47954,21.799380042195118,59.199169275447154
47955,4.036036383340891,51.28697022285505
47956,10.050957579995385,57.12177267229199
47957,4.1939040379751455,52.791887158239426
47958,-120.75741558272253,38.8283326591254
47959,106.77977078186768,20.83556639619715
47960,109.9678674228299,33.76162131051041
47961,12.75193275232271,41.163618175352894
47962,11.801589310922628,41.5079703425036
47963,21.618739748046508,39.7603955040615
47964,15.566620899749157,55.802643837711074
47965,3.30811906033656,39.23361566098271
47966,-3.3199332736969596,47.19656814951236
47967,8.544448361796452,54.03770769264289
47968,12.534480548998836,39.56503411003405
47969,-15.419154764936701,28.146629807584148
47970,9.817933736882678,42.081049512051976
47971,-2.073093427892927,40.46842201879454
47972,-78.36634469756017,34.206817608999984
47973,-2.5921331610445764,47.04803867041235
47974,2.947751107725525,50.68101928389772
47975,11.801589310922628,41.5079703425036
47976,0.044683914371239676,39.02915468538641
47977,-10.083903453462476,38.178387569228875
47978,6.44498395918018,52.88305576507903
47979,0.9194374742257186,50.204021121040086
47980,0.7978533899167216,52.4167608482895
47981,128.57270097213473,30.019219794342277
47982,-2.6885554983947024,53.02340582259274
47983,4.0104773086860765,52.79491066836654
47984,4.534736759068782,52.55662406908034
47985,8.401883980470302,54.726411954239204
47986,3.405539698847278,51.371562050721856
47987,123.52818361499286,23.558201138396477
47988,1.4974073188461496,37.28798301029877
47989,-9.026236123250333,38.3251308044694
47990,22.8390503885502,59.08300054542447
47991,-81.2094558730787,24.825332945545853
47992,125.08840549567213,26.10483390669991
47993,-7.520509717070779,43.671274435574084
47994,10.471907151946564,42.48062002732296
47995,0.8210991357123096,50.430893729538305
47996,-75.69896369962652,37.6094751280842
47997,-74.57206031963274,24.209683612751704
47998,4.8510919017420004,52.224289803881604
47999,168.9526735475057,-37.947759104024925
48000,5.287426925992241,53.139147977498595
48001,115.42519130000002,-16.1319216
48002,-77.91188332528029,33.82987517307365
48003,-0.22017570581666315,49.81791982012421
48004,142.21974258749995,-37.6665080125
48005,4.645070979499489,52.105168186539316
48006,19.16216797834886,38.202880461847506
48007,-1.868532691965103,48.720669938630444
48008,112.3332929535714,-15.609448381547613
48009,-118.70378832240092,32.893094659675604
48010,-53.56083332500001,-20.696426325
48011,3.632647467320466,52.19022610331168
48012,12.52650555894656,55.072826182694854
48013,15.375958472845905,54.10146313248411
48014,0.9737278580478885,49.476733558465405
48015,-0.9931340834575293,50.547066030500176
48016,6.590079815726789,53.73155377300639
48017,3.855032542048048,52.67981833878099
48018,6.971564362465698,54.63987780093832
48019,12.536531470086022,55.098204020572105
48020,150.0692237724603,-31.76139522787884
48021,4.307473271286975,52.637864739380696
48022,116.39556683760271,-31.83481066700166
48023,-2.9836376051071527,45.96025642297971
48024,26.69805941030186,39.42298851020426
48025,13.797354042418913,40.236855975382134
48026,13.907166668082832,39.688002022481726
48027,132.11972895639252,35.25757016590948
48028,-3.077326847450612,44.05776639911491
48029,-2.0359948033055555,50.28310184897226
48030,2.6120636062290945,50.07199351653933
48031,4.0849703188751665,52.250980258717206
48032,146.9199028268497,-36.55563188179964
48033,13.124249119802586,42.940817520141756
48034,18.02408919622108,40.429293533800895
48035,1.6890373563278482,51.27376954686049
48036,108.94722938612773,18.562405247406012
48037,152.2025430085029,-30.829311398881394
48038,122.60116756059122,28.72424392861082
48039,4.248276646901819,52.80832483029043
48040,127.97883250425664,36.353948683667305
48041,12.852812834949567,38.248555674296064
48042,4.706955185588836,52.92585579683926
48043,13.67782865255601,40.60920755589927
48044,108.38885278315837,9.715345194830094
48045,-14.871829133138265,27.896655632999142
48046,129.6816541229845,27.650333226135476
48047,4.199520315804756,52.387213123753426
48048,25.185809793613945,60.203957274824816
48049,26.428634216612018,37.36389708099729
48050,0.05663019311655949,38.483884913277194
48051,5.152538879317738,53.69020633417936
48052,5.878804632522924,41.08472035581549
48053,-74.34761739527002,39.535490874339246
48054,33.33535842142858,-28.170060955357155
48055,6.4346869772419355,52.67357327666646
48056,26.36310540496936,38.39109321313102
48057,129.05000150715506,30.125025507656492
48058,4.756618380019575,54.852365070448194
48059,1.2214593023728293,51.28385448241218
48060,1.4725975457593106,49.787481071041256
48061,-52.44674499214478,36.219534527457114
48062,-1.3369284726304604,39.07472898365582
48063,3.7347108389672785,51.878023184667974
48064,1.8821806099695018,52.5333254407073
48065,-74.06425233046744,29.982841570210617
48066,10.19894482897433,41.59846780733367
48067,-1.5002336975058923,46.057939593780205
48068,-1.0642175983197406,46.21257091179298
48069,1.5494496681674355,44.70019413661306
48070,7.3239890879026985,41.491997193213386
48071,9.815698010402174,43.6018763511461
48072,23.697667096157993,37.66501017595237
48073,5.775475420520232,52.6029031659293
48074,4.572475899416206,53.35616257703399
48075,-7.198699300421709,43.590805488690336
48076,-2.829126945829557,43.80748231783107
48077,8.845143002162375,40.901876501695455
48078,21.796253031084007,59.19658699211382
48079,0.5279390114205057,53.71514028827034
48080,18.572269777546296,55.77970673042571
48081,10.050957579995385,57.12177267229199
48082,0.5866731775036663,48.06509893925499
48083,3.4608988009510404,51.52320681496823
48084,3.953997837830366,51.999334171724385
48085,-120.74923566605587,38.82907472856985
48086,-0.24610773900420158,49.86349109541366
48087,12.192056996532072,55.17548548283515
48088,3.355181416556322,51.520757161514695
48089,11.674609468408548,40.15836349821204
48090,2.2339069325757577,51.312150440151484
48091,-5.688118096740787,47.05583275150959
48092,12.1344267433897,40.365074003595325
48093,106.77977206520104,20.835566362863815
48094,16.490023342944163,57.50723323027586
48095,109.96874272282989,33.76271911051042
48096,10.334679745089137,40.99147209957891
48097,12.75193275232271,41.163618175352894
48098,14.375105766486481,55.29118332211506
48099,4.036036427785335,51.286970445077266
48100,8.542973142804541,54.715583622215654
48101,1.9335321358764208,51.874034239304045
48102,10.86069091787485,53.94371974789423
48103,1.11257998602555,51.39584323929508
48104,116.08655068359505,6.041993260099381
48105,17.6254093541551,58.8229784646729
48106,18.324156272769585,57.392509022906424
48107,-3.657916484920955,40.45606540499948
48108,12.979191500425781,56.85498783105093
48109,0.04980131437123971,39.031098085386404
48110,15.566620899749157,55.802643837711074
48111,1.245573357949536,51.63586771103269
48112,115.42680840000001,-16.131509199999996
48113,4.534736759068782,52.55662406908034
48114,-15.419147414976077,28.146630272921357
48115,-7.517008317070779,43.67002853557408
48116,129.68167422298447,27.65031432613548
48117,8.535142036796453,54.039847882642896
48118,169.1679264725057,-37.99192227069159
48119,4.706955185588836,52.92585579683926
48120,-74.06461347046742,29.982059330210614
48121,4.0151518285273475,52.798265707255425
48122,3.405539698847278,51.371562050721856
48123,8.404330080470302,54.725157154239206
48124,12.534480548998836,39.56503411003405
48125,1.8821806099695018,52.5333254407073
48126,15.148772839454345,54.08334229389639
48127,0.9737278580478885,49.476733558465405
48128,-2.829126760115271,43.80748256068821
48129,21.611190748046514,39.75750960406149
48130,-2.482093588772721,38.7807064780631
48131,-1.3365446726304606,39.07543316698914
48132,108.95520558612775,18.560298047406008
48133,152.19856040850289,-30.8159213988814
48134,122.60116751059122,28.724244728610824
48135,146.91990258240526,-36.55563228179964
48136,108.59251728315836,9.838140719830093
48137,26.428634216612018,37.36389708099729
48138,4.1995202521683925,52.38721297526858
48139,5.152552167412975,53.6892405722746
48140,6.4346869772419355,52.67357327666646
48141,4.763617530019576,54.8503386204482
48142,3.404127286373009,51.534823852388584
48143,0.5250149683649501,53.71300166327033
48144,0.5866731775036663,48.06509893925499
48145,-10.083413553462476,38.18010245384426
48146,6.44498395918018,52.88305576507903
48147,1.8279719228148104,39.65216130418677
48148,0.9151011492257186,50.199191746040086
48149,128.57151500618906,30.01888036548647
48150,0.7978533899167216,52.4167608482895
48151,3.4619995464055857,51.52349164224095
48152,-2.80832353086112,53.174534604891605
48153,123.51587249832617,23.55601068839647
48154,-9.044464189917,38.314463328278926
48155,1.4931409980128165,37.2862442561321
48156,22.8359866635502,59.07901090792447
48157,-81.2211047730787,24.832979245545847
48158,125.08688534567214,26.10370788669991
48159,10.471907151946564,42.48062002732296
48160,-75.8966568789971,37.54813666088565
48161,-74.57206135407716,24.209686036085046
48162,0.6843950918377807,50.40382476019341
48163,-78.36394270172681,34.20870795066664
48164,5.287426925992241,53.139147977498595
48165,4.851092505908667,52.22428953804827
48166,-2.0730938073572127,40.468421684508826
48167,9.815698010402174,43.6018763511461
48168,-77.9901792076333,33.42311746366544
48169,-0.22631560581666318,49.81986712012421
48170,116.08573668359504,6.041214760099381
48171,-1.868532691965103,48.720669938630444
48172,4.66391082114184,52.1114403629218
48173,19.161308311233253,38.20356757255467
48174,-53.68362762500001,-20.801917324999998
48175,-118.70748762240092,32.8930747596756
48176,112.22245565357142,-14.812733681547611
48177,3.6326471966187115,52.19022615910116
48178,12.526684892929243,55.07296260888533
48179,132.1150133063925,35.255469265909475
48180,-2.592299361044577,47.047857570412354
48181,-0.9982960834575291,50.55083238050017
48182,26.71329796942884,39.42499112310109
48183,-14.869509702896332,27.89942390759592
48184,2.947765190185842,50.68078121223105
48185,5.87523859918959,41.09445580914882
48186,127.97883250425664,36.353948683667305
48187,7.218745302373012,41.505644354495395
48188,11.789905313737343,41.463403441600256
48189,6.971563469983997,54.63987773982272
48190,3.855032542048048,52.67981833878099
48191,1.5314886681674356,44.69687333661305
48192,17.6268077291551,58.820128689672885
48193,116.39556584881238,-31.834827982758128
48194,150.059745986746,-31.770834049307403
48195,4.3104038791441175,52.63607287152354
48196,13.797354042418913,40.236855975382134
48197,3.279231462676985,39.23864645459972
48198,2.213084632575757,51.30855314015148
48199,13.907166668082832,39.688002022481726
48200,12.550164236752689,55.10362055390544
48201,-2.9821837345189177,45.95865772592087
48202,4.248276646901819,52.80832483029043
48203,-2.0359948033055555,50.28310184897226
48204,142.08516268749995,-37.6332158125
48205,0.03964753118480698,38.46578408212913
48206,4.572475899416206,53.35616257703399
48207,3.7347119639672774,51.87802364657273
48208,1.2193427023728294,51.28288038241217
48209,18.325547422769585,57.39350252290642
48210,-5.614921155376181,47.12200627602985
48211,10.86069091787485,53.94371974789423
48212,26.36310540496936,38.39109321313102
48213,-7.198699554421711,43.59080450226176
48214,-3.572947163203784,40.52903616106008
48215,109.96787212282989,33.76161826051041
48216,18.572269777546296,55.77970673042571
48217,4.0360366729281925,51.286970710601075
48218,3.953997837830366,51.999334171724385
48219,13.102206006469249,42.93186548663298
48220,-120.78238274938916,38.93960022856985
48221,106.77977153520105,20.835565762863816
48222,18.025815658721076,40.427503446300896
48223,-74.34761859527002,39.53548927433925
48224,33.339056321428586,-28.169757355357156
48225,13.094935285236925,38.232521657629405
48226,-3.0773253311798743,44.05776502499275
48227,1.4725978684865835,49.787480960813994
48228,12.1344267433897,40.365074003595325
48229,16.475961542944166,57.51337243027586
48230,10.334744981755797,40.99143294291224
48231,129.05006960715505,30.12478700765649
48232,12.75193275232271,41.163618175352894
48233,14.372042710930925,55.29016544433728
48234,6.590079815726789,53.73155377300639
48235,2.6120636062290945,50.07199351653933
48236,1.9200863620668975,51.90910800597071
48237,-52.31749867239688,36.43362664006216
48238,13.670966352556013,40.60640275589927
48239,1.11257998602555,51.39584323929508
48240,1.7022010435073351,51.27732857045024
48241,8.849020531707831,40.89921350775606
48242,-1.5002332333392259,46.05793931509431
48243,-1.0642171341530742,46.2125706331071
48244,8.486540822519988,54.73633460071158
48245,13.043438140974127,56.82580383981717
48246,21.79250253108401,59.193362292113825
48247,23.69809837282466,37.663917789285705
48248,5.786338238493356,52.60454968401441
48249,25.18600646977577,60.2043560243505
48250,4.0849703188751665,52.250980258717206
48251,12.193429063198737,55.17553724950182
48252,10.050957579995385,57.12177267229199
48253,11.674609468408548,40.15836349821204
48254,-0.323009542473241,49.788418058995646
48255,10.19635962897433,41.59039825733366
48256,106.77977153520105,20.835565762863816
48257,21.680092319755914,39.73535624327517
48258,115.45729350000002,-16.1721072
48259,54.38552724560779,25.249110757587147
48260,1.5954186772583443,44.72731197070396
48261,29.46792745591155,40.712426040664816
48262,1.0138329580478882,49.3992775584654
48263,4.5437323625482735,52.519083931176226
48264,-7.513708729399548,43.64953690680696
48265,12.540692453806528,39.56485159488982
48266,-2.0805907166347173,40.46606121593125
48267,146.91990266375444,-36.555634863942494
48268,4.313254396691014,52.14351842396001
48269,108.89601618612771,18.57834444740601
48270,4.706955185588836,52.92585579683926
48271,108.59370739565837,9.837784607330095
48272,26.363085676397926,38.38689619884531
48273,-74.0652217929674,29.9843580059249
48274,-89.73524407023088,11.770537942291647
48275,6.44498395918018,52.88305576507903
48276,137.77639232417195,34.795143434752305
48277,-2.0359948033055555,50.28310184897226
48278,12.533820516520805,55.09346213326776
48279,13.08396027313592,42.93482375329964
48280,2.612063676689764,50.07199354171752
48281,17.97797410455441,40.39777183380089
48282,-3.077326847450612,44.05776639911491
48283,152.1998600085029,-30.825242198881398
48284,122.8352544605912,28.79958792861083
48285,0.04094596925219205,39.01947505038641
48286,33.083248721428575,-28.265822255357143
48287,4.173403983332309,52.4379246857602
48288,26.428634216612018,37.36389708099729
48289,5.133662043040681,53.68170507253435
48290,13.055798238910633,56.78101893529335
48291,4.950579497959659,54.87286676635259
48292,6.435241417911792,52.673117901307606
48293,3.404127286373009,51.534823852388584
48294,0.5330567655871722,53.717386992437014
48295,0.5866735775036662,48.06509898925499
48296,-10.085105153462475,38.175634969228874
48297,0.9273233442257187,50.20847289104009
48298,0.7978533899167216,52.4167608482895
48299,128.53138178377253,29.907493149365976
48300,141.51284582083323,-37.49823381249999
48301,4.096147589172895,52.80499231289335
48302,-2.9258179258256574,53.198803165565344
48303,8.423710021751228,54.758686432551265
48304,1.8232300219601099,39.651857802904715
48305,3.405539698847278,51.371562050721856
48306,-15.419144777329466,28.146595324138605
48307,1.4934139576508638,37.284444527007516
48308,123.51112060698044,23.55544053260548
48309,-9.077251865036047,38.29161813875512
48310,125.07388700636197,26.00069572527972
48311,22.8379325285502,59.08660016542445
48312,-81.35247363974537,24.884122178879178
48313,129.68047755249984,27.650769241849034
48314,10.471907151946564,42.48062002732296
48315,4.758480107575335,52.194038063048275
48316,-75.6950692429882,37.38245884028344
48317,-78.36667429756017,34.207167808999976
48318,0.6223229990387108,50.39742309876014
48319,-74.57207097211045,24.209694083954872
48320,5.287426925992241,53.139147977498595
48321,168.97664267250573,-37.94321117069159
48322,-78.03643926169633,33.35837371408004
48323,-0.11821710581666325,49.82465902012421
48324,4.649868467149167,52.102617016603126
48325,19.06668172145056,38.24107946738
48326,1.715107816878141,51.28845737472889
48327,-1.8682718686317696,48.72082748863045
48328,26.68989717530186,39.42258328520426
48329,-118.71351003740092,32.9143691796756
48330,-54.444965325000005,-20.902571525000003
48331,6.590079815726789,53.73155377300639
48332,112.3422296535714,-13.754060981547612
48333,3.6326468262391405,52.19022614077834
48334,12.529299745885956,55.074685462149404
48335,15.375958811267589,54.101463222122675
48336,-2.549475461044577,47.042772970412344
48337,9.815698010402174,43.6018763511461
48338,-1.0334108267114979,50.54606167084409
48339,11.801589310922628,41.5079703425036
48340,-1.3977862352495085,39.02017302048121
48341,-14.885282416471599,27.88010161633247
48342,2.250030407575758,51.32445309848482
48343,2.9477637794787723,50.68078159965529
48344,6.102096732522926,41.08742775581549
48345,132.1197725313925,35.257489890909476
48346,12.75193275232271,41.163618175352894
48347,3.855032542048048,52.67981833878099
48348,-2.844066278188864,43.825602942088295
48349,-0.3830851747351457,49.78267571502739
48350,6.981622882733151,54.63948342140391
48351,4.309849360145471,52.92209924566658
48352,116.164237980396,-31.787389783144146
48353,0.21334756689522505,43.07713235838665
48354,150.06546602034493,-31.760115972622433
48355,13.105528093442054,38.24154885327043
48356,10.050957579995385,57.12177267229199
48357,10.354232958422466,40.97558842791225
48358,-2.956403251185584,45.973598575920875
48359,5.77046766916888,52.60499600601939
48360,4.586985045565039,52.70909163404086
48361,12.103058622947604,40.375643740520175
48362,13.797354242418912,40.23685567538214
48363,23.698333359491322,37.66487269595238
48364,11.67803407522319,40.18480553827239
48365,18.316162178325126,57.394102031239726
48366,109.96561120282988,33.75427768051041
48367,-7.198698389656283,43.59080343344587
48368,0.024200455559176576,38.459269440097486
48369,13.907166668082832,39.688002022481726
48370,18.572269777546296,55.77970673042571
48371,4.014566133340891,51.281775822855046
48372,12.175556331392213,55.17926246781184
48373,-120.73331318488702,38.798507082429886
48374,1.225979289039496,51.28224462241217
48375,8.519201322395112,54.72644521985745
48376,1.94869877307794,51.93786831103973
48377,127.97883250425664,36.353948683667305
48378,3.486856072339652,51.52875712158162
48379,16.260622726235304,57.62617410051321
48380,1.11257998602555,51.39584323929508
48381,-74.34761739527002,39.535490874339246
48382,13.84409387229957,55.10863630603593
48383,33.34293802142858,-28.167877355357156
48384,1.4726087457593104,49.78748197104125
48385,-1.5002340975058923,46.0579392937802
48386,-1.0642179983197406,46.21257061179299
48387,17.625218554155097,58.82185476467289
48388,-3.5714533632037835,40.53051886106009
48389,-5.611731747194365,47.126822821484396
48390,-52.34007376346831,36.29250494363359
48391,10.86069091787485,53.94371974789423
48392,3.734713201467278,51.87802283744575
48393,129.05277950715504,30.126802107656495
48394,4.572475899416206,53.35616257703399
48395,13.672270777556012,40.60370995589927
48396,24.83170985913292,60.03140021984319
48397,4.133050553013235,52.26886285845783
48398,8.780873527162374,40.876353726695456
48399,21.798339131084003,59.19990914211383
48400,10.20008722897433,41.605542974000336
48401,3.2087924055341275,39.19079787602829
48402,3.953997837830366,51.999334171724385
48403,-2.081085021642927,40.467754887544544
48404,1.8232300997378876,39.65185751957138
48405,106.7797722132963,20.83556659619715
48406,115.42410290000002,-16.1335241
48407,20.99152580991004,37.9331666736289
48408,4.308399280024347,52.145300323960015
48409,1.8821806099695018,52.5333254407073
48410,-15.419157653767364,28.14659133131881
48411,168.9755930725057,-37.94398087069159
48412,0.039363169252192076,39.022638050386405
48413,26.36126785496936,38.38974326313102
48414,3.404127286373009,51.534823852388584
48415,4.096749525006228,52.81620294039335
48416,8.426293671751228,54.75863773255126
48417,141.4473963874999,-37.47152581249999
48418,29.46792745591155,40.712426040664816
48419,6.907347701354588,54.550351545382775
48420,150.0688976203449,-31.761128972622426
48421,-2.9429543011855843,45.873615625920884
48422,4.586985045565039,52.70909163404086
48423,116.16289056611032,-31.785772876001293
48424,26.689693415301857,39.42217160520426
48425,13.797354042418913,40.236855975382134
48426,13.907166668082832,39.688002022481726
48427,13.069079306469256,42.933194186632974
48428,-3.3816398329824198,47.10960656097245
48429,-2.0359948033055555,50.28310184897226
48430,2.612063676689764,50.07199354171752
48431,18.031128146221075,40.42821093380089
48432,12.536531470086022,55.098204020572105
48433,108.90293948612775,18.58455724740601
48434,152.2025744085029,-30.823758198881396
48435,122.70212136059122,28.708881528610828
48436,-3.077326847450612,44.05776639911491
48437,4.706955185588836,52.92585579683926
48438,53.544356629814295,25.549198585232276
48439,108.59261358315838,9.838154869830095
48440,4.199520315804756,52.387213123753426
48441,26.428634216612018,37.36389708099729
48442,6.435241417911792,52.673117901307606
48443,4.95200212960801,54.873108466352576
48444,-74.19954999642488,29.96655889999785
48445,0.5243110114205056,53.713637988270335
48446,0.5866731775036663,48.06509893925499
48447,5.134659161460593,53.680394194893644
48448,6.44498395918018,52.88305576507903
48449,-10.085085753462476,38.17613255384426
48450,0.9210142992257184,50.20148429604009
48451,128.548926848722,30.011860683911433
48452,-2.9258440458256585,53.19880391056536
48453,0.7978533899167216,52.4167608482895
48454,3.405539698847278,51.371562050721856
48455,1.497239732272076,37.28729758066914
48456,123.50863646571057,23.557587555621353
48457,-9.079632757417,38.28821619113607
48458,22.8410100035502,59.074880727924466
48459,-81.20393273974535,24.825739378879188
48460,125.08839462115729,26.103739960484404
48461,-7.51138127707078,43.66900941557408
48462,12.540692453806528,39.56485159488982
48463,10.471907151946564,42.48062002732296
48464,4.573127783670816,52.21495812428868
48465,0.6325181127887107,50.44111778001014
48466,-75.71391487860666,37.364882754692765
48467,-78.36407769756015,34.20901990899998
48468,-74.57206923830094,24.209692541097734
48469,5.287426925992241,53.139147977498595
48470,4.54512914921494,52.50780266450956
48471,-5.496841824199927,47.230355023974745
48472,-78.4633254316563,31.3642502335095
48473,-2.844066278188864,43.825602942088295
48474,-0.1225686058166633,49.82799512012421
48475,-1.8682718686317696,48.72082748863045
48476,4.662130776371388,52.10896146449201
48477,19.070761388313304,38.23984545894862
48478,-54.70795012499999,-20.501729425000008
48479,112.38136735357143,-11.54487768154761
48480,3.632647266491665,52.190226452987936
48481,9.815698010402174,43.6018763511461
48482,-118.71244533740091,32.914243379675604
48483,3.486856072339652,51.52875712158162
48484,12.526381846535305,55.07356875500655
48485,2.2475480325757577,51.32216594015148
48486,-7.198699002156282,43.59080369594587
48487,15.380148372845904,54.10423803248411
48488,-1.4048106852495084,39.02764254548121
48489,132.14163003934797,35.260147262165724
48490,-2.561235761044577,47.03913287041236
48491,10.86069091787485,53.94371974789423
48492,1.11257998602555,51.39584323929508
48493,129.6800150524998,27.65074434184904
48494,1.0269005630735295,49.486864048773086
48495,17.6265209291551,58.82230758967289
48496,11.802134806307244,41.50976435942666
48497,13.058845973196346,56.77425617148383
48498,13.21064382918918,38.30078887453479
48499,6.590079815726789,53.73155377300639
48500,7.2496386126445005,41.507431146330674
48501,3.855032542048048,52.67981833878099
48502,109.96648650282988,33.75537548051041
48503,1.4725975457593106,49.787481071041256
48504,-1.0308512267114975,50.54616817084409
48505,-1.5002336975058923,46.057939593780205
48506,-1.0642175983197406,46.21257091179298
48507,4.572475899416206,53.35616257703399
48508,3.2087924055341275,39.19079787602829
48509,8.776282252162375,40.87470395169546
48510,-74.34761759527002,39.535490174339245
48511,-0.011578167071057655,38.41851146248414
48512,23.69766699615799,37.665010075952374
48513,-14.8844984164716,27.880949716332474
48514,5.750785918901502,52.623235346126336
48515,4.231084135248782,52.9265744913479
48516,8.519324024354184,54.72669166359459
48517,2.9477647985191755,50.68078127056438
48518,11.67803407522319,40.18480553827239
48519,18.299379730706086,57.388142909811165
48520,-3.572947163203784,40.52903616106008
48521,18.572269777546296,55.77970673042571
48522,24.5991684668727,59.860061969422894
48523,4.133050553013235,52.26886285845783
48524,146.9199028268497,-36.55563188179964
48525,21.79716263108401,59.195971392113826
48526,4.014566177785335,51.281776045077265
48527,10.050957579995385,57.12177267229199
48528,-120.73265441822035,38.79956195187433
48529,3.953997837830366,51.999334171724385
48530,-0.3954067923175634,49.778167224551204
48531,12.190877973956312,55.18450402268363
48532,129.05000150715506,30.125025507656492
48533,33.33535842142858,-28.170060955357155
48534,10.19894482897433,41.59846780733367
48535,2.188788506530822,52.08630747518988
48536,5.879238732522924,41.083611025815486
48537,3.7347108389672785,51.878023184667974
48538,12.74592185709164,41.168254045682296
48539,127.97883250425664,36.353948683667305
48540,12.103058622947604,40.375643740520175
48541,-52.340667163468304,36.29353864363359
48542,13.679604400889342,40.60579155589927
48543,16.249714726235304,57.63175005051321
48544,10.354175525089133,40.97747292791225
48545,1.7058561149550644,51.280644767293
48546,13.815675049680527,55.09814733889308
48547,1.2379883465498938,51.27339372699625
48548,7.250501212644501,41.50748974633068
48549,2.2475480325757577,51.32216594015148
48550,146.91990258240526,-36.55563228179964
48551,20.99157705752909,37.933136076009845
48552,-15.419164140014166,28.146606863567353
48553,141.44808178749994,-37.471079912499995
48554,0.04057016925219207,39.02309545038641
48555,13.797354042418913,40.236855975382134
48556,3.855032542048048,52.67981833878099
48557,53.49133012881478,25.55601377826377
48558,-74.19950329642485,29.965335799997845
48559,-10.085085753462476,38.17613255384426
48560,26.693744756968528,39.42278410937093
48561,0.5046569883378621,50.422423701036905
48562,4.662130776371388,52.10896146449201
48563,-2.5679406610445765,47.03798847041236
48564,115.42713010000001,-16.130830999999997
48565,109.96561590282988,33.754274630510416
48566,6.907347304706223,54.55035123843385
48567,150.0701706346306,-31.761504094051
48568,-2.9331277011855836,45.877252825920884
48569,4.764785487965013,52.758149151547634
48570,116.16289125777698,-31.785776599078208
48571,138.52802813066154,34.95795452547838
48572,-2.482093588772721,38.7807064780631
48573,13.907166668082832,39.688002022481726
48574,4.231084135248782,52.9265744913479
48575,-2.0359948033055555,50.28310184897226
48576,13.054156106469257,42.92703278663297
48577,18.026706746221077,40.42732443380089
48578,2.612063676689764,50.07199354171752
48579,108.91398088612773,18.58293704740601
48580,122.70212131059122,28.70888232861083
48581,12.550164236752689,55.10362055390544
48582,4.706955185588836,52.92585579683926
48583,108.51987814612134,9.806582967978242
48584,152.174372407296,-30.885903571640018
48585,-3.077326847450612,44.05776639911491
48586,26.428634216612018,37.36389708099729
48587,4.199520160918393,52.38721306401858
48588,6.435241417911792,52.673117901307606
48589,5.1308239114605945,53.67855009489365
48590,0.5214128058649501,53.71028438827034
48591,4.970733012941343,54.874033631352575
48592,0.5866731775036663,48.06509893925499
48593,3.404127286373009,51.534823852388584
48594,6.44498395918018,52.88305576507903
48595,0.9166320992257184,50.19732819604009
48596,128.55010208277633,30.012386855055624
48597,4.104491155958609,52.823359807060015
48598,0.7978533899167216,52.4167608482895
48599,-2.9258394996794137,53.198799825472186
48600,8.42873977175123,54.757382932551266
48601,3.405539698847278,51.371562050721856
48602,123.49882814904387,23.55852560562135
48603,1.8821806099695018,52.5333254407073
48604,-9.102033637617861,38.27384511767839
48605,1.11257998602555,51.39584323929508
48606,-81.20973223974535,24.825959778879188
48607,22.8417149035502,59.075336627924464
48608,1.4964485156054095,37.2831458473358
48609,-7.510964877070778,43.66788841557408
48610,-109.8507999740307,24.802810372361563
48611,12.546935633806529,39.560255654889815
48612,4.54512914921494,52.50780266450956
48613,-75.92121849721576,37.293074728491604
48614,10.471907151946564,42.48062002732296
48615,-74.57207045607873,24.20969272443107
48616,-78.36394270172681,34.208707850666634
48617,5.287426925992241,53.139147977498595
48618,4.573128083670816,52.21495802428868
48619,169.19422667250572,-37.98946817069159
48620,-2.080362482357213,40.469743734508825
48621,132.13691438934796,35.25804636216572
48622,10.86069091787485,53.94371974789423
48623,-78.47260337122117,31.34826951637278
48624,13.676705940889343,40.60488269339928
48625,-0.1249635058166632,49.827781020124206
48626,19.069901721197695,38.240532569655784
48627,-1.8682718686317696,48.72082748863045
48628,-54.710903025,-20.502034925000007
48629,-118.7158464374009,32.914286079675605
48630,3.632646995789911,52.190226508777414
48631,111.95571365357144,-10.278419881547618
48632,-14.890781816471597,27.875926516332473
48633,-7.198699886156281,43.590803379517304
48634,12.526381846535305,55.07356875500655
48635,15.148772439454346,54.08334269389639
48636,6.590079815726789,53.73155377300639
48637,0.3093707668952251,43.037981158386664
48638,-3.4519422117702994,47.134348736730026
48639,10.050957579995385,57.12177267229199
48640,0.9673501244770383,49.48875533122923
48641,11.7929253508802,41.474449601600256
48642,-1.0509873517114974,50.542015515844085
48643,127.86453971070446,35.984351056153045
48644,3.486856072339652,51.52875712158162
48645,-120.74806631822034,38.90956115187433
48646,2.9477643211382234,50.68078095746914
48647,129.68003495249982,27.650725341849043
48648,11.835081807059924,40.220165986231585
48649,3.7347119639672774,51.87802364657273
48650,4.014566177785335,51.281776045077265
48651,-5.496841824199927,47.230355023974745
48652,4.097449123758525,52.26640178161099
48653,-0.01656995754724817,38.41480925296033
48654,33.339056321428586,-28.169757355357156
48655,1.946526567252792,52.06471198750004
48656,5.879379232522925,41.08403912581549
48657,12.103058622947604,40.375643740520175
48658,-1.4044268852495083,39.02834672881455
48659,16.2057765262353,57.65229845051321
48660,129.05006960715505,30.12478700765649
48661,13.211039629189179,38.30089727453479
48662,13.794700775464841,55.08924113330483
48663,1.2379883465498938,51.27339372699625
48664,1.4725978684865835,49.787480960813994
48665,-1.5002334000058926,46.05793943176098
48666,-1.0642173008197409,46.21257074977376
48667,8.525351737925615,54.715762075578716
48668,17.6268077291551,58.820128689672885
48669,-52.33973413489688,36.29499721506216
48670,8.77949653170783,40.871417957756066
48671,23.69783517282466,37.66431218928571
48672,18.30077713070609,57.38682910981118
48673,4.572475899416206,53.35616257703399
48674,-3.572947163203784,40.52903616106008
48675,13.081986713672537,56.76774486910288
48676,1.7058561149550644,51.280644767293
48677,12.74592185709164,41.168254045682296
48678,10.19635962897433,41.59039825733366
48679,9.815698010402174,43.6018763511461
48680,3.257602814018975,39.22134637663435
48681,24.512365678176128,59.81842104221989
48682,21.79153953108401,59.19395009211383
48683,18.572269777546296,55.77970673042571
48684,5.750785918901502,52.623235346126336
48685,3.953997837830366,51.999334171724385
48686,-0.4002966312064522,49.775531196773414
48687,12.189511273956313,55.18337342268364
48688,-74.34761859527002,39.53548927433925
48689,53.35562933166764,25.607588937758333
48690,-109.85058362307831,24.803032721885373
48691,4.146154439548156,52.079233418765206
48692,115.45729360000001,-16.1721076
48693,1.8821806099695018,52.5333254407073
48694,-2.553139061044576,47.031421770412344
48695,-3.1037441563540678,45.52852558720061
48696,12.103058622947604,40.375643740520175
48697,-54.931229525000006,-20.665983225000005
48698,1.007455224477038,49.41129933122923
48699,4.7745076092391185,52.72521576043423
48700,-2.482410584681943,38.776244696499674
48701,108.8986808861277,18.580484747406008
48702,108.53161475862134,9.809379455478243
48703,-74.20031077892486,29.96770005571213
48704,4.119136335601466,52.82812109384573
48705,8.417570288210852,54.75559820803778
48706,-7.513708589399547,43.649536886806956
48707,10.49186932869246,42.464586224138
48708,20.99203827756157,37.93111248755744
48709,4.606082246240131,52.10424795604269
48710,19.06668149982894,38.241079164677295
48711,-118.72318933340091,32.9179230236756
48712,112.01588825357139,-10.169169681547615
48713,-7.198697943141132,43.590804266627686
48714,12.531494257584258,55.07137770791363
48715,1.4726087457593104,49.78748197104125
48716,15.375958096282607,54.10146346389444
48717,11.81298523705943,41.55092517276495
48718,-1.0598966517114974,50.542332015844096
48719,2.941210204835915,50.682253367274335
48720,6.851003385715922,54.54662350548003
48721,150.06138083463063,-31.758901044051008
48722,13.786578082009477,40.205418905932525
48723,-2.970408874380888,45.88852066864018
48724,116.15602007920548,-31.782981727649627
48725,0.22352216689522517,43.06415939171998
48726,3.855032542048048,52.67981833878099
48727,13.907166668082832,39.688002022481726
48728,-2.0359948033055555,50.28310184897226
48729,17.98173672955441,40.39787238380089
48730,2.612063676689764,50.07199354171752
48731,12.982049242376117,42.897828268128066
48732,152.17679334062933,-30.90299227164002
48733,122.83529816059121,28.79997892861083
48734,2.261358007575758,51.33434889848481
48735,4.706955185588836,52.92585579683926
48736,7.359477167590622,41.54186023178351
48737,12.518568521562804,55.07564030938057
48738,26.428634216612018,37.36389708099729
48739,4.143426831303088,52.48739243433703
48740,6.435240904886582,52.673118057330015
48741,4.605487667377333,52.51052103780016
48742,4.982655582787771,54.854959925258235
48743,3.404127286373009,51.534823852388584
48744,0.5246497030871723,53.71314121743701
48745,-3.0773269165246857,44.05776556985565
48746,10.050957579995385,57.12177267229199
48747,-10.085105153462475,38.175634969228874
48748,6.44498395918018,52.88305576507903
48749,128.53025924766146,29.924320791958575
48750,0.9305858775590518,50.20818365770676
48751,0.84881698201897,52.43132510101151
48752,3.506713842902422,51.53183137601886
48753,3.405539698847278,51.371562050721856
48754,-2.925816809494228,53.19879962454625
48755,-15.419154260886607,28.14661613044125
48756,123.63605950000368,23.756015357721758
48757,1.0790102365750007,51.38842028874563
48758,1.4690614859841973,37.27645203367419
48759,125.07211361060172,26.0149156491881
48760,-9.099652745236908,38.277247065297445
48761,-81.34088203974537,24.88457687887918
48762,-74.34446423082693,39.5256005170565
48763,12.546935633806529,39.560255654889815
48764,13.235801488078065,38.324522975645905
48765,4.073579665320686,52.26372844974825
48766,-75.8926429680914,37.33425620414143
48767,-74.56937705607872,24.206206166216774
48768,-78.36667429756017,34.207167808999976
48769,4.673295076438274,52.20086412080572
48770,0.13454393708243997,50.2590179327712
48771,5.287426925992241,53.139147977498595
48772,-0.033290772313731676,38.408170498702084
48773,6.590079815726789,53.73155377300639
48774,168.97664267250573,-37.94321117069159
48775,9.808591858021224,43.57622373209849
48776,4.572475899416206,53.35616257703399
48777,-78.55960292143506,31.480930052110708
48778,129.68001287630935,27.65061194899189
48779,-3.5714533632037835,40.53051886106009
48780,127.72518395967238,35.865716619911275
48781,23.6983220856818,37.66481409357143
48782,-1.500235768963382,46.05793818371658
48783,-1.0642196697772304,46.21256950172937
48784,3.257602814018975,39.22134637663435
48785,-0.11034790581666329,49.827673320124205
48786,8.552929937130747,54.48832485613896
48787,17.65050488662263,58.8171747866967
48788,13.676644896444898,40.60444965339927
48789,5.0793361155437315,53.66430704457648
48790,0.5866735775036662,48.06509898925499
48791,5.739439394104648,52.645697851394644
48792,1.7463835171103128,51.28943475265409
48793,-1.8682718686317696,48.72082748863045
48794,11.764770116247073,40.341600363391336
48795,23.94282088904355,59.41163635529275
48796,12.19512659621532,55.20000668724758
48797,-123.57610163197997,45.15669942226685
48798,18.57329218167191,55.78444012344705
48799,4.013144459798088,51.2828253542236
48800,6.103632332522926,41.08770555581549
48801,-5.495031056018108,47.232788869429285
48802,-120.73331313488703,38.79850723242988
48803,3.953997837830366,51.999334171724385
48804,109.94883364616318,33.73524547051041
48805,-0.4617189850556585,49.7617534943131
48806,-14.896991879471308,27.865405675751514
48807,4.231084135248782,52.9265744913479
48808,8.784872202162374,40.872022260028785
48809,12.722643312374705,41.18173960675937
48810,-3.37522855298242,47.112802900972454
48811,1.3267261167786522,51.282512978205396
48812,33.34293802142858,-28.167877355357156
48813,1.7989640633458657,51.908056308333336
48814,141.41382292083327,-37.3998070125
48815,129.05468375715503,30.11985450765649
48816,138.56733417351867,34.96075077904981
48817,18.384547278571432,57.4433013345238
48818,15.938802918010085,57.77436835438103
48819,13.040721338386117,56.756929503881395
48820,3.7449858014672786,51.87965953744575
48821,131.995744740348,35.17887268316572
48822,22.94928992901396,59.105216358246125
48823,13.920444404638161,55.15835872238634
48824,-1.4027779007832777,38.96936165718907
48825,-52.31667828513498,36.31255363196692
48826,3.6326468262391405,52.19022614077834
48827,21.79984881219512,59.19824006544716
48828,10.202954628974329,41.60373307400034
48829,3.506713842902422,51.53183137601886
48830,146.9199038018497,-36.555631606799636
48831,-3.0521215207985115,45.620599199052464
48832,-2.4821464121841075,38.77995892901916
48833,-74.19926797892487,29.972005655712127
48834,-74.34761739527002,39.535490874339246
48835,141.41653552083326,-37.3980536125
48836,10.471907151946564,42.48062002732296
48837,20.99153016824339,37.93316657714079
48838,3.855032542048048,52.67981833878099
48839,6.44498395918018,52.88305576507903
48840,-15.419160626802237,28.146613947137425
48841,123.63472287143226,23.758095822007473
48842,0.12379716453636974,50.27476646509944
48843,-1.8682718686317696,48.72082748863045
48844,-0.49937656769454747,49.749725948201984
48845,19.070761166691682,38.23984515624592
48846,-118.72215643340093,32.9178751236756
48847,112.01050075357142,-10.169635281547619
48848,1.4726087457593104,49.78748197104125
48849,-7.198700246138774,43.59080759647647
48850,12.511625045020155,55.06811591842646
48851,15.37595755786092,54.10146337425589
48852,-2.554168861044576,47.02987377041235
48853,0.9673501244770383,49.48875533122923
48854,-1.0646219517114974,50.53992126584409
48855,2.941210786654097,50.68225315818343
48856,11.818026896239406,41.57119977374617
48857,10.86069091787485,53.94371974789423
48858,13.675010440889343,40.60408759339928
48859,6.907347538445302,54.550352397010585
48860,150.0689037346306,-31.761121544051
48861,13.786578398676145,40.205418805932524
48862,-2.9061571702142226,45.89168656447351
48863,13.907166668082832,39.688002022481726
48864,116.15388986851465,-31.777207231410454
48865,109.94893794616318,33.73581407051041
48866,-2.0359948033055555,50.28310184897226
48867,12.979089842376117,42.898221568128065
48868,18.035092425067234,40.42866422885584
48869,2.612063676689764,50.07199354171752
48870,108.90663658612773,18.58685564740601
48871,122.70210266059122,28.70877622861083
48872,152.17773474062932,-30.90228267164002
48873,4.706955185588836,52.92585579683926
48874,0.22443786689522516,43.06282235838665
48875,108.53051014612134,9.809752617978242
48876,4.2108758747157875,52.39100950726993
48877,26.428634216612018,37.36389708099729
48878,6.435241417911792,52.673117901307606
48879,12.520048420627203,55.07900885617755
48880,0.5268562489205056,53.71353211327034
48881,3.404127286373009,51.534823852388584
48882,10.050957579995385,57.12177267229199
48883,5.000143511254305,54.85245223131885
48884,12.63397388660147,41.23060658943732
48885,-10.085105153462475,38.175634969228874
48886,0.9207719575590518,50.20129063770676
48887,-3.077326847450612,44.05776639911491
48888,128.54526941261093,30.030125826504033
48889,-2.9258390544942285,53.198801769546264
48890,0.84881698201897,52.43132510101151
48891,4.138063835482418,52.838708213012396
48892,8.426600652703607,54.75520397064649
48893,3.405539698847278,51.371562050721856
48894,17.65069568662263,58.818298486696705
48895,23.709233196664762,59.27357480503184
48896,1.477110714772076,37.278661245669134
48897,-9.097166370951195,38.27562905101173
48898,12.771004523487063,54.76209445047283
48899,-81.05433801974536,24.78116661887918
48900,-2.0844735028929273,40.471192568794535
48901,125.08973754337953,26.111562703077
48902,3.2312493940189757,39.22677695663435
48903,129.68071997630935,27.65057154899189
48904,2.248603757575758,51.32423046515149
48905,12.546935633806529,39.560255654889815
48906,21.798177101084008,59.196074632113834
48907,-75.9056918094312,37.23240490439065
48908,-74.56937480997841,24.206206626227594
48909,-78.36417299756016,34.20930780899998
48910,4.673294561448594,52.20086375762201
48911,9.808591858021224,43.57622373209849
48912,5.287426925992241,53.139147977498595
48913,7.162607041184309,41.523298534847044
48914,168.9757571725057,-37.94382717069159
48915,-14.896991879471308,27.865405675751514
48916,131.995114640348,35.178277083165725
48917,4.605833188918728,52.496954537936325
48918,-78.55960282143506,31.480930152110705
48919,-123.56326616947996,45.15757321643351
48920,-7.514404877070779,43.66919231557408
48921,4.803895878798347,52.77304893238096
48922,-1.4118234010478279,38.980898377691716
48923,-0.037034922313731705,38.40550012370208
48924,-55.483054925000005,-20.43486632500001
48925,15.916437384676756,57.78521380438103
48926,6.590079815726789,53.73155377300639
48927,23.6978821556818,37.66690482357142
48928,22.941674829013962,59.100165045746145
48929,8.788309802162374,40.87227795169546
48930,10.354230698422464,40.975587707912254
48931,-1.500235368963382,46.05793858371658
48932,-1.0642192697772304,46.21256990172936
48933,0.5866733775036664,48.06509888925498
48934,4.572475899416206,53.35616257703399
48935,-0.11269247248332998,49.83390662012421
48936,5.079503333963646,53.66258686693577
48937,13.91944019130483,55.158247362386334
48938,138.56705923066156,34.958358000478384
48939,5.747807196187981,52.65237298889465
48940,1.7463835171103128,51.28943475265409
48941,11.764770116247073,40.341600363391336
48942,-120.72725246822036,38.79877539076322
48943,3.734711501467278,51.87802310966797
48944,18.57329218167191,55.78444012344705
48945,4.012442304242533,51.28339807644583
48946,-5.4951901741999265,47.23196562397474
48947,3.953997837830366,51.999334171724385
48948,12.18999889621532,55.19899783724758
48949,5.878804632522924,41.08472035581549
48950,12.13246967784086,40.33886134056385
48951,-3.3816398329824198,47.10960656097245
48952,1.3255052167786519,51.2839341782054
48953,33.33535842142858,-28.170060955357155
48954,4.612845979573465,52.10581038104269
48955,8.516685337268486,54.49124579043648
48956,1.6860829666666677,51.851493050000016
48957,18.356334411904776,57.43640781785716
48958,4.231084135248782,52.9265744913479
48959,-52.31755247180165,36.31128288530025
48960,13.046945758386116,56.760337710548065
48961,13.209681845855846,38.3001384245348
48962,1.0790102365750007,51.38842028874563
48963,4.073579665320686,52.26372844974825
48964,129.05190575715505,30.11807790765649
48965,3.632647266491665,52.190226452987936
48966,10.19881062897433,41.60162230733366
48967,-3.5730615632037837,40.52893306106009
48968,127.66623432443328,35.774568046203434
48969,3.506713842902422,51.53183137601886
48970,1.8232152037191522,39.65184652792423
48971,141.50012848749992,-37.396097812499995
48972,-15.419158378500931,28.14662670377559
48973,108.91664558612774,18.585077347406006
48974,4.135929830024346,52.08049482233665
48975,-74.19970673642486,29.965405759997847
48976,20.991618368243394,37.93309199380746
48977,0.9673501244770383,49.48875533122923
48978,1.8821806099695018,52.5333254407073
48979,13.676705940889343,40.60488269339928
48980,-2.482093588772721,38.7807064780631
48981,21.79504890108401,59.192982382113826
48982,0.915088786613106,50.19566006676082
48983,10.86069091787485,53.94371974789423
48984,8.42662787413218,54.73733254207505
48985,-81.05989911974535,24.782983418879184
48986,10.471907151946564,42.48062002732296
48987,12.546935633806529,39.560255654889815
48988,-75.9056918094312,37.23240490439065
48989,-74.56937461331175,24.2062057612276
48990,-3.0703880076671983,45.69722572430499
48991,-0.11330387360640107,50.030453166211046
48992,4.673294861448594,52.200863657622016
48993,-78.36394270172681,34.208707850666634
48994,5.287426925992241,53.139147977498595
48995,169.19422667250572,-37.98946817069159
48996,-78.55957852143507,31.481421952110704
48997,-0.1188325724833299,49.8358539201242
48998,1.8698054870922294,51.37378918937406
48999,4.614654079573465,52.10791078104268
49000,-1.8726021686317695,48.720853388630445
49001,19.069901499576073,38.24053226695308
49002,112.23064915357143,-10.058771581547619
49003,-118.7255257334009,32.91783992367561
49004,1.4725978684865835,49.787480960813994
49005,-7.19870147660494,43.59080786901919
49006,12.51186207900284,55.06814534461693
49007,-2.5585007610445767,47.03040107041235
49008,15.380159090513065,54.10581948411241
49009,162.80682072111972,-35.28917909118599
49010,11.809362936196978,41.53767903284283
49011,2.9353836259596515,50.6707849111001
49012,-1.060774751711497,50.540431815844094
49013,6.907346410311925,54.55035218445171
49014,150.0701756346306,-31.761500544050996
49015,-2.841531444023746,45.914253866854466
49016,13.786578198676146,40.20541910593252
49017,13.907166668082832,39.688002022481726
49018,3.855032542048048,52.67981833878099
49019,116.15233779160991,-31.775682181648552
49020,109.9487175461632,33.73520232051041
49021,-2.0359948033055555,50.28310184897226
49022,18.033346125067233,40.42774752885583
49023,12.972979075709448,42.893846501461404
49024,7.106598892739122,41.5253827053845
49025,2.612063676689764,50.07199354171752
49026,-0.5627720867243984,49.72896429453639
49027,152.1807134226806,-30.887864063947713
49028,122.70212131059122,28.70888232861083
49029,13.91944019130483,55.158247362386334
49030,4.706955185588836,52.92585579683926
49031,4.073579665320686,52.26372844974825
49032,108.53049804612134,9.809733167978244
49033,26.428634216612018,37.36389708099729
49034,4.199520160918393,52.38721306401858
49035,6.435241417911792,52.673117901307606
49036,4.605088186034113,52.48543061276664
49037,3.404127286373009,51.534823852388584
49038,0.5166079058649502,53.70875588827033
49039,4.9775602064924005,54.804640136795044
49040,6.44498395918018,52.88305576507903
49041,-10.085085753462476,38.17613255384426
49042,12.53368118729387,55.084425389510876
49043,1.5473091171674358,44.69917724694639
49044,128.54568694666526,30.030350797648225
49045,0.84881698201897,52.43132510101151
49046,0.3195455668952251,43.02500835838666
49047,-2.9258373794942285,53.198799469546266
49048,4.147981297924421,52.843876960863426
49049,-55.58421192499999,-20.520507125000012
49050,3.405539698847278,51.371562050721856
49051,9.817933736882678,42.081049512051976
49052,-3.077326847450612,44.05776639911491
49053,3.7347119639672774,51.87802364657273
49054,13.211039629189179,38.3008973745348
49055,6.590079815726789,53.73155377300639
49056,9.808591858021224,43.57622373209849
49057,18.36366223809525,57.47480466666668
49058,123.71063264206714,23.785525830737633
49059,146.91990258240526,-36.55563228179964
49060,1.4745312939387427,37.27739129150247
49061,-120.74831670155366,38.909330285207666
49062,-9.115394437617862,38.26496157482125
49063,0.5866731775036663,48.06509893925499
49064,-3.572947163203784,40.52903616106008
49065,125.08473856226843,26.107183702336247
49066,-52.31661964323021,36.312741756728826
49067,15.895737884676755,57.79279840438103
49068,131.99035541534798,35.176256458165724
49069,3.632646995789911,52.190226508777414
49070,-1.5002350714633819,46.05793852169735
49071,-1.0642189722772306,46.212569839710135
49072,1.5786215166666677,51.826642400000026
49073,-1.4129045992621132,38.981522962810764
49074,22.939727969013965,59.09221064574616
49075,8.78969233170783,40.86938685775606
49076,3.341045542943707,39.21026236093544
49077,5.079516222058884,53.66162070503101
49078,23.697836382348473,37.664311170238086
49079,127.66623387443327,35.77456776620343
49080,1.0790102365750007,51.38842028874563
49081,10.19635962897433,41.59039825733366
49082,138.57145253066153,34.95738692547838
49083,4.01244254938539,51.283398341969644
49084,17.65209406162263,58.815448711696696
49085,5.747807196187981,52.65237298889465
49086,13.060173135736544,56.77670145856394
49087,129.47331797630935,27.4356564489919
49088,3.953997837830366,51.999334171724385
49089,23.631835038310054,59.20967766010825
49090,-3.4519422117702994,47.134348736730026
49091,12.771004523487063,54.76209445047283
49092,-0.04097097945658879,38.40107110941638
49093,-123.56449251947997,45.15786312476685
49094,18.57329218167191,55.78444012344705
49095,11.764770116247073,40.341600363391336
49096,4.564529608507115,53.34652452147844
49097,2.222801957575757,51.317940965151486
49098,-5.520440730866593,47.22761124397474
49099,-7.510964877070778,43.66788841557408
49100,10.050957579995385,57.12177267229199
49101,5.87523859918959,41.09445580914882
49102,12.13246967784086,40.33886134056385
49103,12.195353188779423,55.200521892119376
49104,12.6082259314853,41.24526359772281
49105,-74.34761859527002,39.53548927433925
49106,-14.899827999229377,27.864461500348284
49107,4.801278478798347,52.77486963238097
49108,-2.084473882357213,40.47119223450882
49109,10.354238313422464,40.97743476874558
49110,1.329876916778652,51.2846736782054
49111,33.33904327142859,-28.169752005357157
49112,8.517838046825597,54.49311421211479
49113,4.231084135248782,52.9265744913479
49114,129.05159495715506,30.118483107656495
49115,1.8821806099695018,52.5333254407073
49116,0.5866733775036664,48.06509878925499
49117,10.471907151946564,42.48062002732296
49118,33.077647521428574,-28.26562595535715
49119,4.150941339548156,52.07922101876521
49120,-74.16185587892484,29.99980475571213
49121,-90.29952717023087,11.987042342291648
49122,129.48561347630937,27.444160248991892
49123,1.5125942171674358,44.76034697194639
49124,1.066806424477038,49.4095512478959
49125,2.2660414542424245,51.334175845151485
49126,-3.0501679076671984,45.69659652430499
49127,9.817933736882678,42.081049512051976
49128,125.06631987949062,26.01039636844736
49129,0.2235222668952252,43.06415939171998
49130,4.6388441679847405,52.118819494668585
49131,-0.3660941726862129,50.69134388350608
49132,-74.1083162095864,14.719069938991385
49133,150.0614469943321,-31.758636733603243
49134,3.855032542048048,52.67981833878099
49135,108.9081389111277,18.581974039072676
49136,3.405539698847278,51.371562050721856
49137,-15.41915421486235,28.14661856053416
49138,-81.19914111974536,24.841407718879182
49139,12.546935633806529,39.560255654889815
49140,12.21120497121532,55.1882073955809
49141,-74.56938171762636,24.20620565181201
49142,168.9702664444445,-37.947524272222196
49143,-78.36667429756017,34.207167808999976
49144,5.287426925992241,53.139147977498595
49145,-0.34685982631487666,50.032957801029234
49146,4.673295076438274,52.20086412080572
49147,-78.53712293040013,31.464988245563596
49148,-0.10234737299084873,49.84073626862045
49149,20.99202908574339,37.93109802422411
49150,-1.8748269686317696,48.72107128863045
49151,1.8563361749380791,51.36777706910067
49152,162.8068857944897,-35.28906040941535
49153,19.066681462986832,38.24107898572993
49154,-118.72318933340091,32.9179230236756
49155,115.84725892976185,-10.912766495833328
49156,141.38011092083332,-37.15740421249998
49157,1.4726087457593104,49.78748197104125
49158,-7.198704059752208,43.59081265799446
49159,12.498550306468706,55.06158837879277
49160,7.162992600974068,41.542610011433254
49161,15.841037996282605,54.14742646389445
49162,-1.0667608517114977,50.5422278158441
49163,2.9353832028716296,50.67078646257196
49164,6.907344443014238,54.550343225693496
49165,-2.4811324078921273,38.782724399842046
49166,-2.7691612559285077,45.92399602280685
49167,116.41881144207169,-31.781138794099107
49168,13.53448628477825,40.39452285568679
49169,13.907166668082832,39.688002022481726
49170,109.94883364616318,33.73524547051041
49171,2.612063676689764,50.07199354171752
49172,146.9190293859767,-36.55625186394249
49173,13.173730842376115,42.84498366812807
49174,-123.61328755440424,45.151593260751696
49175,4.044346833047958,52.26482666156643
49176,115.42444840000002,-16.131608699999997
49177,122.83529816059121,28.79997892861083
49178,152.1819816226806,-30.90273806394771
49179,13.865982801636033,55.20599998881319
49180,4.706955185588836,52.92585579683926
49181,108.53163074612132,9.809370617978242
49182,26.428634216612018,37.36389708099729
49183,-5.518629962684775,47.23004508942929
49184,4.167982383748976,52.438126246732416
49185,6.435241417911792,52.673117901307606
49186,17.633776622087744,58.81716744371816
49187,0.5712516371396754,53.728810525285716
49188,3.404127286373009,51.534823852388584
49189,3.9578829378303664,52.001452890474376
49190,-0.5697850724386839,49.72875086120306
49191,-14.92491941329484,27.865617774575036
49192,4.897127750636954,54.77210113648972
49193,26.705091534190743,39.42343872075982
49194,-3.5714533632037835,40.53051886106009
49195,4.231084135248782,52.9265744913479
49196,-10.085105153462475,38.175634969228874
49197,6.44498395918018,52.88305576507903
49198,128.53018457623287,29.924447649101435
49199,0.9257800316131061,50.20680476176082
49200,4.167447582982418,52.846485298189144
49201,4.668853261034112,52.505884953599974
49202,0.8940088868057313,52.44474149878591
49203,12.520048420627203,55.07900885617755
49204,10.86069091787485,53.94371974789423
49205,-56.195335425,-20.903253325000016
49206,131.92315659945842,35.1831441503328
49207,-2.915633238441596,53.19848760349361
49208,13.640845278089923,40.61085322677589
49209,8.421597624132177,54.738636342075054
49210,10.20008722897433,41.605542974000336
49211,-2.085196421642927,40.46920338754454
49212,12.598313605061444,41.251259773569316
49213,138.56391952351873,34.968873829049805
49214,11.764770116247073,40.341600363391336
49215,4.564529608507115,53.34652452147844
49216,23.32713214526127,59.05083165967344
49217,123.71046740098888,23.783642383140478
49218,1.2931549264603879,37.316477714626565
49219,-74.34761739527002,39.535490874339246
49220,12.771004523487063,54.76209445047283
49221,6.102096732522926,41.08742775581549
49222,4.639919215624789,52.73693521858083
49223,13.181500645855847,38.27784199120147
49224,22.94196623284375,59.09609545851209
49225,129.15832983572648,30.100385287656493
49226,10.354230076755801,40.97558698541226
49227,33.34292742142858,-28.167873255357158
49228,6.590079815726789,53.73155377300639
49229,11.938585002092893,41.43397987563078
49230,12.144858536174192,40.323936161397185
49231,15.866003284676754,57.81313615438103
49232,1.0790102365750007,51.38842028874563
49233,3.7415268014672787,51.879081837445746
49234,-75.90756060943121,37.23485210439065
49235,-7.518288852070779,43.67733179057408
49236,1.3053258167786521,51.27306981153873
49237,9.808591858021224,43.57622373209849
49238,-1.413141802833542,38.96952737590599
49239,-52.31633388513497,36.32984233196692
49240,-3.077326847450612,44.05776639911491
49241,8.748844022162373,40.886215740028796
49242,3.6326468262391405,52.19022614077834
49243,8.553839142491205,54.29288549375369
49244,2.069983566666668,51.94640905
49245,23.698328285681797,37.66486809357143
49246,18.36529791666667,57.47313143333331
49247,3.341045542943707,39.21026236093544
49248,127.66623442443328,35.77456766620344
49249,13.032472199228607,56.76049060959568
49250,17.992216787202977,40.399730410678
49251,-0.04112620802801738,38.39980939513065
49252,5.058346240883869,53.65645331098804
49253,-1.5003033689633818,46.05794288371658
49254,-1.0642872697772305,46.21257420172937
49255,-2.550891461044576,47.03068757041235
49256,4.010859959798088,51.2826318542236
49257,19.03014529363857,56.05741327131814
49258,10.050957579995385,57.12177267229199
49259,5.739748310473695,52.65537680079942
49260,-120.90058763488702,39.06333471576321
49261,-9.106943886903576,38.272460048630776
49262,-3.38063133298242,47.11008486097246
49263,-2.059362041692652,50.27913862058515
49264,115.42444840000002,-16.131608699999997
49265,141.38087692083332,-37.155652112499986
49266,10.471907151946564,42.48062002732296
49267,-78.36667429756017,34.207167808999976
49268,146.91903128240529,-36.55624828179964
49269,-3.0488839076671983,45.69642662430498
49270,-15.419156669133349,28.146613485281094
49271,-0.3262189801260656,50.04049935928797
49272,13.53448588477825,40.39452285568679
49273,162.8068195473102,-35.28917957544098
49274,21.79040460108401,59.20221993211383
49275,9.817933736882678,42.081049512051976
49276,-7.198703368085539,43.590812524661125
49277,6.44498395918018,52.88305576507903
49278,0.9171557116131059,50.192011195094146
49279,13.633940684655578,40.61333460920013
49280,4.175039526813586,52.85842417152247
49281,0.8940088868057313,52.44474149878591
49282,-2.9152857334415962,53.19847144849363
49283,8.424181574132179,54.73858764207506
49284,12.520048420627203,55.07900885617755
49285,26.70656427419074,39.42334824075982
49286,3.405539698847278,51.371562050721856
49287,1.2973473552482668,37.318770126621516
49288,123.80832880196711,23.981102975591565
49289,-9.104457512617863,38.27084203434506
49290,-3.077327047450612,44.0577661991149
49291,-81.05306901974535,24.785329393879184
49292,125.08645331226842,26.10602442233625
49293,12.546935633806529,39.560255654889815
49294,12.200704771215321,55.185389845580914
49295,129.48632057630937,27.444119848991896
49296,-74.56915227902606,24.205985761941882
49297,4.673294561448594,52.20086375762201
49298,-5.4280884554279965,47.268132350115096
49299,5.287426925992241,53.139147977498595
49300,168.96653355598292,-37.945937483760666
49301,-78.53712573040013,31.46498664556359
49302,-0.14828401254092127,49.76840070011063
49303,20.99157536824339,37.93313067714079
49304,1.8682697186030484,51.365339296681775
49305,4.636197601318073,52.11832991966858
49306,19.070761129849576,38.23984497729855
49307,-1.8748269686317696,48.72107128863045
49308,-118.7218264334009,32.917859823675606
49309,115.84038272976187,-10.913569695833326
49310,1.4725975457593106,49.787481071041256
49311,12.495839463135372,55.061583435459426
49312,15.841038157860918,54.147425974255896
49313,-73.38947649508131,21.078911889340297
49314,33.07346522142858,-28.267143255357144
49315,1.0266026244770383,49.4870918478959
49316,-79.54594767802446,9.261475605726185
49317,-1.0646219517114974,50.53992126584409
49318,2.9354071696898116,50.67073698848106
49319,8.519921582364221,53.91966907506051
49320,-74.1132952095864,14.717772438991389
49321,-2.554584361044576,47.03006907041235
49322,150.06898189433213,-31.76090753360324
49323,6.963688903051772,54.55410885903335
49324,-2.724659859850077,45.97082813261078
49325,3.855032542048048,52.67981833878099
49326,116.42830107421456,-31.70600132743245
49327,0.48846533114784035,38.948221874967174
49328,13.907166668082832,39.688002022481726
49329,109.94620486282986,33.735843303843744
49330,17.633967422087743,58.81829114371816
49331,13.393800275709447,42.82389000146139
49332,4.632401604196217,52.740836879057035
49333,2.612063676689764,50.07199354171752
49334,9.808591858021224,43.57622373209849
49335,-79.51054359137288,9.193635962667999
49336,108.91506221112773,18.588186839072677
49337,152.10218882268063,-31.014387863947707
49338,122.70212136059122,28.708881528610828
49339,2.2532873542424245,51.32405694515149
49340,13.868970281636035,55.20805108881319
49341,10.86069091787485,53.94371974789423
49342,4.706955185588836,52.92585579683926
49343,4.1410329300243465,52.08131572233665
49344,10.3542302067558,40.975587438745585
49345,18.459593316666677,57.51843023333332
49346,22.881516050645146,58.85594295228696
49347,53.20898698588685,25.649796480358244
49348,108.53056224612133,9.809713717978243
49349,-123.59045639190423,45.15427068825169
49350,4.194098716221423,52.38741468472565
49351,-0.36196930601954624,50.69091716128386
49352,26.428634216612018,37.36389708099729
49353,6.435241417911792,52.673117901307606
49354,10.050957579995385,57.12177267229199
49355,-2.0844735028929273,40.471192568794535
49356,15.859718209676755,57.81545227938103
49357,13.285141916994057,38.25691099323398
49358,-56.599263224999994,-21.13607282500001
49359,-52.317208071801645,36.32857158530025
49360,4.564529608507115,53.34652452147844
49361,131.93208968906183,35.16254709935179
49362,2.0612724166666676,51.9362896
49363,23.69766182234847,37.66500557357142
49364,3.341045542943707,39.21026236093544
49365,8.748440972162372,40.886507831695454
49366,5.044040824303781,53.64882434834735
49367,4.669054611034112,52.50724295359997
49368,-0.045062265170874534,38.39538038084494
49369,4.010860004242533,51.28263207644582
49370,0.642575115880518,53.7535249054826
49371,5.715765754223696,52.64632106434107
49372,11.93922941747751,41.43635095255386
49373,3.9578829378303664,52.001452890474376
49374,-74.34761759527002,39.535490174339245
49375,-2.059362041692652,50.27913862058515
49376,5.878804632522924,41.08472035581549
49377,11.764770116247073,40.341600363391336
49378,12.584406016646914,41.260219638098114
49379,-3.4308060447471265,47.096934590384215
49380,3.404127286373009,51.534823852388584
49381,3.632647266491665,52.190226452987936
49382,-14.914294296628174,27.86619361743218
49383,12.144858536174192,40.323936161397185
49384,-120.89240771822034,39.06407678520766
49385,4.709985835704109,54.70492862324185
49386,8.554312542491205,54.28481149375369
49387,4.246350125205304,52.951476943347906
49388,0.9910824054587382,51.34729079584667
49389,-7.5112963520707785,43.676469290574076
49390,1.3041049167786523,51.27449101153873
49391,-1.500302968963382,46.05794338371658
49392,-1.0642868697772305,46.21257470172935
49393,138.57161238066158,34.96698435047838
49394,7.084153280974067,41.539048751433256
49395,-3.533391186537117,40.5976922845895
49396,127.66623432443328,35.774568046203434
49397,13.031833399228606,56.759442909595684
49398,129.15613193572648,30.101139387656495
49399,-10.085085753462476,38.17613255384426
49400,33.33534537142859,-28.170055605357156
49401,19.03014529363857,56.05741327131814
49402,3.7347108389672785,51.878023184667974
49403,-75.90699207782886,37.24506572132942
49404,4.044346833047958,52.26482666156643
49405,18.049487387202984,40.433228035678006
49406,6.590079815726789,53.73155377300639
49407,-1.4199662361668752,38.97713175923933
49408,-0.5946195914130429,49.7184480397287
49409,22.931483132843745,59.0903473585121
49410,128.54772964118234,30.028815183646888
49411,12.771004523487063,54.76209445047283
49412,10.19894482897433,41.59846780733367
49413,-2.554584361044576,47.03006907041235
49414,21.642730862533696,39.75841739216406
49415,109.94598446282986,33.73523155384374
49416,108.92610361112774,18.58656663907267
49417,3.515011881791311,51.532747720463306
49418,-81.05307331974535,24.78684729387918
49419,10.471907151946564,42.48062002732296
49420,1.827965603719152,39.65214702792424
49421,0.6417849728249624,53.75232458048259
49422,9.817933736882678,42.081049512051976
49423,8.428050259846465,54.73620027064649
49424,-0.36196930601954624,50.69091716128386
49425,-3.077327047450612,44.0577661991149
49426,1.026070229701128,49.48750383942251
49427,-2.4803206166235983,38.78549267031457
49428,-73.39760242722417,21.02950319648315
49429,3.855032542048048,52.67981833878099
49430,13.633421084655577,40.61285860920013
49431,152.0982062226806,-31.000997863947713
49432,4.140716730024346,52.080482422336644
49433,13.871602703858256,55.209029577702076
49434,122.70212131059122,28.70888232861083
49435,4.706955185588836,52.92585579683926
49436,53.20898798588684,25.649795280358244
49437,108.53056454612135,9.809696067978244
49438,4.194098652585059,52.387414536240804
49439,26.428634216612018,37.36389708099729
49440,-79.26025945990617,32.85124475759279
49441,6.435241417911792,52.673117901307606
49442,3.404127286373009,51.534823852388584
49443,4.477405029910458,54.61666443951168
49444,-10.085085753462476,38.17613255384426
49445,6.44498395918018,52.88305576507903
49446,128.54813789666525,30.029033572648224
49447,4.17285898441432,52.85856999659574
49448,0.9128193866131059,50.187181820094146
49449,-2.914785078617035,53.19845240814276
49450,0.8940088868057313,52.44474149878591
49451,26.72301373331772,39.425623853656646
49452,3.405539698847278,51.371562050721856
49453,124.15563699006233,24.4986268489249
49454,-15.419151240601778,28.14661798103134
49455,1.2938775344149334,37.31677647245484
49456,12.53368118729387,55.084425389510876
49457,-9.122685579284529,38.26017455815459
49458,125.08493256226842,26.104893402336252
49459,12.546935633806529,39.560255654889815
49460,129.47331797630935,27.4356564489919
49461,-0.355056814556929,50.03097363982528
49462,4.673294135212549,52.200863846338116
49463,-74.12572763101497,14.694085446134247
49464,-74.56914990950226,24.205986688846643
49465,5.287426925992241,53.139147977498595
49466,169.18161395598298,-37.96964298376067
49467,131.74084874257647,35.18219355651595
49468,-78.53710143040013,31.46547834556359
49469,-0.14601951254092133,49.77493980011063
49470,1.8682697186030484,51.365339296681775
49471,4.668321061034112,52.506559036933304
49472,-1.8748269686317696,48.72107128863045
49473,20.991611868243396,37.93309029380745
49474,4.637860201318073,52.11892741966858
49475,18.47966741666668,57.539234433333334
49476,115.42852220000003,-16.124454599999996
49477,146.91903017823861,-36.55625081513297
49478,18.895929687733968,38.2890289281909
49479,-3.0611566399252625,45.84974955656305
49480,-118.7255257334009,32.91783992367561
49481,116.15450774309522,-10.810145035833324
49482,-79.54594767802446,9.261475605726185
49483,12.496018797118055,55.061719861649905
49484,1.4725978684865835,49.787480960813994
49485,-7.198703017408849,43.590812314736326
49486,141.54273878749996,-37.19515771249999
49487,15.729553290513064,54.1405462841124
49488,2.227485554242424,51.31776744515148
49489,-1.060774751711497,50.540431815844094
49490,17.632628197087744,58.81509818538482
49491,2.9354324731025088,50.670687505862
49492,8.520876714030889,53.904160475060515
49493,-5.360104098761329,47.35965588178176
49494,4.246350125205304,52.951476943347906
49495,-3.533391186537117,40.5976922845895
49496,-0.600829216413043,49.714912435562034
49497,-14.893218416386237,27.88470754202896
49498,150.05950479433216,-31.770345633603235
49499,9.808591858021224,43.57622373209849
49500,-2.726931826516743,45.968527599277444
49501,6.9636886497200114,54.55410894515953
49502,-79.51054359137288,9.193635962667999
49503,117.3094730685735,-31.63956753645488
49504,13.446325429222695,40.45299681124234
49505,11.964316663457515,40.32041106867682
49506,6.718764171097689,41.53930323706521
49507,22.754137132184155,58.80056784394722
49508,13.907166668082832,39.688002022481726
49509,-2.0844740323572126,40.471191972008825
49510,-120.921459284887,39.17408428520766
49511,0.9910824054587382,51.34729079584667
49512,-123.58913444190425,45.15553569658503
49513,13.040228857958766,56.76927889411949
49514,-3.5155196235350052,46.93850786614179
49515,13.217808475709447,42.774344801461396
49516,10.050957579995385,57.12177267229199
49517,4.567706604467805,52.71996603718145
49518,3.9578829378303664,52.001452890474376
49519,22.933206932843746,59.084340158512106
49520,12.210164530446088,55.189226867119366
49521,12.771004523487063,54.76209445047283
49522,6.590079815726789,53.73155377300639
49523,5.87523859918959,41.09445580914882
49524,12.144151318495387,40.31296370806973
49525,-1.4196709328335422,38.97785425257266
49526,15.857272609676757,57.81126591938103
49527,13.366823700327389,38.25539549323398
49528,129.15582113572648,30.101544587656495
49529,18.047357749702982,40.432690548177995
49530,10.354237713422465,40.97743426874558
49531,3.632646995789911,52.190226508777414
49532,-57.07835909999997,-21.35699952500001
49533,4.00814624938539,51.28345154196963
49534,1.9686004166666675,51.91470740000002
49535,3.7347119639672774,51.87802364657273
49536,-75.90237417782885,37.24056202132942
49537,12.584406016646914,41.260219638098114
49538,-7.512292952070778,43.70036209057408
49539,1.310753166778652,51.26917659903873
49540,33.33904327142859,-28.169752005357157
49541,-1.5003025381300483,46.05794302169735
49542,-1.064286438943897,46.21257433971014
49543,138.57593374989233,34.96013022932453
49544,3.341045542943707,39.21026236093544
49545,-52.23693774323021,36.47529085672882
49546,10.19635962897433,41.59039825733366
49547,8.556372192491205,54.28150331042037
49548,10.86069091787485,53.94371974789423
49549,127.66623387443327,35.77456776620343
49550,8.752586551707829,40.882798537756074
49551,-0.05041284850420778,38.38788363917827
49552,21.78519880108401,59.19857838211383
49553,2.612063676689764,50.07199354171752
49554,23.698092282348476,37.66391187023809
49555,5.702778705285056,52.6391724934556
49556,4.025197304965525,52.277816199175646
49557,-74.34761859527002,39.53548927433925
49558,-2.059362041692652,50.27913862058515
49559,5.033474966565688,53.64323766977591
49560,19.03014529363857,56.05741327131814
49561,4.564529608507115,53.34652452147844
49562,11.931008642050466,41.40489963472744
49563,141.54377928749997,-37.19470141249999
49564,-57.1509961,-21.37533102500001
49565,-89.76814747023087,11.769417142291646
49566,26.695165534190743,39.42309308075981
49567,9.7674167667657,41.839751765001374
49568,4.667419127700779,52.493007073599976
49569,2.968039250000462,39.61794971129995
49570,-73.72729859384744,21.05135352190247
49571,108.9081389111277,18.581974039072676
49572,3.405539698847278,51.371562050721856
49573,125.06656607949063,26.008536868447358
49574,146.91902796181003,-36.55625615060916
49575,13.381293473544465,40.721759435866794
49576,-2.48063761253282,38.78103088875113
49577,109.94610056282986,33.735274703843736
49578,12.969160492376115,42.695089668128055
49579,4.150959339548156,52.07922031876521
49580,6.435240904886582,52.673118057330015
49581,-10.085105153462475,38.175634969228874
49582,-15.41915499295816,28.14661734881305
49583,12.538554761124903,39.55526689701588
49584,-0.4615349173300381,50.01749352643873
49585,2.254713712575758,51.32427972848482
49586,1.8409194742448833,51.3563779385798
49587,20.99202883455291,37.93109816231935
49588,-7.198703231974431,43.59081276299447
49589,21.65432481253369,39.76688689216406
49590,4.559989337801138,52.754537273292556
49591,152.0994744226806,-31.01587186394771
49592,122.8347660605912,28.80653392861083
49593,14.204171855365157,55.37995126977278
49594,4.706955185588836,52.92585579683926
49595,21.780049012195118,59.20934276544716
49596,108.53183644612137,9.809338467978245
49597,-79.51054359137288,9.193635962667999
49598,-2.909841291625943,45.96279919562201
49599,4.167982183748976,52.438126046732414
49600,26.428634216612018,37.36389708099729
49601,0.6540218094411239,53.75967637480079
49602,3.404127286373009,51.534823852388584
49603,2.612063676689764,50.07199354171752
49604,0.5866737275036662,48.06509898925499
49605,3.9423628037382974,54.460981785543446
49606,-79.25749856823951,32.85152672425945
49607,128.53018457623287,29.924447649101435
49608,6.444983898624624,52.88305586415309
49609,4.178428554540861,52.854544027431565
49610,0.9169145316131063,50.18258211509415
49611,0.8940088868057313,52.44474149878591
49612,-2.9283469586170345,53.24946786314275
49613,8.406214140534296,54.74380490662532
49614,124.34238411109408,24.6992143923376
49615,-9.113021986903576,38.268466439106966
49616,0.9050155264603881,37.325951314626565
49617,-81.18837211974535,24.842238893879177
49618,131.81431503397064,35.21968428761346
49619,12.520048420627203,55.07900885617755
49620,-3.683035869747127,47.00172701538421
49621,129.48561347630937,27.444160248991892
49622,-74.5691506645311,24.20598552002631
49623,4.673294226879215,52.20086407133813
49624,-3.077327047450612,44.0577661991149
49625,5.287426925992241,53.139147977498595
49626,169.1303885555556,-37.976887249999976
49627,-78.53712799540013,31.464986165563587
49628,10.206008693444243,41.604541168842744
49629,-0.12328005130924971,49.78464111850449
49630,-79.54594767802446,9.261475605726185
49631,4.639800301808269,52.11920973461956
49632,18.892709687986834,38.289575825915115
49633,3.9578829378303664,52.001452890474376
49634,116.09103274309518,-10.710503935833328
49635,-1.883838314220005,48.72104755039516
49636,-118.72318933340091,32.9179230236756
49637,1.4726087457593104,49.78748197104125
49638,12.479771766248923,55.0553730072543
49639,18.508905416666668,57.54848863333332
49640,15.841038496282604,54.14742606389444
49641,1.0657583152472814,49.41039657593788
49642,22.765755152184155,58.77911915728055
49643,-0.9806037183781643,50.557611982510764
49644,0.9910824054587382,51.34729079584667
49645,2.935431757983673,50.67068842933201
49646,11.913873783752956,41.38156883444743
49647,3.341045542943707,39.21026236093544
49648,-0.33764668865541575,50.69540777106646
49649,115.44461580000002,-16.265803499999993
49650,4.246350125205304,52.951476943347906
49651,6.9696734356904395,54.567863876847156
49652,150.0668348943321,-31.75605013360324
49653,6.590079815726789,53.73155377300639
49654,12.381173700501035,55.253062937009474
49655,-74.36180503177002,39.52119023233925
49656,4.552721687078544,53.33286940433558
49657,13.509999611662602,40.353029132266144
49658,9.808591858021224,43.57622373209849
49659,-74.11313786086845,14.732356383222157
49660,-2.725092776516744,45.95888432427744
49661,5.646175952473242,52.619761019691936
49662,5.0488122266966755,53.63200921375486
49663,138.57007032351873,34.97873072904981
49664,-2.0136277640315874,50.273267780342394
49665,4.008145959798089,51.2834510542236
49666,-0.02806456932028789,38.38613957324487
49667,117.60618238390681,-31.30094149378821
49668,18.661217427794416,55.90443143859086
49669,3.855032542048048,52.67981833878099
49670,10.050957579995385,57.12177267229199
49671,6.130447489665784,41.107401184386916
49672,12.158367183927735,40.29258721934139
49673,-5.141508879440795,47.4848375760976
49674,3.734713201467278,51.87802283744575
49675,-0.6463909030797096,49.70051275139537
49676,22.92988563284375,59.0912410585121
49677,12.771004523487063,54.76209445047283
49678,3.6326468262391405,52.19022614077834
49679,-123.60283039190422,45.1602494482517
49680,-120.91172213488703,39.0338364857632
49681,12.185884364336314,40.27381843722288
49682,129.16481099890828,30.112602458111038
49683,-7.51621835207078,43.70083919057408
49684,10.3542308267558,40.97558818541225
49685,1.3241991001119855,51.25822609903873
49686,-1.5003033689633818,46.05794288371658
49687,-1.0642872697772305,46.21257420172937
49688,8.544218827329555,54.272071742248684
49689,-14.907841358588955,27.869613248440583
49690,10.86069091787485,53.94371974789423
49691,-3.5253034865371173,40.605479584589496
49692,-2.0865970716429274,40.47073728754454
49693,127.66623442443328,35.77456766620344
49694,10.471907151946564,42.48062002732296
49695,-1.387221636166875,38.935977059239335
49696,-75.91283549615068,37.261048732069064
49697,8.531495499030889,53.903633225060496
49698,13.907166668082832,39.688002022481726
49699,33.34292762142858,-28.167873455357164
49700,7.0316109200300385,41.54398204134554
49701,17.622598791318513,58.814621196923284
49702,15.842958309676758,57.819321969381036
49703,13.011059840728608,56.751900630012344
49704,13.204851251994057,38.279262493233986
49705,12.57068473068782,41.26876721461634
49706,18.00885462303475,40.40989710510156
49707,2.2311102666666676,51.98241995
49708,23.698328285681797,37.66486809357143
49709,-52.30998764551779,36.28856619888569
49710,3.8044820315340053,52.26080872916098
49711,8.762270122162374,40.89006633169545
49712,4.668596927700779,52.48539717359998
49713,-57.150976500000006,-21.376754925000004
49714,3.515011881791311,51.532747720463306
49715,0.2615724216571298,43.07383129410095
49716,4.15671192288149,52.080603118765204
49717,53.20898823561898,25.64979702267967
49718,12.538554761124903,39.55526689701588
49719,20.991522477052914,37.93316269523603
49720,-7.198702773641096,43.590812529661136
49721,2.9354317398018552,50.6706880202411
49722,21.690959662533693,39.70010709216406
49723,8.411664810534296,54.741354662180896
49724,13.010421040728607,56.75085293001234
49725,129.48632057630937,27.444119848991896
49726,-79.26002078490616,32.85251510759279
49727,1.4725975457593106,49.787481071041256
49728,15.841037157860919,54.14742677425589
49729,1.0256532152472817,49.487852575937886
49730,-0.9802927183781642,50.557735582510766
49731,6.969673115422986,54.567863856381585
49732,150.07027889433212,-31.757109833603234
49733,-2.480684385354248,38.7846381289059
49734,9.808591858021224,43.57622373209849
49735,13.509999011662604,40.35302943226614
49736,-2.7208482065167443,45.95694518094411
49737,117.88861230390687,-31.21187315378822
49738,3.855032542048048,52.67981833878099
49739,13.907166668082832,39.688002022481726
49740,109.94620486282986,33.735843303843744
49741,-0.33764668865541575,50.69540777106646
49742,12.969471125709449,42.69507840146139
49743,4.559989337801138,52.754537273292556
49744,2.612063676689764,50.07199354171752
49745,-79.51054359137288,9.193635962667999
49746,5.03929691654516,53.629120674209396
49747,4.246350125205304,52.951476943347906
49748,108.91506221112773,18.588186839072677
49749,152.1047209226806,-31.01347516394771
49750,122.70158926059122,28.715436528610827
49751,10.204282593444244,41.5980257355094
49752,14.207159335365157,55.3820023697728
49753,4.706955185588836,52.92585579683926
49754,2.253287212575758,51.32405662848481
49755,108.5308902461214,9.809781567978241
49756,4.194098716221423,52.38741468472565
49757,26.428634216612018,37.36389708099729
49758,6.435241532197507,52.67311766797427
49759,0.7130319277708499,53.780981968823156
49760,3.404127286373009,51.534823852388584
49761,-10.085085753462476,38.17613255384426
49762,3.918752029037443,54.46800854950448
49763,6.444983898624624,52.88305586415309
49764,0.912840736613106,50.17479447009414
49765,128.54772964118234,30.028815183646888
49766,0.8940088868057313,52.44474149878591
49767,-2.917220347799935,53.274573731329994
49768,4.18148926954086,52.863146984098236
49769,3.405539698847278,51.371562050721856
49770,26.70656427419074,39.42334824075982
49771,-15.419159960686624,28.146612067914948
49772,10.354174806755799,40.977472938745585
49773,-89.50088647023087,11.661606042291645
49774,124.34371904839567,24.700332851067756
49775,-9.115402879284527,38.26506449148792
49776,3.9578829378303664,52.001452890474376
49777,0.9092868677482667,37.32853313912152
49778,125.17225021226842,26.080312822336253
49779,-81.00868421974535,24.849512193879182
49780,-3.684044369747127,47.00124871538421
49781,-74.56914624021655,24.20598391039427
49782,0.5866738567934858,48.06509904151279
49783,4.673293835212549,52.200863946338124
49784,-0.47276822865356755,50.01922344147794
49785,-5.007987510567277,47.51685086648379
49786,5.287426925992241,53.139147977498595
49787,-79.5438891206474,9.257618920480285
49788,168.76612363055557,-37.97861027499998
49789,138.5788065806616,34.978253250478375
49790,-3.077327047450612,44.0577661991149
49791,-14.907057358588956,27.870461348440585
49792,18.496179616666677,57.54598243333333
49793,-78.53609155001551,31.462582522102046
49794,13.411171083524625,40.74180998622394
49795,1.8409194742448833,51.3563779385798
49796,-0.1170440513092497,49.79201241850449
49797,-1.9484310147381396,48.702360016198256
49798,4.641004835141603,52.12153565961956
49799,-52.31058104551779,36.28959989888568
49800,131.950817033899,35.133063643553015
49801,8.519165264030889,53.88839682506051
49802,6.7821014931069605,41.530815847389476
49803,-3.524960186537117,40.605787084589494
49804,15.821004749676757,57.826346439381034
49805,6.590079815726789,53.73155377300639
49806,8.54263978288511,54.26813594224868
49807,22.909051952184154,58.84182489061388
49808,18.896789354849577,38.28834181748374
49809,2.224949916666668,51.97948690000001
49810,23.69851477234847,37.66295143190475
49811,3.341045542943707,39.21026236093544
49812,12.480008800231609,55.055402433444776
49813,8.758295872162375,40.88840053169546
49814,-0.03200062646314505,38.38171055895916
49815,5.646175952473242,52.619761019691936
49816,4.552721687078544,53.33286940433558
49817,-2.085874332357213,40.47272633450882
49818,-120.90772470155369,39.03131905520765
49819,115.45413320000002,-16.216586299999992
49820,4.0081460042425325,51.283451276445824
49821,12.520048420627203,55.07900885617755
49822,-7.478804585404114,43.72600265724075
49823,1.3030714223342077,51.261124149038736
49824,-123.59503429190426,45.15765597991836
49825,12.158367183927735,40.29258721934139
49826,17.62278959131851,58.81574489692328
49827,10.86069091787485,53.94371974789423
49828,-2.937642591625943,45.97297419562201
49829,0.9589780207077803,51.329105264965435
49830,3.7347108389672785,51.878023184667974
49831,21.778794601084016,59.20555708211383
49832,127.66623432443328,35.774568046203434
49833,10.471907151946564,42.48062002732296
49834,-118.7222097334009,32.91829052367561
49835,3.706786452176607,52.25544283348807
49836,-1.4651236939633818,46.017925296216575
49837,-1.0291075947772306,46.172556614229364
49838,18.661217427794416,55.90443143859086
49839,116.0805782430952,-10.56773653583333
49840,5.907889089665781,41.10290425438692
49841,22.92406163284375,59.087346458512094
49842,12.396487584411291,55.26755641627152
49843,-74.36180523177002,39.52118953233925
49844,12.771004523487063,54.76209445047283
49845,-2.0136277640315874,50.273267780342394
49846,10.050957579995385,57.12177267229199
49847,11.914732479137571,41.384514051370495
49848,12.172163078377219,40.2823660137411
49849,-1.3885258834396024,38.94348308378479
49850,13.203604835327392,38.27975077656732
49851,-75.91096669615067,37.25860153206906
49852,-0.6517334780797096,49.69742849306204
49853,129.1620329989083,30.11082585811104
49854,12.57068473068782,41.26876721461634
49855,18.063730223034746,40.44581700510155
49856,1.1407183456387955,51.604214659973
49857,3.632647266491665,52.190226452987936
49858,33.33534557142859,-28.170055805357162
49859,18.506884116666676,57.55012513333333
49860,1.134705454476005,51.59796761904276
49861,-5.007987510567277,47.51685086648379
49862,-79.26002078490616,32.85251510759279
49863,33.07425672142859,-28.266568755357152
49864,3.9578829378303664,52.001452890474376
49865,-2.4803206166235983,38.78549267031457
49866,12.538554761124903,39.55526689701588
49867,-1.9939053689754274,48.62445724585928
49868,150.0715525943321,-31.757484233603233
49869,3.855032542048048,52.67981833878099
49870,4.151342430024346,52.08008262233664
49871,53.05543311254206,25.686000566269417
49872,-89.50088517023087,11.661610842291644
49873,-81.02057021974534,24.855759493879187
49874,125.17194666226844,26.080551102336255
49875,-3.795013979304236,46.8889028988341
49876,4.673294135212549,52.200863846338116
49877,5.287426925992241,53.139147977498595
49878,-74.56914700045465,24.20598522503712
49879,-0.5810398398786131,50.01435655092984
49880,168.74759634673202,-37.99461931617647
49881,-78.53606758334885,31.463074222102044
49882,1.8409194742448833,51.3563779385798
49883,0.5866740567934857,48.06509889151279
49884,-3.077327047450612,44.0577661991149
49885,-0.11727555130924974,49.792627818504485
49886,4.642170135141603,52.12177945961955
49887,18.895929687733968,38.2890289281909
49888,115.96730394309519,-10.176550535833334
49889,-118.72561083340089,32.91833322367561
49890,13.399528023524624,40.74625279622394
49891,1.4725978684865835,49.787480960813994
49892,8.159361206235431,40.19649540714285
49893,-7.198702522964405,43.590812319736315
49894,15.729552131480805,54.14054698043498
49895,5.044721417140399,53.62512281230463
49896,2.2274145125757574,51.317847228484816
49897,-79.5438891206474,9.257618920480285
49898,2.9354332053574104,50.670687941352206
49899,-0.9764455183781641,50.55824613251076
49900,138.57356138066157,34.97289467547837
49901,21.694800562533693,39.70011304216406
49902,6.969672862091224,54.567863942507756
49903,9.808591858021224,43.57622373209849
49904,13.421838756107046,40.41150308782169
49905,-2.7040900758715827,45.966265110514
49906,-74.13035465729703,14.710915965365013
49907,13.907166668082832,39.688002022481726
49908,118.62552077581162,-31.0158698047406
49909,-79.51054359137288,9.193635962667999
49910,109.94598446282986,33.73523155384374
49911,12.972778525709447,42.69543360146139
49912,2.612063676689764,50.07199354171752
49913,131.64314847969013,35.165339631707084
49914,108.92997391112773,18.588642839072673
49915,122.70158921059122,28.71543732861083
49916,152.10678832823618,-30.999120403630254
49917,14.209791757587379,55.38298085866168
49918,4.706955185588836,52.92585579683926
49919,108.53270965815842,9.812107069830093
49920,115.45658710000004,-16.213917099999996
49921,4.19409895258506,52.387414258463025
49922,26.428634216612018,37.36389708099729
49923,4.246350125205304,52.951476943347906
49924,18.661217427794416,55.90443143859086
49925,6.435241629520739,52.673118093719225
49926,3.515011881791311,51.532747720463306
49927,0.8032028698343419,53.82132967457711
49928,3.404127286373009,51.534823852388584
49929,6.413438856957957,52.83864909248643
49930,0.9589780207077803,51.329105264965435
49931,-10.085085753462476,38.17613255384426
49932,3.925508779037443,54.46307661617115
49933,0.912795696613106,50.170572750094145
49934,128.54833269666526,30.028439472648223
49935,9.7674167667657,41.839751765001374
49936,1.0256532152472817,49.487852575937886
49937,-74.36180623177002,39.521188632339246
49938,12.158367183927735,40.29258721934139
49939,0.8940088868057313,52.44474149878591
49940,-14.903322578347023,27.874371373037363
49941,4.180194763082581,52.863765142257634
49942,129.47331797630935,27.4356564489919
49943,13.025768679458766,56.75256672453615
49944,12.691454635327393,38.297925176567325
49945,-2.899878823082653,53.27409928168963
49946,10.050957579995385,57.12177267229199
49947,4.552721687078544,53.33286940433558
49948,8.411448932239724,54.743221337839806
49949,3.405539698847278,51.371562050721856
49950,12.771004523487063,54.76209445047283
49951,11.90629742371053,41.35248859354409
49952,10.354238713422465,40.97743586874558
49953,12.53368118729387,55.084425389510876
49954,4.00814624938539,51.28345154196963
49955,-2.9513673916259426,45.84448779562201
49956,26.72001523331772,39.425498613656636
49957,-1.4299437731300488,45.977907121697356
49958,-0.9939276739438974,46.13253843971013
49959,-120.92350323488701,39.143569635207655
49960,8.54390993288511,54.25962599224867
49961,22.92148651377836,58.847289647135625
49962,1.3030714223342077,51.261124149038736
49963,5.905653521332448,41.11139681272025
49964,-15.419156432756438,28.146616204358708
49965,124.53964764006234,24.904399098924902
49966,12.394981951077957,55.26753608293818
49967,3.632646995789911,52.190226508777414
49968,33.33904347142859,-28.16975230535716
49969,-1.3810579801062688,38.946423302951445
49970,3.7347119639672774,51.87802364657273
49971,-75.90634879615067,37.25409783206906
49972,129.1617221989083,30.111231058111038
49973,12.57068473068782,41.26876721461634
49974,18.059397185534753,40.44492601760155
49975,-2.0856365823572127,40.47232597200882
49976,12.172163078377219,40.2823660137411
49977,15.626512849676756,57.80882933938105
49978,6.590079815726789,53.73155377300639
49979,1.600919950000001,51.721875050000016
49980,10.86069091787485,53.94371974789423
49981,127.51787985002919,35.41912829397491
49982,-52.23025214551779,36.435599998885685
49983,8.768761676707829,40.88712448775606
49984,-7.472804785404113,43.72078265724073
49985,10.22158981011091,41.535649552176075
49986,4.713980908305827,41.42835893658544
49987,17.623076391318513,58.81356599692328
49988,3.341045542943707,39.21026236093544
49989,-3.524960186537117,40.605787084589494
49990,10.471907151946564,42.48062002732296
49991,12.477630150231612,55.05445523344478
49992,0.9051446194149335,37.32560139245485
49993,-2.056586708476032,50.30427390812017
49994,21.77317150108401,59.20353578211383
49995,23.699329562348474,37.65595289857142
49996,5.657038770446366,52.62140753777704
49997,3.662494575586262,52.254185411685675
49998,8.520094764030889,53.892408225060514
49999,-0.03200062646314505,38.38171055895916
50000,4.565964337801138,52.761959823292564
50001,-9.122685579284529,38.26017455815459
50002,-0.6602875756987572,49.69301027877633
50003,22.937866632843747,59.086648058512104
50004,-123.59645729190424,45.15813297991836
50005,22.826050625144752,58.81935521684702
50006,3.515011881791311,51.532747720463306
50007,53.058172261380435,25.685972061597695
50008,-78.36667429756017,34.20716769649998
50009,-74.12221206086845,14.73049008322216
50010,9.808591858021224,43.57622373209849
50011,-2.48063761253282,38.78103088875113
50012,109.94360696282985,33.74483305384374
50013,138.57221943351874,34.97820089404981
50014,3.405539698847278,51.371562050721856
50015,8.40372346183256,54.7374479594044
50016,-79.2508865859776,32.82608753148168
50017,12.538554761124903,39.55526689701588
50018,18.661217427794416,55.90443143859086
50019,-89.50121527023086,11.661478242291643
50020,-78.53610551668218,31.46288922210205
50021,-0.09082227599435987,49.7971939966399
50022,1.8639873855070146,51.36128347483639
50023,20.909192200180613,37.95353247339078
50024,4.661530160141604,52.120480228473724
50025,-3.077327116524686,44.05776536985565
50026,18.892709687986834,38.289575825915115
50027,-2.0373417232800635,48.54662307499836
50028,-118.72326163208513,32.91841727104402
50029,115.89732664309517,-10.038389835833334
50030,-7.19870484447443,43.59081131799444
50031,1.4726087457593104,49.78748197104125
50032,15.841038597810382,54.147426802922226
50033,5.032369958839533,53.62085500661202
50034,2.266041312575758,51.33417552848481
50035,-0.9807609183781643,50.55806893251077
50036,2.935214593377447,50.67103327541259
50037,6.913329385653813,54.56413534315473
50038,150.0627895437501,-31.75482755
50039,21.702553612533688,39.70857659216406
50040,-2.759188272538249,45.97274920718066
50041,13.530763289511178,40.42120496486837
50042,118.53859367664492,-30.567278358073928
50043,3.855032542048048,52.67981833878099
50044,13.907166668082832,39.688002022481726
50045,12.937776015275883,42.676853148903945
50046,2.612063676689764,50.07199354171752
50047,13.006384160140371,56.71051978236528
50048,109.2054219111277,18.517821239072674
50049,152.05216957257463,-31.090504699975753
50050,14.475916432107914,55.51595243241422
50051,122.83332576059121,28.80704512861083
50052,4.706955185588836,52.92585579683926
50053,4.091756239548156,52.04692525626521
50054,108.66506022766903,9.911400200716333
50055,4.138005122969755,52.48759370655927
50056,26.428634216612018,37.36389708099729
50057,6.422825007051085,52.669657851269406
50058,115.39673170000003,-16.354805999999996
50059,3.404127286373009,51.534823852388584
50060,0.7994362054752692,53.80935141179995
50061,-0.03552728932028779,38.36973028324487
50062,6.444983898624624,52.88305586415309
50063,-10.085105153462475,38.175634969228874
50064,128.53259804289954,29.922952926109975
50065,3.9431715072267535,54.43649887896333
50066,4.1742974712075265,52.860702510764895
50067,0.9254320603631062,50.16520747634415
50068,0.8940088868057313,52.44474149878591
50069,11.898057358991052,41.315876983495045
50070,-2.8808680064074377,53.27345592882636
50071,10.49186932869246,42.464586224138
50072,26.705091534190743,39.42343872075982
50073,-15.419161386829476,28.146610563681726
50074,10.3542297767558,40.97558888541225
50075,13.395664812413516,40.748321822890595
50076,124.53689197843441,24.903722882036746
50077,-9.136219184522623,38.25922482005935
50078,0.9556128264603881,37.33254291462657
50079,-79.5438891206474,9.257618920480285
50080,125.15356056837953,25.984192926225138
50081,-81.15469001974536,24.906988793879183
50082,1.2802378778897634,51.247479732372064
50083,5.646175952473242,52.619761019691936
50084,12.21716843726107,40.21527965600806
50085,3.7449860014672782,51.87965950411242
50086,-79.51054359137288,9.193635962667999
50087,8.8459020729021,40.20794934999999
50088,1.0657583152472814,49.41039657593788
50089,-3.718300320516357,46.86735706307652
50090,23.703326173333313,37.64914574857143
50091,3.341045542943707,39.21026236093544
50092,12.403249053411596,55.25480674841557
50093,-74.56914217488311,24.20597537572293
50094,4.004203718131422,51.28319980422361
50095,4.476228446813337,52.67337708825058
50096,-0.6523812613071844,50.0081684878346
50097,-1.370637103366515,45.81731749778417
50098,-0.9587488041803635,46.09251814079695
50099,12.401650123961781,54.951883518866204
50100,-123.62745387940426,45.15129336908503
50101,-3.5253034865371173,40.605479584589496
50102,8.54082083288511,54.26004919224868
50103,-120.91368758488703,39.013829435763206
50104,-2.5528795610445756,47.031115370412344
50105,4.67329453141435,52.2008647061885
50106,3.5323207511339545,52.244681702908004
50107,-4.721061561096749,47.46642960723985
50108,5.287426925992241,53.139147977498595
50109,129.48561347630937,27.444160248991892
50110,4.246350125205304,52.951476943347906
50111,3.9578829378303664,52.001452890474376
50112,-0.6696921388733602,49.691655985442985
50113,8.540300699030889,53.89705242506048
50114,22.917865316177075,59.08672204184543
50115,12.479385376248924,55.054124817254305
50116,129.16542748462257,30.11429942953961
50117,-74.35865186732693,39.51129987505651
50118,3.6326475976677113,52.19022641220691
50119,10.050957579995385,57.12177267229199
50120,6.131983089665783,41.107678984386915
50121,12.172163078377219,40.2823660137411
50122,15.539709226581516,57.82244195438105
50123,12.778970186577391,38.350764407241925
50124,-0.3185233206439763,50.69998416209135
50125,9.7674167667657,41.839751765001374
50126,6.590079815726789,53.73155377300639
50127,-14.9159096148588,27.886223401773922
50128,-1.378586959658568,38.92924086675283
50129,-2.934610334367879,45.809303371697276
50130,-75.9149680651983,37.26250047730716
50131,131.70931003892494,35.173700625892685
50132,17.95435633136808,40.38034765510155
50133,12.771004523487063,54.76209445047283
50134,10.208876093444243,41.602731268842746
50135,17.618105818818513,58.81530817692328
50136,10.86069091787485,53.94371974789423
50137,127.53676381805639,35.4322567604715
50138,-52.30970685885112,36.29087064555235
50139,0.9589780207077803,51.329105264965435
50140,33.079336971428575,-28.26618750535715
50141,12.516735867865115,41.30634843364408
50142,-7.475629385404115,43.724926157240745
50143,-2.0136277640315874,50.273267780342394
50144,21.79163379552845,59.2091676487805
50145,4.4363014377328085,41.42285747421615
50146,2.283011066666668,51.991123449999996
50147,4.552721687078544,53.33286940433558
50148,168.51078884673203,-37.941240316176454
50149,-2.089526571642927,40.469086987544536
50150,8.766391872162373,40.88830969002879
50151,33.34467557142858,-28.16901500535716
50152,-0.3185233206439763,50.69998416209135
50153,3.515011881791311,51.532747720463306
50154,53.055319710875395,25.68593954543608
50155,12.538554761124903,39.55526689701588
50156,-2.479664021284984,38.78663680252062
50157,9.1461543729021,40.31708474999999
50158,2.6722095612444052,51.72482731756979
50159,-2.553909361044576,47.02956737041235
50160,-15.419157280783015,28.146605968683993
50161,124.69051748149568,25.316912834077566
50162,125.17343547115733,26.081679610114023
50163,3.6326479115565995,52.190226646234684
50164,20.909158724195773,37.95482785821223
50165,15.841038097810383,54.14742610292224
50166,9.808591858021224,43.57622373209849
50167,13.907166668082832,39.688002022481726
50168,3.855032542048048,52.67981833878099
50169,4.085905722881489,52.04902915626521
50170,6.4228255200762945,52.669657695247
50171,110.20853462817851,18.57049151511089
50172,4.179337204540861,52.86323976076491
50173,-2.8808559514074386,53.27344922382638
50174,3.405539698847278,51.371562050721856
50175,0.9133711014603881,37.32780852295989
50176,-9.13373281023691,38.257606805773634
50177,-81.00808871974534,24.847948893879185
50178,-3.724711600516357,46.86416072307652
50179,-74.56914156821647,24.2059713871515
50180,5.297826182915319,53.14993744672936
50181,-0.6497764279738508,50.006811554501276
50182,4.673293851207279,52.200864474526526
50183,168.506191446732,-37.94200621617645
50184,-78.5132270636374,31.49222202433522
50185,-0.07917382043880435,49.804950112195456
50186,1.8761817370432143,51.370506062762054
50187,-2.0373417232800635,48.54662307499836
50188,4.713264435141603,52.13003129514039
50189,18.896789354849577,38.28834181748374
50190,-118.72222873208513,32.91836937104402
50191,-3.077327047450612,44.0577661991149
50192,115.89045064309519,-10.039193235833332
50193,1.4726087457593104,49.78748197104125
50194,-7.198704177807764,43.590812504661116
50195,131.36240896308408,35.204403412159856
50196,5.055728515744295,53.58656803351678
50197,-0.9802927183781642,50.557735582510766
50198,14.427885855875083,38.01344577495113
50199,2.9349987501956294,50.67137826632168
50200,6.969673428711035,54.567863738860886
50201,21.690959662533693,39.70010709216406
50202,-74.66323573586845,14.709661358222158
50203,-74.36180503177002,39.52119023233925
50204,13.536312646032918,40.43122284451263
50205,109.9452057461632,33.736528037177074
50206,-2.7345836558715826,45.96270617384733
50207,120.68440426813123,-30.475278222251426
50208,150.07034072946442,-31.757097350000002
50209,13.40515639019129,40.75972593003346
50210,33.07408727142858,-28.267193405357148
50211,12.825704115275883,42.63664314890395
50212,26.70656427419074,39.42334824075982
50213,2.612063676689764,50.07199354171752
50214,11.898370558991052,41.31702818349504
50215,10.471907151946564,42.48062002732296
50216,109.21271571112773,18.524042139072677
50217,122.70013026059121,28.715842428610827
50218,14.474912218774577,55.51584107241423
50219,2.253287212575758,51.32405662848481
50220,4.706955185588836,52.92585579683926
50221,6.590079815726789,53.73155377300639
50222,108.66397591516903,9.911789363216332
50223,152.05906866669227,-31.087414639191444
50224,-14.9159096148588,27.886223401773922
50225,26.428634216612018,37.36389708099729
50226,-4.720253561096749,47.46758840723985
50227,4.205454366382454,52.39121097949215
50228,-79.2540487859776,32.82710413148168
50229,0.8147008846419359,53.81511054096661
50230,1.0166782312068774,49.48893193344631
50231,3.404127286373009,51.534823852388584
50232,-0.03552728932028779,38.36973028324487
50233,12.403923308296228,54.95611325617055
50234,-0.6767307397066936,49.689294890442994
50235,115.40427010000003,-16.317042499999996
50236,-2.0888036528929272,40.47107616879453
50237,-2.0136277640315874,50.273267780342394
50238,4.246350125205304,52.951476943347906
50239,6.444983898624624,52.88305586415309
50240,12.75144084435517,38.32557825613082
50241,-10.085105153462475,38.175634969228874
50242,18.661217427794416,55.90443143859086
50243,2.2813545666666677,51.99101245
50244,-52.31058104551779,36.28959989888568
50245,12.488412786371962,41.323894405682225
50246,3.956661250779867,54.43769259324905
50247,23.70595335151513,37.63644832833333
50248,3.3913199543427526,39.21576453036762
50249,5.649547985806575,52.61896535302526
50250,128.54760583007123,30.02875943287766
50251,-1.3706371937408466,45.81731948263265
50252,-0.9587487945546949,46.092520125645436
50253,4.004203718131422,51.28319980422361
50254,10.204219493444244,41.599018135509404
50255,12.059375337449044,40.357201115119196
50256,0.9168414403631062,50.15813035634414
50257,-120.90075660155368,39.01099536076321
50258,-123.60754801690423,45.15068379658503
50259,0.8940088868057313,52.44474149878591
50260,10.050957579995385,57.12177267229199
50261,-79.5438891206474,9.257618920480285
50262,22.90714038454018,59.079206649315665
50263,12.479771766248923,55.0553730072543
50264,12.400459865703262,55.2489491446358
50265,9.7674167667657,41.839751765001374
50266,12.771004523487063,54.76209445047283
50267,8.53984615788511,54.25498240474868
50268,5.907359989665781,41.10434008438692
50269,12.172163078377219,40.2823660137411
50270,-2.9007816891297837,45.62381895503061
50271,3.9578829378303664,52.001452890474376
50272,17.945937873034747,40.37627110510155
50273,-1.242520415808114,39.05243013595269
50274,3.7347111681339453,51.878022987445746
50275,8.52492134903089,53.878886850060496
50276,129.16566048462258,30.11972482953961
50277,10.354230673422464,40.97558990541225
50278,129.48632057630937,27.444119848991896
50279,4.190677488727365,41.40767931142109
50280,17.618296618818512,58.81643187692328
50281,10.86069091787485,53.94371974789423
50282,127.53683050138974,35.43215618213817
50283,15.513281193248183,57.82713700438105
50284,13.01340900014037,56.70630425569861
50285,0.8982375578520764,51.30090861001706
50286,-75.9130992651983,37.26005327730716
50287,-7.476473925404115,43.72279927724074
50288,1.2790169778897633,51.248900932372074
50289,33.338090721428586,-28.17046915535716
50290,-3.525074586537117,40.6056839845895
50291,21.789962084417343,59.207002215447176
50292,4.552721687078544,53.33286940433558
50293,4.524506166372566,52.76635802686398
50294,8.412346596954684,54.737687161173945
50295,3.4540612529215404,52.21820903805452
50296,-89.50089507023085,11.662681742291646
50297,8.771993572162373,40.89031968169545
50298,-79.51054359137288,9.193635962667999
50299,125.17189030115733,26.080240980114024
50300,-2.4806978853542483,38.784540628905894
50301,-74.36180523177002,39.52118953233925
50302,1.055458609077245,51.53442549833017
50303,-4.3711547397598425,47.55498564997883
50304,13.53631274603292,40.43122284451263
50305,3.855032542048048,52.67981833878099
50306,4.080536230024347,52.04850865983664
50307,149.29849642946442,-32.39725015000001
50308,3.9695254353036775,54.45388768491571
50309,4.1763981195408615,52.86343424076492
50310,2.2274145125757574,51.317847228484816
50311,168.75727032450982,-37.99673624950979
50312,4.246350125205304,52.951476943347906
50313,-79.5438891206474,9.257618920480285
50314,-79.51054359137288,9.193635962667999
50315,4.215877406370492,51.824158811460556
50316,21.690959662533693,39.70010709216406
50317,9.808591858021224,43.57622373209849
50318,120.85460027924232,-30.20686950558476
50319,109.9449853461632,33.73591628717707
50320,26.712360715857407,39.42428594492648
50321,12.819363648609217,42.63395563223728
50322,18.661217427794416,55.90443143859086
50323,109.22272471112774,18.522263839072675
50324,122.70013021059121,28.71584322861083
50325,152.05618046669227,-31.073621239191446
50326,14.4775446409968,55.516819561303116
50327,4.706955185588836,52.92585579683926
50328,108.66455061516905,9.911472963216331
50329,-1.3706370270741801,45.817319499299316
50330,-0.9587486278880282,46.0925201423121
50331,26.428634216612018,37.36389708099729
50332,4.194098460277367,52.38741433239465
50333,6.4228255200762945,52.669657695247
50334,3.404127286373009,51.534823852388584
50335,-10.085085753462476,38.17613255384426
50336,0.8940088868057313,52.44474149878591
50337,0.9072248320297729,50.13598932301081
50338,128.5570335685707,30.06445493449663
50339,6.444983898624624,52.88305586415309
50340,138.5769404806616,34.973613875478385
50341,8.414764096954684,54.73595936117394
50342,-2.8808243208518833,53.273581340493045
50343,3.405539698847278,51.371562050721856
50344,-15.419153058931096,28.146610757382295
50345,0.9704985354581096,37.38349544503284
50346,124.98258613476406,25.82276900725938
50347,-81.01448241974533,24.849929993879186
50348,2.672209361244405,51.72482731756979
50349,12.538554761124903,39.55526689701588
50350,-2.5582412610445764,47.03009467041235
50351,-3.795013979304236,46.8889028988341
50352,10.471907151946564,42.48062002732296
50353,-74.55064868488313,24.22127738159595
50354,-0.6224087874144102,50.00267160555022
50355,4.673294151207278,52.200864374526525
50356,5.297826182915319,53.14993744672936
50357,129.48678097630935,27.443785348991902
50358,11.889706598948626,41.283507442591706
50359,-78.51320256363742,31.492714024335214
50360,-0.08643666043880437,49.810944457195454
50361,33.077012671428584,-28.266983505357146
50362,1.8761815370432142,51.370506062762054
50363,4.730468766959786,52.13310708150402
50364,20.909678424195775,37.954126274878895
50365,-79.25340910264427,32.827075514815014
50366,18.895929687733968,38.2890289281909
50367,-2.0373417232800635,48.54662307499836
50368,-118.7255980320851,32.91833417104404
50369,115.8876832430952,-10.039800635833336
50370,5.649547985806575,52.61896535302526
50371,-3.077327047450612,44.0577661991149
50372,-7.198703727131073,43.5908125947363
50373,1.4725978684865835,49.787480960813994
50374,13.01149508109275,56.7104028318891
50375,5.156913022021353,53.63106201706656
50376,131.3557534523793,35.179153145138585
50377,13.419974058933267,40.780184813660824
50378,15.613852133008583,54.129305919462766
50379,1.0166782312068774,49.48893193344631
50380,6.590079815726789,53.73155377300639
50381,1.2790169778897633,51.248900932372074
50382,-0.9764455183781641,50.55824613251076
50383,14.429437355875082,38.01365037495113
50384,4.19436796753689,41.40839933316711
50385,2.934999382417851,50.671377954099455
50386,-3.524960186537117,40.605787084589494
50387,12.752572075050614,38.17919947273752
50388,-0.6761676397066937,49.686917990443
50389,-76.11425740190789,37.082301506079126
50390,-89.50092277023086,11.662827342291644
50391,-78.36394270172681,34.20870773816664
50392,115.40643690000003,-16.3164857
50393,-0.09186564646314493,38.354533668959164
50394,4.002915007718723,51.28319269196963
50395,12.417556074962896,54.96152978950389
50396,0.8003424415863803,53.809111240966594
50397,3.9578829378303664,52.001452890474376
50398,8.527697964030889,53.88085490006051
50399,10.354238713422465,40.977435802078915
50400,6.894954882384546,54.481135231794205
50401,129.1656143846226,30.11922402953961
50402,-2.0136277640315874,50.273267780342394
50403,6.094531958535515,41.13314542842906
50404,-1.242217615808114,39.052984319286026
50405,-14.9159270148588,27.88619930177392
50406,12.18302289573055,40.2773353827011
50407,-120.92285733488701,39.121455755207656
50408,3.7347119639672774,51.87802364657273
50409,13.907166668082832,39.688002022481726
50410,-2.732473422538249,45.960388140513984
50411,-2.088804032357213,40.47107583450882
50412,12.226390632714194,40.3896599742101
50413,-9.145882776903576,38.25093293910697
50414,17.606429147466603,58.81650064996257
50415,8.542253557885111,54.25364590474867
50416,10.050957579995385,57.12177267229199
50417,22.899461484540183,59.06382604931568
50418,12.44582192318931,55.24543665258381
50419,3.632647467218482,52.19022678020598
50420,33.34179962142859,-28.17016705535716
50421,-52.30933214551779,36.29320289888569
50422,15.501909493248183,57.82676830438105
50423,12.488412786371962,41.323894405682225
50424,-7.473074225404113,43.720886677240735
50425,17.941516473034753,40.37538460510155
50426,12.771004523487063,54.76209445047283
50427,2.184380616666668,51.96597640000002
50428,3.3913199543427526,39.21576453036762
50429,10.86069091787485,53.94371974789423
50430,-2.94090255579645,45.717913171697276
50431,0.8982375578520764,51.30090861001706
50432,8.77790022670783,40.88667863775607
50433,4.546874749578544,53.32451444114113
50434,127.46048503815439,35.29658951578327
50435,21.784756284417345,59.20336066544717
50436,2.612063676689764,50.07199354171752
50437,23.705722978181807,37.630741975
50438,4.5145351118271115,52.75587052231853
50439,3.4495214459770964,52.21812035472119
50440,12.477630150231612,55.05445523344478
50441,9.7674167667657,41.839751765001374
50442,-123.60622606690426,45.15194880491836
50443,10.204728004555356,41.622380685509405
50444,-2.4803342100662213,38.78539533201353
50445,9.197348647902096,40.36386765
50446,-74.66220376086844,14.824221549888827
50447,109.94467596282986,33.74574035384374
50448,3.9855491395481555,52.036145856265215
50449,10.446162870967749,42.51066828046828
50450,-78.36667429756017,34.20716769649998
50451,21.702553612533688,39.70857659216406
50452,149.2859173437501,-32.396607550000006
50453,6.444983898624624,52.88305586415309
50454,-1.244080208400706,39.02960688687862
50455,8.40328743246193,54.73760839856524
50456,-15.41916398361392,28.146621107999444
50457,168.54399129117647,-37.90656874117645
50458,-79.51054359137288,9.193635962667999
50459,13.907166668082832,39.688002022481726
50460,3.855032542048048,52.67981833878099
50461,12.765953904609216,42.645196662459504
50462,2.612063676689764,50.07199354171752
50463,109.0337893111277,18.26682543907268
50464,152.05801286669228,-31.087531339191443
50465,2.277817512575758,51.338707828484814
50466,17.84489717634183,56.93963821564134
50467,122.83332576059121,28.80704512861083
50468,4.706955185588836,52.92585579683926
50469,108.66675912766902,9.910367634049662
50470,-1.3706374937408468,45.817319015965985
50471,-0.9587491945546948,46.09251965897877
50472,-8.397043170835053,40.68375302440163
50473,6.424026307051085,52.67118055126941
50474,26.428634216612018,37.36389708099729
50475,-2.0136277640315874,50.273267780342394
50476,3.404127286373009,51.534823852388584
50477,-10.085105153462475,38.175634969228874
50478,128.5415454351224,29.958375621584764
50479,0.9207363770297728,50.14183931801082
50480,4.182091851207527,52.8610607907649
50481,3.999564263920894,54.4296469628919
50482,0.8940088868057313,52.44474149878591
50483,4.003301277417136,51.28324206422361
50484,-2.8808056853756914,53.27372627763589
50485,3.405539698847278,51.371562050721856
50486,125.33465113704891,26.145592520884612
50487,129.48561347630937,27.444160248991892
50488,1.0100076487156855,37.37822657755089
50489,125.15352772911184,25.98412341738676
50490,-81.11583811974536,24.90945209387918
50491,-3.6255121334015117,46.89323900192105
50492,12.531959354415653,39.547707669658486
50493,-79.54182311391664,9.255502536185412
50494,-0.723401054081077,49.99221537221689
50495,5.297826182915319,53.14993744672936
50496,4.48340890454323,52.14263067530791
50497,-74.61593031911391,24.443424223006204
50498,18.661217427794416,55.90443143859086
50499,5.649547985806575,52.61896535302526
50500,2.307020266666668,52.00558604999999
50501,-76.27359624006299,37.290116671472184
50502,-78.70639675594155,30.849828630327952
50503,0.034265646796852345,49.918834380226265
50504,20.910017384552912,37.951281196724125
50505,10.209976004555354,41.63105276884275
50506,-2.0373417232800635,48.54662307499836
50507,1.8021713670432142,51.346606799685134
50508,4.741067581673025,52.13068517351175
50509,18.892709637986833,38.289575925915116
50510,0.5866746524565946,48.06509926760775
50511,-118.72326163208513,32.91841727104402
50512,116.13394284309524,-11.999006635833332
50513,13.470550884749116,40.83233004557445
50514,1.4726087457593104,49.78748197104125
50515,15.841038597810382,54.14742600292223
50516,-7.198704833149643,43.590811222008504
50517,115.58803790000003,-16.7999732
50518,-0.9824316183781644,50.56004213251076
50519,2.932402076115543,50.67483647519433
50520,-3.5253034865371173,40.605479584589496
50521,0.8066878388086026,53.81273554513327
50522,6.838610548759873,54.477369757094124
50523,4.215877406370492,51.824158811460556
50524,14.42875732920842,38.014247330506684
50525,-79.25904692640493,32.88563048639621
50526,6.590079815726789,53.73155377300639
50527,1.0567833312068773,49.41147593344631
50528,-2.7717812392049153,45.965006957180655
50529,-14.965669470101531,27.846172716763835
50530,2.6722095612444052,51.72482731756979
50531,9.808591858021224,43.57622373209849
50532,23.706105681515126,37.630860498333334
50533,26.705091534190743,39.42343872075982
50534,138.53785972351872,34.96677205404982
50535,8.798271172162375,40.88808339002879
50536,-0.09363698932028776,38.35925128324487
50537,13.567461182699585,40.42653155269446
50538,-3.077327047450612,44.0577661991149
50539,-89.50119967023085,11.661476042291644
50540,1.2901973362230967,51.249626615705395
50541,21.79163379552845,59.2091676487805
50542,12.400581216269472,54.950419493866214
50543,12.955040821568943,56.67125961970959
50544,121.30312775674228,-30.26916403872807
50545,12.246508124562933,40.36583613538657
50546,-123.6415162365471,45.1493438305136
50547,-0.703535439151138,49.678644923776325
50548,22.860323637873513,59.04617256098234
50549,12.489915456288179,55.24810490214954
50550,9.7674167667657,41.839751765001374
50551,3.6326478190962828,52.19022690030215
50552,8.540922732885111,54.25866275474868
50553,10.050957579995385,57.12177267229199
50554,6.321880791868851,41.12663547509572
50555,12.18302289573055,40.2773353827011
50556,-120.90980897488701,39.007355545763204
50557,12.591285690360728,55.12529857356195
50558,10.354229556755799,40.97558900541226
50559,11.898580505120426,41.31674410380258
50560,-2.0968027049762608,40.469311054211204
50561,129.1687031846226,30.12059542953961
50562,17.848925398034748,40.32691775510155
50563,12.757195838194004,54.75193982995936
50564,33.34551387142859,-28.16853220535716
50565,3.4785536535745134,41.384611670146114
50566,127.54911776825189,35.27866091811652
50567,-8.24440393704161,38.099775337876856
50568,12.616834175050615,38.1066491394042
50569,1.0504262157308641,51.40931519213827
50570,3.7415268014672787,51.879081837445746
50571,131.3315671023793,35.20147594513858
50572,8.58162374903089,53.88319970006048
50573,5.166252257172868,53.61478786494533
50574,17.575412919534006,58.792323248308485
50575,15.460652726581516,57.810058054381045
50576,12.488412786371962,41.323894405682225
50577,4.546874749578544,53.32451444114113
50578,3.201543954342752,39.16732840309489
50579,10.86069091787485,53.94371974789423
50580,-52.29288044218446,36.304171994957116
50581,-2.5700491730186723,45.628658504428756
50582,3.957883312830366,52.00145307380772
50583,-2.5528795610445756,47.031115370412344
50584,3.425227465338158,52.21516103707675
50585,4.467808119550689,52.73286999183072
50586,-7.475220225404115,43.72093677724074
50587,-76.45001317018722,37.47432769693802
50588,-2.0136277640315874,50.273267780342394
50589,12.531959354415653,39.547707669658486
50590,4.215877406370492,51.824158811460556
50591,9.808591858021224,43.57622373209849
50592,-15.419180908596337,28.14661606532898
50593,125.41204030371563,26.179116120884615
50594,138.5399858806616,34.97182222547839
50595,-14.965669470101531,27.846172716763835
50596,3.855032542048048,52.67981833878099
50597,0.5866777726681042,48.065099535612056
50598,33.07791177142858,-28.26623420535715
50599,131.3315671023793,35.20147594513858
50600,2.265063412575758,51.32858892848481
50601,4.003301277417136,51.28324206422361
50602,-80.96923681974536,24.850412193879183
50603,-1.2498073658081141,39.040971235952696
50604,110.22868062251253,18.572431562074758
50605,1.8082724846715335,39.768526099352805
50606,116.12744614309526,-12.000436235833334
50607,-7.19870296934012,43.59081252367517
50608,10.203033304555355,41.6193711355094
50609,2.932185573318341,50.67518154302651
50610,-0.9802927183781642,50.557735582510766
50611,6.894955455983762,54.48113516613362
50612,121.59986135674231,-30.324817038728074
50613,13.611663896032919,40.36773549451264
50614,-2.7484441773001533,45.99149243813304
50615,109.94627474616318,33.73743533717707
50616,13.907166668082832,39.688002022481726
50617,12.758989054609216,42.64212728745951
50618,2.4829111223037987,49.97111884241927
50619,109.03621501112774,18.272279039072675
50620,152.05906866669227,-31.087414639191444
50621,122.70013026059121,28.715842428610827
50622,19.53169096614475,57.635359209767856
50623,3.984743556214822,52.038051589598545
50624,4.706955185588836,52.92585579683926
50625,108.667509215169,9.909735896549662
50626,-1.3706374432366948,45.81731913037879
50627,-0.958749044050543,46.09251977339158
50628,-8.398446870835052,40.68279442440163
50629,26.428634216612018,37.36389708099729
50630,6.424098120076295,52.671270895247
50631,115.58838950000005,-16.8026353
50632,3.404127286373009,51.534823852388584
50633,149.12553722946438,-32.536468950000014
50634,14.427987029208419,38.016184630506686
50635,-10.085788653462474,38.174034169228875
50636,128.55655157784966,30.06419070613022
50637,0.911521257029773,50.1328820980108
50638,6.444983898624624,52.88305586415309
50639,4.010981087235912,54.41842855297128
50640,3.7347111681339453,51.878022987445746
50641,4.237927067874193,52.88861052147919
50642,0.8940088868057313,52.44474149878591
50643,8.412317596954683,54.73721426117394
50644,3.405539698847278,51.371562050721856
50645,-2.880796428709026,53.27386343596923
50646,-79.54182311391664,9.255502536185412
50647,125.1734008174452,26.081614649053428
50648,0.9692620108368974,37.375298868712505
50649,-79.51054359137288,9.193635962667999
50650,3.957883312830366,52.00145307380772
50651,-3.5973510164453715,46.914538852605276
50652,2.672209361244405,51.72482731756979
50653,-0.7236166753797785,49.99064005258485
50654,-74.68570667583205,24.67082716757506
50655,-4.785495572852874,44.636671043726636
50656,5.297826182915319,53.14993744672936
50657,4.391180163268513,52.10350613204365
50658,13.473977895860228,40.83118171890778
50659,168.53042389117647,-37.905939941176456
50660,5.649547985806575,52.61896535302526
50661,-78.73788701987286,30.572120599793593
50662,10.408678027172689,42.54702083481301
50663,2.3053637666666678,52.005475049999994
50664,12.757195838194004,54.75193982995936
50665,0.0328821467968524,49.91971548022626
50666,-123.6164874740471,45.152114758013596
50667,20.909563654552915,37.953313513390796
50668,4.7407222316730255,52.130819323511744
50669,-2.0960797862262606,40.4713002354612
50670,1.8021711670432146,51.346606799685134
50671,-79.26156914307161,32.88661886972954
50672,18.896789304849577,38.28834191748374
50673,10.354230373422466,40.97559023874558
50674,-2.0426701732800634,48.54445922499835
50675,-118.72189873208512,32.91835407104403
50676,8.540922732885111,54.25866275474868
50677,12.955555554902276,56.67152585304293
50678,-3.408756845912117,40.6296841939645
50679,-3.077327047450612,44.0577661991149
50680,1.2918648815719336,51.250741566868186
50681,-79.80305536427436,25.427811403299184
50682,18.661217427794416,55.90443143859086
50683,4.546874749578544,53.32451444114113
50684,-2.5549981610445758,47.02970767041236
50685,-0.7044794391511381,49.677221390442995
50686,12.59172978036073,55.12643976356195
50687,12.40329216983469,54.955161381170555
50688,-120.89868324155368,39.00812212076321
50689,9.1894663479021,40.38562085
50690,12.156460073087526,40.50533179284559
50691,11.899224920505041,41.319115180725646
50692,10.86069091787485,53.94371974789423
50693,1.0504262157308641,51.40931519213827
50694,-7.476494325404115,43.72279627724074
50695,17.54871389708503,58.77216303708399
50696,127.45065707729209,35.199837804463705
50697,-8.066298462755894,37.99482082359114
50698,21.78850678441734,59.206585365447175
50699,0.810420284641936,53.81366384096661
50700,4.467808119550689,52.73286999183072
50701,15.422715693248183,57.805937104381044
50702,1.0166782312068774,49.48893193344631
50703,12.580751835050615,38.09089081273753
50704,8.736851299030887,53.86069915006049
50705,9.7674167667657,41.839751765001374
50706,5.18491087559278,53.61109898730464
50707,33.338929021428584,-28.16998635535716
50708,1.4725975457593106,49.787481071041256
50709,6.590079815726789,53.73155377300639
50710,-52.29208882885113,36.30290064829044
50711,-2.4783296230186727,45.63543616157162
50712,22.84026383787352,59.03623466098234
50713,12.485710356288177,55.246797202149544
50714,129.16592518462258,30.11881882953961
50715,-0.31439845397730964,50.699557439869125
50716,10.050957579995385,57.12177267229199
50717,6.098097991868848,41.123409975095726
50718,12.18302289573055,40.2773353827011
50719,26.70656427419074,39.42334824075982
50720,8.800234072162375,40.88853218169547
50721,-0.08111795182028779,38.35954344395916
50722,3.632647959348808,52.19022721251174
50723,3.471136917513907,41.38019290802491
50724,23.70562325151513,37.63259802833333
50725,3.201543954342752,39.16732840309489
50726,-88.70148507023085,11.333027742291643
50727,17.899366939701416,40.357502205101554
50728,15.841038059388698,54.14742581328367
50729,3.3882896303381576,52.214365143743414
50730,12.459125465401696,41.34409355587783
50731,5.649547985806575,52.61896535302526
50732,-14.964885470101528,27.847020816763834
50733,131.36260796880424,35.16030123505687
50734,9.186940347902096,40.388132850000005
50735,10.754039958697772,40.31365104621881
50736,9.808591858021224,43.57622373209849
50737,3.981581963357679,52.03717929316998
50738,6.444983898624624,52.88305586415309
50739,-2.096080165690546,40.47129990117549
50740,12.18302289573055,40.2773353827011
50741,138.5525519806616,34.97569557547839
50742,-1.2518555658081139,39.03778181928604
50743,2.9321863055405624,50.675182330804276
50744,-79.54182311391664,9.255502536185412
50745,4.215877406370492,51.824158811460556
50746,-74.67704135729701,14.803361932031683
50747,109.04582511112774,18.270474239072673
50748,110.22545547251254,18.57315981207476
50749,12.416924936501356,54.960577914503894
50750,129.48678097630935,27.443785348991902
50751,4.00496007058756,54.41503944582841
50752,8.414764096954684,54.73595936117394
50753,-74.36180623177002,39.521188632339246
50754,1.863722179821977,51.45693520641346
50755,12.757195838194004,54.75193982995936
50756,-78.687476238902,30.65377264620136
50757,2.209992716666668,51.980419900000015
50758,0.02890544679685238,49.92249228022626
50759,20.909600354552918,37.95327083005747
50760,1.820079568283197,51.34423665079787
50761,4.741887531673025,52.13106312351174
50762,-2.0426701732800634,48.54445922499835
50763,18.895929637733968,38.2890290281909
50764,116.12184574309525,-12.002356635833332
50765,-118.72560140708511,32.9183372377107
50766,1.4725978684865835,49.787480960813994
50767,-7.198702510330096,43.59081254708369
50768,115.59170620000005,-16.776972100000002
50769,15.613852233008583,54.129305919462766
50770,-0.7047603391511381,49.675940190443
50771,-0.9764455183781641,50.55824613251076
50772,6.778517792061965,54.39055305760066
50773,13.523122912699586,40.42594557784598
50774,122.482138451808,-30.503088423335207
50775,-2.738025172538248,45.991957040513995
50776,3.855032542048048,52.67981833878099
50777,109.94605434616318,33.73682358717708
50778,13.907166668082832,39.688002022481726
50779,12.751933487942551,42.63468726801506
50780,2.224374845532078,49.76818302263496
50781,122.70013021059121,28.71584322861083
50782,152.05618046669227,-31.073621239191446
50783,19.53333683836697,57.635483198656736
50784,4.706955185588836,52.92585579683926
50785,108.66744212945473,9.909641967978235
50786,-79.26156944307161,32.88661846972954
50787,-1.3706372765700283,45.81731914704547
50788,-0.9587488773838763,46.09251979005824
50789,-8.397441045835052,40.68211029940162
50790,26.428634216612018,37.36389708099729
50791,6.424098120076295,52.671270895247
50792,3.404127286373009,51.534823852388584
50793,149.01614482946437,-32.62815775000001
50794,-10.085769253462475,38.17453175384426
50795,128.5555930355548,30.065408335131554
50796,13.482058353470117,40.8422198692924
50797,0.9114177320297727,50.12263552301081
50798,3.7347119639672774,51.87802364657273
50799,-2.880793214423312,53.273861621683515
50800,0.8940088868057313,52.44474149878591
50801,4.235747658808259,52.88875500488579
50802,-3.4086424459121174,40.6297872939645
50803,4.000818732718724,51.28286982530297
50804,107.19951291720261,8.370287061701044
50805,3.405539698847278,51.371562050721856
50806,-15.419173261955832,28.14661454969951
50807,0.9657921900035642,37.37330521454584
50808,-79.80305536427436,25.427811403299184
50809,125.96829118347755,26.594179053027474
50810,125.1718804674452,26.08048864905343
50811,1.0120067047362893,49.49088656285808
50812,18.14864559250715,57.181044414296096
50813,-79.51054359137288,9.193635962667999
50814,-80.98167321974535,24.858496193879184
50815,3.632647688647054,52.19022726830122
50816,14.429538529208417,38.01638923050669
50817,6.590079815726789,53.73155377300639
50818,10.202003572976405,41.637171798667296
50819,2.240551112575757,51.32264122848482
50820,12.531959354415653,39.547707669658486
50821,18.661217427794416,55.90443143859086
50822,11.891004145078,41.287663862899244
50823,-3.6688704952332505,46.93872292836284
50824,11.634137563165725,38.23482567171919
50825,2.672209361244405,51.72482731756979
50826,3.557055192990098,41.384378891437606
50827,0.7929702415863804,53.80629314096659
50828,3.957883312830366,52.00145307380772
50829,4.199064222792322,52.04634973442461
50830,-88.43580587023085,11.225374542291643
50831,4.546874749578544,53.32451444114113
50832,127.26572272627246,34.086741570644016
50833,13.971228323715934,40.07295629927071
50834,26.72301373331772,39.425623853656646
50835,-78.41917078574082,28.098854514637633
50836,-120.92350834155368,39.118543615207656
50837,12.954257892203863,56.67651008518579
50838,1.0504262157308641,51.40931519213827
50839,-0.7838171360291291,50.000824369987434
50840,5.297826182915319,53.14993744672936
50841,-123.12353963893221,44.38030540239211
50842,8.54333013288511,54.25732625474867
50843,10.050957579995385,57.12177267229199
50844,22.802116204540187,59.01618882764902
50845,12.591909114343412,55.12657618975242
50846,6.209996958535514,41.076821228429054
50847,129.1656143846226,30.11922402953961
50848,17.895170389701413,40.35730660510155
50849,5.186539963688019,53.603590225399905
50850,4.466217619550689,52.73356819183073
50851,168.7515020911765,-37.96168494117646
50852,-52.290226928851126,36.30364034829044
50853,15.411984093248185,57.80401390438105
50854,-0.24669448159663648,44.38090789943201
50855,-3.077327047450612,44.0577661991149
50856,8.737037714030889,53.86321540006049
50857,12.459125465401696,41.34409355587783
50858,-7.474414025404112,43.747400677240734
50859,1.2918648815719336,51.250741566868186
50860,33.60999912142859,-28.070699955357163
50861,-0.31439845397730964,50.699557439869125
50862,10.86069091787485,53.94371974789423
50863,10.408678027172689,42.54702083481301
50864,12.49816804885228,55.25122465702134
50865,8.80138272670783,40.886081337756075
50866,9.7674167667657,41.839751765001374
50867,10.354238480089132,40.97743656874558
50868,17.54900069708503,58.769984137083995
50869,3.289710187676086,39.1955965078568
50870,-7.8131333905336735,37.947112828452255
50871,3.3882896303381576,52.214365143743414
50872,-0.07522200896314496,38.35747656300678
50873,21.784756284417345,59.20336066544717
50874,23.705731378181802,37.628625275
50875,-2.5551643610445764,47.02952657041235
50876,10.778256390985142,40.32198170697564
50877,-74.37756100115213,29.91299712336148
50878,-3.0773255311798744,44.05776482499275
50879,1.9702053165866829,51.4913335607121
50880,115.62826170000004,-16.810744999999994
50881,9.158873447902094,40.42471575
50882,-79.54182311391664,9.255502536185412
50883,-79.4714704104638,9.231573780330338
50884,109.94467596282986,33.74574035384374
50885,131.31114740366948,35.147315195090655
50886,138.5799526335188,35.01003809404982
50887,11.895070590384892,41.30330761115468
50888,-15.419167573901714,28.146616196278952
50889,125.15471166022294,25.984397279608984
50890,22.004820343819855,39.725328188665685
50891,3.855032542048048,52.67981833878099
50892,108.68770701112771,17.764237739072673
50893,3.9911720728814886,52.036139389598546
50894,108.66569487899176,9.910497757330091
50895,3.405539698847278,51.371562050721856
50896,126.17671402440527,26.751663891574275
50897,0.6001840387156854,37.39050874421756
50898,-81.11565591974536,24.90910509387918
50899,-3.6270443187682004,46.9109487667854
50900,12.531959354415653,39.547707669658486
50901,-80.43077368277552,26.912525433793874
50902,4.199065002999394,52.04634976608658
50903,-0.8467517376809862,49.99783792083045
50904,-2.0960493347694937,40.471352626285146
50905,2.391349666666668,52.03000844999999
50906,-79.25853156223829,32.889470287507315
50907,-2.0426701732800634,48.54445922499835
50908,1.817568933283197,51.34733551079787
50909,0.03440874679685229,49.92059678022626
50910,4.7503670066730255,52.13680996101174
50911,18.892709637986833,38.289575925915116
50912,116.14008086809525,-11.993422160833333
50913,-7.198704991482977,43.590810880341834
50914,1.4726087457593104,49.78748197104125
50915,14.42884992920842,38.01691033050669
50916,15.84103910677467,54.147427365481754
50917,-0.9824316183781644,50.56004213251076
50918,-58.118773199999985,-22.025749725000022
50919,4.215877406370492,51.824158811460556
50920,6.666978171770382,54.361406311127006
50921,9.811149058021222,43.58334513209849
50922,6.134397989641857,39.05829853005791
50923,13.567461182699585,40.42653155269446
50924,-2.722460821239547,45.96963071692092
50925,124.21366565169154,-30.901827974305704
50926,13.913138302960215,39.70804048801369
50927,12.723590929609218,42.63622705968172
50928,2.224374845532078,49.76818302263496
50929,12.732900113326748,54.73441858116241
50930,-88.43621487023087,11.224137942291645
50931,152.10387082383514,-30.935925439191447
50932,2.2327719159090917,51.29278579848482
50933,19.574966380119907,57.66023249413637
50934,4.706955185588836,52.92585579683926
50935,13.48671120819234,40.84061411262573
50936,26.428634216612018,37.36389708099729
50937,-8.396592670835053,40.68409532440163
50938,6.4290655200762945,52.674277395247
50939,1.3000264315719336,51.243483229368174
50940,-1.3706459599033614,45.81724094704546
50941,-0.9587576607172096,46.09244159005824
50942,3.404127286373009,51.534823852388584
50943,148.9869527294644,-32.64778139000003
50944,2.9315335876112685,50.676216428784095
50945,12.38248881062117,54.927917998717504
50946,6.444983898624624,52.88305586415309
50947,8.778414699030884,53.8319790000605
50948,10.050957579995385,57.12177267229199
50949,3.957883312830366,52.00145307380772
50950,-0.7112727974844715,49.677765157109654
50951,-10.085788653462474,38.174034169228875
50952,6.590079815726789,53.73155377300639
50953,3.262954547676086,39.2011386378568
50954,26.705091534190743,39.42343872075982
50955,23.612931581515127,37.61574239833333
50956,12.492730562077652,55.27247770162324
50957,-78.76588325504007,30.550569484013323
50958,3.6562621369078467,41.39881135014612
50959,0.895700891315487,50.116215979915566
50960,127.1473939150934,33.631698647499434
50961,107.19512284220257,8.373869011701043
50962,1.0504262157308641,51.40931519213827
50963,-0.07699335182028777,38.36219417729249
50964,4.546874749578544,53.32451444114113
50965,-3.4089857459121173,40.6294797939645
50966,-7.809194064819387,37.956561276071305
50967,-79.72944436436565,25.853621494930135
50968,128.5577301351224,29.967809921584763
50969,3.993445098726089,54.41008887613145
50970,21.78746359552845,59.2119748487805
50971,122.83330366059121,28.807233828610833
50972,0.7910492388086026,53.80738214513328
50973,3.7415268014672787,51.879081837445746
50974,-123.1353138514322,44.38026096655878
50975,0.8940088868057313,52.44474149878591
50976,17.249544098088755,39.10668236529239
50977,-120.90451630822035,38.96554337909654
50978,12.591672080360727,55.12654676356195
50979,3.6326473865566005,52.19022678887358
50980,6.50419759186885,41.058640675095724
50981,12.18302289573055,40.2773353827011
50982,1.0427719180696224,49.4089569485632
50983,12.459125465401696,41.34409355587783
50984,18.127627256182496,57.17719341759642
50985,10.350728670108097,40.977351621563706
50986,8.541272662698773,54.29287249160166
50987,-74.36180503177002,39.52119023233925
50988,17.855574923034744,40.33787850510155
50989,4.259493137874193,52.896938931479184
50990,5.201777757172868,53.58683326494536
50991,33.61827037142858,-28.07014180535716
50992,17.548523097085027,58.77103933708399
50993,168.51605599117647,-37.90840674117646
50994,10.398423845490775,42.55729016040075
50995,10.967300272591238,38.256982373702904
50996,5.297826182915319,53.14993744672936
50997,20.816830384552908,37.936105183390794
50998,4.467808119550689,52.73286999183072
50999,10.86069091787485,53.94371974789423
51000,15.377415393248183,57.791674754381035
51001,0.11697816490206124,43.90556834495888
51002,12.965883476418151,56.65599308332864
51003,22.537024037873515,58.95232689431565
51004,129.1687031846226,30.12059542953961
51005,-7.477568525404115,43.69638827724074
51006,-118.9342736439697,33.61809201111213
51007,110.21289932254709,18.569684774893503
51008,-0.31439845397730964,50.699557439869125
51009,18.663076711127747,55.90693538859087
51010,3.996849395417136,51.282800857282425
51011,-1.246381465808114,39.028537535952694
51012,-52.29288044218446,36.304171994957116
51013,-2.550891461044576,47.03068757041235
51014,-2.880773269423311,53.2740057016835
51015,8.409733346954683,54.73726246117394
51016,3.337879967151354,52.214701910493424
51017,8.807012972162376,40.956833690028795
51018,2.965514752505845,51.9241348189359
51019,9.772847631693015,41.86340514027942
51020,2.0327946046715333,39.7530377243528
51021,-2.0960493347694937,40.471352626285146
51022,4.215877406370492,51.824158811460556
51023,33.08781327142859,-28.264695205357157
51024,108.69206861112772,17.767357139072672
51025,12.38248881062117,54.927917998717504
51026,138.59849268066165,35.02404502547839
51027,-3.408756845912117,40.6296841939645
51028,131.31136087033613,35.14768736175732
51029,3.9864568228814887,52.03834128959855
51030,6.444983898624624,52.88305586415309
51031,-79.26083784223827,32.88647515036446
51032,12.531959354415653,39.547707669658486
51033,-3.6819338446397603,46.89518454054688
51034,1.9654995142271339,51.44213954251818
51035,-74.36180503177002,39.52119023233925
51036,0.5866772512395327,48.06509857668348
51037,110.2129021258804,18.56968585156017
51038,-7.198703688506787,43.59081294284183
51039,2.000135095772148,51.49231879970057
51040,6.134833357439477,39.058568567022206
51041,21.992592293819857,39.71669198866569
51042,9.811149058021222,43.58334513209849
51043,-72.05193025916071,27.063011133748986
51044,12.721037129609217,42.63591505968173
51045,152.10411832383517,-30.93466243919145
51046,126.9201498235651,33.30404885224035
51047,19.576221680119907,57.66061109413638
51048,4.706955185588836,52.92585579683926
51049,108.66457906649174,9.910899619830094
51050,-1.3706456599033614,45.81724134704545
51051,-0.9587572607172096,46.09244199005824
51052,-8.398446870835052,40.68279442440163
51053,6.428968856541349,52.6742040147228
51054,26.428634216612018,37.36389708099729
51055,-74.37680153829497,29.920583519075777
51056,3.404127286373009,51.534823852388584
51057,-10.085788653462474,38.174034169228875
51058,0.890569271315487,50.109716559915576
51059,0.8940088868057313,52.44474149878591
51060,128.57527117784966,30.072187506130227
51061,3.7347111681339453,51.878022987445746
51062,3.998450118726089,54.40374949613145
51063,4.262123127874193,52.90399322147918
51064,-2.880793717756644,53.27400103835017
51065,3.996850045417136,51.28280095728243
51066,8.412316696954683,54.73721366117394
51067,-15.419173226912683,28.146606084814458
51068,3.405539698847278,51.371562050721856
51069,126.18372054940532,26.86141461657428
51070,0.5826104618200005,37.428196431922956
51071,-80.96988821974536,24.85003169387918
51072,125.17458001744517,26.081887849053423
51073,-0.8558693710143193,49.99762835416378
51074,-80.6340476294297,27.323996004722115
51075,4.1990630227923225,52.04634983442461
51076,148.9913593294644,-32.64886729000003
51077,115.59550340000001,-16.777432099999995
51078,6.590079815726789,53.73155377300639
51079,0.02996003679685231,49.92178258522627
51080,2.389693166666668,52.02989744999999
51081,10.398423845490775,42.55729016040075
51082,4.750021656673025,52.13694411101175
51083,18.896789304849577,38.28834191748374
51084,11.901325126060597,41.32841371683676
51085,-2.0426701732800634,48.54445922499835
51086,116.13531426809524,-11.992698160833333
51087,1.4725975457593106,49.787481071041256
51088,15.841038196060383,54.14742678333889
51089,2.2313454159090913,51.292562698484815
51090,-0.9802927183781642,50.557735582510766
51091,13.490138219303448,40.83946578595907
51092,1.0026668180696228,49.4864129485632
51093,6.72332315686318,54.365171341971745
51094,125.09364641260066,-31.073866790366306
51095,13.62275294603292,40.349588633798355
51096,3.855032542048048,52.67981833878099
51097,19.34577498523905,38.584412581357945
51098,109.94627474616318,33.73743533717707
51099,18.663076711127747,55.90693538859087
51100,13.913138302960215,39.70804048801369
51101,18.152447530424926,57.19028252820249
51102,26.70656427419074,39.42334824075982
51103,1.0504262157308641,51.40931519213827
51104,12.732900113326748,54.73441858116241
51105,-0.07522200896314496,38.35747656300678
51106,-2.709196166477643,45.899800744301885
51107,12.965942076418148,56.65380478332864
51108,2.9315336916516723,50.676216864137615
51109,8.540679512698775,54.29369909160167
51110,-123.1248615889322,44.37904039405878
51111,21.784336584417343,59.20939256544717
51112,10.050957579995385,57.12177267229199
51113,-58.121093599999995,-22.06756452500002
51114,9.230844751656209,38.36078052718248
51115,22.52469300930209,58.951996422887056
51116,5.297826182915319,53.14993744672936
51117,129.16592518462258,30.11881882953961
51118,3.6326475268091256,52.19022710108317
51119,33.61168552142858,-28.07159595535716
51120,10.86069091787485,53.94371974789423
51121,168.51723899117644,-37.90811224117646
51122,15.364974193248184,57.78864490438102
51123,-0.7122167974844714,49.676341623776324
51124,8.764343264030886,53.81689200006051
51125,12.459125465401696,41.34409355587783
51126,17.908227848034745,40.37110085510155
51127,-119.009791479257,33.897228556406596
51128,9.772847631693015,41.86340514027942
51129,0.7863464846419359,53.8050694409666
51130,4.467808119550689,52.73286999183072
51131,-52.29208882885113,36.30290064829044
51132,10.34402663677476,40.998846954897026
51133,3.1096542811432584,52.020067177134514
51134,5.214557075592782,53.58591078730466
51135,20.816376954552915,37.9381375133908
51136,-0.31439845397730964,50.699557439869125
51137,3.6361699417621587,41.38922384321915
51138,23.6124445181818,37.61669807833333
51139,17.54871389708503,58.77216303708399
51140,12.18302289573055,40.2773353827011
51141,0.2604690594491622,43.28435167794025
51142,8.806948222162376,40.95761048169547
51143,1.2988055315719336,51.24490442936818
51144,2.224374845532078,49.76818302263496
51145,3.6784405450836677,39.29167122377471
51146,12.495100929577653,55.27216775662324
51147,-88.43694647023085,11.224636742291644
51148,-7.473598825404114,43.695705977240735
51149,-78.76588135504008,30.550569384013325
51150,4.546874749578544,53.32451444114113
51151,-1.2530997658081144,39.036158735952704
51152,107.20847524220261,8.377947911701046
51153,-2.554584361044576,47.03006907041235
51154,12.59172978036073,55.12643976356195
51155,10.189901515357356,41.58493012819111
51156,122.70010816059121,28.71603112861083
51157,6.280905491868848,41.055933275095725
51158,-120.89462689155368,38.96539052354098
51159,-7.806707690533673,37.95494326178559
51160,3.957883312830366,52.00145307380772
51161,3.3186128215631188,52.214817672258135
51162,-79.62310642031804,25.926759687787275
51163,21.992592293819857,39.71669198866569
51164,13.62275294603292,40.349588633798355
51165,12.38248881062117,54.927917998717504
51166,33.084704371428586,-28.264798905357157
51167,5.649547985806575,52.61896535302526
51168,109.94605434616318,33.73682358717708
51169,3.983295230024346,52.03746899316998
51170,12.718271082942552,42.63555236301506
51171,9.160871747902094,40.42469645
51172,4.258812352874194,52.90333001147919
51173,8.414763596954684,54.73595866117394
51174,129.45723387630932,27.4385714489919
51175,3.405539698847278,51.371562050721856
51176,11.892329950633554,41.29367309901035
51177,12.732900113326748,54.73441858116241
51178,12.531959354415653,39.547707669658486
51179,-2.5582412610445764,47.03009467041235
51180,6.723323005764668,54.365171413375
51181,6.137399002014283,39.16239162553043
51182,9.811149058021222,43.58334513209849
51183,125.36335149355304,-31.269372583223447
51184,4.741044249996458,52.441764994353264
51185,3.855032542048048,52.67981833878099
51186,115.59616030000002,-16.768319200000004
51187,-74.37721175829498,29.91943690907577
51188,13.913138302960215,39.70804048801369
51189,2.224374845532078,49.76818302263496
51190,108.69743471112774,17.76115063907267
51191,127.0825992431541,33.32996520798517
51192,152.10123012383514,-30.92086903919145
51193,131.33554722033614,35.12536456175732
51194,19.577867552342127,57.66073508302527
51195,4.706955185588836,52.92585579683926
51196,109.06345052630353,10.409838046295144
51197,-1.370645493236695,45.81724136371213
51198,-0.958757094050543,46.0924420067249
51199,26.428634216612018,37.36389708099729
51200,-8.397441045835052,40.68211029940162
51201,6.428126350751853,52.67344313865836
51202,3.404127286373009,51.534823852388584
51203,-10.085769253462475,38.17453175384426
51204,8.33870069202693,39.84203829726819
51205,0.8848014463154871,50.10142118491558
51206,6.444983898624624,52.88305586415309
51207,128.5746779355548,30.07336883513156
51208,3.7347119639672774,51.87802364657273
51209,3.989318738726089,54.38781347113146
51210,0.8940088868057313,52.44474149878591
51211,3.9968497898615807,51.28280127950465
51212,-2.8807895582328356,53.27400930739778
51213,-15.419164224178049,28.146618653310632
51214,110.21052224046372,18.570525693226834
51215,148.99195432946442,-32.64973779000001
51216,126.18343308273862,26.86001625943142
51217,0.31108997285479867,37.448798527206826
51218,-80.96337244593583,24.820942793879183
51219,125.17305966744517,26.080761849053424
51220,3.6326472561073717,52.190227156872645
51221,-3.753453323427639,46.919368616304446
51222,-2.0953266160194937,40.47334160753515
51223,-80.65459496474439,27.102655447490452
51224,4.1990629450145445,52.04634990109129
51225,-0.8162262710143192,49.99604715416378
51226,12.969502024037197,56.659676759519115
51227,-2.0426701732800634,48.54445922499835
51228,0.025983336796852326,49.92455938522626
51229,2.3503020166666677,52.02528320000001
51230,4.752127056673024,52.13762941101175
51231,2.244494059114547,51.6346441610373
51232,-79.26019815890494,32.8864465336978
51233,18.895929637733968,38.2890290281909
51234,13.48961861930345,40.83898978595907
51235,116.12978956809528,-11.994978060833333
51236,3.9910378613567126,39.348520207088804
51237,-7.198702829496763,43.59081296625036
51238,1.4725978684865835,49.787480960813994
51239,8.543086912698774,54.292362591601666
51240,15.72955326092525,54.14054675569761
51241,20.81531995455292,37.93833513005746
51242,-88.43683017023086,11.224525042291646
51243,10.398423845490775,42.55729016040075
51244,3.4639110038461536,52.61119815000003
51245,1.8477732124388149,51.47377458303391
51246,1.0026668180696228,49.4864129485632
51247,-0.07522200896314496,38.35747656300678
51248,-0.9764455183781641,50.55824613251076
51249,3.8232575239050157,41.40482424440964
51250,-120.91531517488701,39.07584712354099
51251,20.654175105617714,38.34298882018161
51252,-79.60181955365137,25.94239958064442
51253,3.957883312830366,52.00145307380772
51254,8.892783733727855,53.83242450763627
51255,33.61539422142859,-28.07129405535716
51256,6.590079815726789,53.73155377300639
51257,15.357475793248184,57.78774390438103
51258,7.834484060609669,38.44974739098947
51259,129.1656143846226,30.11922402953961
51260,-120.76669870508796,38.50103067625166
51261,-58.12450739999998,-22.05270480000002
51262,168.74867719117645,-37.96200534117646
51263,-52.210889428851125,36.44890074829044
51264,12.503705129577652,55.27484415662324
51265,18.141381020168513,57.186428085253766
51266,1.2988055315719336,51.24490442936818
51267,-0.31439845397730964,50.699557439869125
51268,-3.4086424459121174,40.6297872939645
51269,0.255938688833848,43.46495641513079
51270,1.1276369223975309,51.45008034630494
51271,8.813359126707832,40.956355637756076
51272,-78.74200973101028,30.31871047042966
51273,10.179557861190691,41.55203087819111
51274,23.611548778181806,37.613699274999995
51275,17.54900069708503,58.769984137083995
51276,10.86069091787485,53.94371974789423
51277,-1.0461326624747802,39.317660979286046
51278,5.300962022915319,53.153555726729365
51279,3.1256606311432584,52.02624352713451
51280,4.48064901955069,52.738798791830725
51281,107.2327984922026,8.383454061701045
51282,9.772847631693015,41.86340514027942
51283,18.663076711127747,55.90693538859087
51284,122.7001081105912,28.71603192861083
51285,0.8424027933720946,53.83095108560945
51286,6.274095558535514,41.04866962842906
51287,4.546874749578544,53.32451444114113
51288,-0.7124976974844714,49.67506042377633
51289,22.463169375968754,58.9353479562204
51290,12.591909114343412,55.12657618975242
51291,21.782032284417348,59.20525466544717
51292,10.050957579995385,57.12177267229199
51293,-2.66673573314431,45.923845710968536
51294,12.18302289573055,40.2773353827011
51295,-7.813990390533673,37.950053328452256
51296,12.459125465401696,41.34409355587783
51297,10.34403474344143,41.000693284897025
51298,5.2232496095213525,53.58255485873324
51299,-123.12353963893221,44.38030540239211
51300,-74.36180623177002,39.521188632339246
51301,26.72001523331772,39.425498613656636
51302,3.263948643427667,52.214928402832264
51303,2.9315341916516724,50.67621671413761
51304,-7.516985525404113,43.57437467724073
51305,17.837806489183397,40.33984711698379
51306,3.6326472561073717,52.190227156872645
51307,110.20476507254709,18.5605812748935
51308,52.72810170231356,25.800030748866735
51309,-58.12085509999998,-22.066093800000022
51310,11.895063880285207,41.29955735374989
51311,13.3860875768732,54.90412096063859
51312,109.91052367059984,33.672560499095596
51313,3.9923073395481556,52.03623738959855
51314,115.62916840000004,-16.805729099999997
51315,131.4214433352614,35.137804446486896
51316,-15.419165786927094,28.14661706817892
51317,6.590079815726789,53.73155377300639
51318,9.812822555085333,43.58236959599526
51319,3.855032542048048,52.67981833878099
51320,108.68319111112771,17.763530839072672
51321,33.09106197142858,-28.261782005357155
51322,6.444983898624624,52.88305586415309
51323,3.741651701467278,51.879701904112416
51324,129.45606537630937,27.43894664899189
51325,2.1379533994330755,51.605694692312284
51326,148.9786140875001,-32.650748950000015
51327,126.18858554345289,26.856615586812364
51328,12.531959354415653,39.547707669658486
51329,-2.0426701732800634,48.54445922499835
51330,18.89270943798683,38.289575725915114
51331,116.06939056809524,-12.236983460833333
51332,15.841039006174041,54.14742716971951
51333,-7.198706158149645,43.59081118034183
51334,1.4726087457593104,49.78748197104125
51335,-0.9824316183781644,50.56004213251076
51336,3.8388585147924617,41.413630541299966
51337,6.666979171770383,54.361405511126996
51338,13.598876432699585,40.39774479198017
51339,13.913138302960215,39.70804048801369
51340,-7.810973464819386,37.9593640760713
51341,125.37160141974353,-31.267788561794877
51342,12.700071349609221,42.61481992968172
51343,2.224374845532078,49.76818302263496
51344,127.25983947181116,33.33329901558902
51345,152.13207541577063,-30.8611203399979
51346,3.389718653846154,52.66864140000003
51347,19.602610651044817,57.675634172295716
51348,4.706955185588836,52.92585579683926
51349,109.06030002630358,10.411581646295144
51350,12.732900113326748,54.73441858116241
51351,26.428634216612018,37.36389708099729
51352,-8.396592670835053,40.68409532440163
51353,3.957883312830366,52.00145307380772
51354,-1.3706457599033612,45.81724094704546
51355,-0.9587574607172096,46.09244159005824
51356,6.429860753285284,52.674015250715165
51357,12.373153184814393,54.909274171762256
51358,3.404127286373009,51.534823852388584
51359,12.965138176418149,56.65256328332865
51360,-10.085788653462474,38.174034169228875
51361,-52.29288044218446,36.304171994957116
51362,128.5608866532878,29.969815908020855
51363,0.8935589413154871,50.11101417991557
51364,1.1276369223975309,51.45008034630494
51365,0.8940088868057313,52.44474149878591
51366,3.9852457689641834,54.38103864970288
51367,4.261858060951116,52.899581839171496
51368,3.995530447083803,51.28294289561576
51369,-2.880798758829276,53.27401983189513
51370,8.409733346954683,54.73726246117394
51371,3.405539698847278,51.371562050721856
51372,-0.06273749950450895,37.563824179854755
51373,10.86069091787485,53.94371974789423
51374,-81.0781394396227,24.83437495221251
51375,125.16301470084869,25.9799505559657
51376,-78.99952433521273,32.457755463239735
51377,1.0427719180696224,49.4089569485632
51378,-3.6809253446397605,46.895662840546876
51379,-74.36180503177002,39.52119023233925
51380,4.738670449996459,52.44183329435325
51381,-80.65418577011113,27.10316615348418
51382,-0.8565743710143191,49.99783715416378
51383,0.35209652173399353,47.583732893956594
51384,4.201814455847296,52.04542624645586
51385,12.507510917077653,55.27850702495657
51386,-0.31439845397730964,50.699557439869125
51387,13.186878094155542,40.93778891937899
51388,-88.43690627023086,11.224545242291645
51389,-79.52203547294005,26.45109175073139
51390,-0.6764307287668447,49.693133693244754
51391,2.395509966666668,52.032243149999985
51392,23.51615148151513,37.60308569833333
51393,12.191864829179627,40.280325141034425
51394,18.183202068893536,57.212290634062875
51395,0.5871098085797724,48.065207059227525
51396,-1.0407241658081134,39.3067698859527
51397,26.705091534190743,39.42343872075982
51398,107.20934831492987,8.376555841246498
51399,-0.07699335182028777,38.36219417729249
51400,5.665842025111387,52.62142137584166
51401,0.03134353679685236,49.92090148522627
51402,0.7989872388086026,53.810338345133275
51403,-74.37774650079496,29.92240255479006
51404,2.2988984539222392,51.66274969058859
51405,122.83330366059121,28.807233828610833
51406,-2.6030524412395484,45.92173853692093
51407,23.118682615760946,37.569251623222925
51408,4.546874749578544,53.32451444114113
51409,12.559018422562609,55.03589286447552
51410,-2.0136277640315874,50.273267780342394
51411,18.663076711127747,55.90693538859087
51412,10.050957579995385,57.12177267229199
51413,168.51147319117644,-37.91703334117645
51414,2.9315321233255545,50.676218276403134
51415,22.301686992635393,58.9139375062204
51416,4.7701840823215464,52.148748062960365
51417,8.541272662698773,54.29287249160166
51418,-2.098947939769494,40.475157946285144
51419,-120.88746275822035,38.96513042909655
51420,8.924473168727856,53.84324530763625
51421,12.459125465401696,41.34409355587783
51422,17.696949826683394,40.31077180448379
51423,9.77409211928364,41.87139385499651
51424,10.344038930108097,41.0035732415637
51425,5.260257852410962,53.58262712685011
51426,6.50095369186885,41.041641575095724
51427,17.519057238110666,58.7660488999045
51428,10.398423845490775,42.55729016040075
51429,0.7406173336819721,42.525156742459785
51430,6.660176652055094,38.55389845820188
51431,-2.550891461044576,47.03068757041235
51432,5.300962022915319,53.153555726729365
51433,129.1687031846226,30.12059542953961
51434,33.62080837142858,-28.06847140535716
51435,-3.4089857459121173,40.6294797939645
51436,15.376491218248182,57.753338229381036
51437,-120.36993556836825,38.06593290766152
51438,3.5493209683518585,52.30835162326596
51439,-123.1353138514322,44.38026096655878
51440,20.720072384552914,37.92263388339079
51441,10.168746045476404,41.519072781048244
51442,4.467808119550689,52.73286999183072
51443,5.307588383418983,39.37993587473099
51444,3.2450100489832234,52.2148947222767
51445,8.813910972162374,40.957596890028796
51446,-7.524080794293005,43.5787211816852
51447,-79.37323082635889,28.79499563597831
51448,1.2939905393497113,51.207073238257074
51449,21.78185943441734,59.21126116544717
51450,12.191864829179627,40.280325141034425
51451,-78.99866841521273,32.45374372609689
51452,52.808635832080284,25.7856098294523
51453,33.091974471428586,-28.261974105357158
51454,2.1620179527664094,51.623748763264665
51455,109.91212245393316,33.66425548242893
51456,0.42294001576296836,47.60893725331715
51457,14.408115216064989,37.975779658292794
51458,26.70656427419074,39.42334824075982
51459,-0.6782187287668449,49.692805859911424
51460,-7.198704178982978,43.59081320950849
51461,108.68775761112775,17.76640033907267
51462,3.3926019538461545,52.669011500000025
51463,-78.92169431260217,33.60091960731971
51464,8.412316696954683,54.73721366117394
51465,-15.419170828861827,28.14660821771971
51466,12.531959354415653,39.547707669658486
51467,19.757304684552913,37.793625293390804
51468,-74.37680153829497,29.920583519075777
51469,18.896789104849578,38.28834171748374
51470,116.07333216809526,-12.226844960833333
51471,138.59470277351872,35.018494279049804
51472,-2.5549981610445758,47.02970767041236
51473,1.4725975457593106,49.787481071041256
51474,15.841038175459754,54.14742638757665
51475,-0.979420678378164,50.55760722251077
51476,-79.04640788110794,25.902101474838688
51477,3.8161514750954924,41.401709193219155
51478,6.72332555686318,54.36516934197174
51479,9.8054861911546,43.58851467871223
51480,13.64307894603292,40.33894903379835
51481,-7.808487090533672,37.957746061785585
51482,3.855032542048048,52.67981833878099
51483,11.903681663019734,41.33365085698099
51484,126.2631117487179,-31.565990479487176
51485,-52.29208882885113,36.30290064829044
51486,12.699510682942554,42.61394736301506
51487,2.224374845532078,49.76818302263496
51488,13.913138302960215,39.70804048801369
51489,12.732900113326748,54.73441858116241
51490,3.9836114300243457,52.03830229316997
51491,127.25359255769744,33.18009546144673
51492,152.13343261577063,-30.8603783399979
51493,19.602879401044817,57.67515827229571
51494,4.706955185588836,52.92585579683926
51495,109.06084332630357,10.411118846295146
51496,-1.3706454599033615,45.81724134704545
51497,-0.9587570607172096,46.09244199005824
51498,-8.398446870835052,40.68279442440163
51499,26.428634216612018,37.36389708099729
51500,6.429860753285284,52.674015250715165
51501,0.5871097585797724,48.06520745922753
51502,3.404127286373009,51.534823852388584
51503,6.444983898624624,52.88305586415309
51504,-10.085769253462475,38.17453175384426
51505,128.57905229601505,30.074568792566307
51506,0.8884731963154872,50.10384148491558
51507,3.729247338967278,51.87779968466797
51508,-2.8913968417958085,53.27411648713325
51509,4.261850975951115,52.9058143291715
51510,1.1276369223975309,51.45008034630494
51511,3.9792714689641837,54.38035219970288
51512,0.8940088868057313,52.44474149878591
51513,3.970978860337473,51.289346396262154
51514,-88.43727817023085,11.226964142291644
51515,3.405539698847278,51.371562050721856
51516,3.4960043594043713,51.53723905602425
51517,148.9867829875001,-32.653246250000024
51518,10.86069091787485,53.94371974789423
51519,126.19778519345289,27.07098533681237
51520,125.17746229751536,26.08256419263236
51521,-80.9322707396227,24.777518752212508
51522,-1.5961587529262937,37.88213840312038
51523,3.957883312830366,52.00145307380772
51524,12.647327976474385,41.132491470609146
51525,115.59628810000002,-16.773090199999995
51526,-3.6819338446397603,46.89518454054688
51527,5.671273152969826,52.62224761223005
51528,-80.63863860443014,26.886100823121204
51529,8.540679512698775,54.29369909160167
51530,-1.1232505059785662,49.74606046163757
51531,1.0026668180696228,49.4864129485632
51532,-58.121293099999974,-22.06803170000002
51533,13.408956573464108,54.88664893781391
51534,8.813395522162375,40.95934348169546
51535,129.45721347630936,27.4385909489919
51536,4.202484187852125,52.004427030755366
51537,0.789802184641936,53.80633364096659
51538,8.910422633727855,53.83014830763627
51539,12.559076122562606,55.03578586447552
51540,-2.098225021019494,40.47714712753514
51541,18.208022343135962,57.22537974466894
51542,3.5493209683518585,52.30835162326596
51543,-0.31439845397730964,50.699557439869125
51544,107.22208241492989,8.3802746412465
51545,0.026214836796852374,49.92394398522626
51546,5.276897375592781,53.582751887304646
51547,2.393057216666668,52.0300072
51548,4.546874749578544,53.32451444114113
51549,10.741700121624804,39.084542478509285
51550,4.741044249996458,52.441764994353264
51551,22.2812826926354,58.91228920622039
51552,-2.0426701732800634,48.54445922499835
51553,4.767654182321546,52.14855616296037
51554,12.373153184814393,54.909274171762256
51555,25.988805199127484,36.75687834283673
51556,2.4988910530774824,51.79007274924399
51557,-7.519133394293004,43.57929498168519
51558,-2.0136277640315874,50.273267780342394
51559,18.663076711127747,55.90693538859087
51560,10.050957579995385,57.12177267229199
51561,-120.88625934155371,38.965289379096546
51562,2.9315320273659573,50.67621837842333
51563,6.773511548665485,39.769919138998425
51564,122.5701777605912,28.62449992861083
51565,6.278095691868848,41.03782484509573
51566,-74.36180523177002,39.52118953233925
51567,12.459125465401696,41.34409355587783
51568,5.402378680285341,38.65299218300672
51569,17.682034993350065,40.3162912044838
51570,10.343982896774765,41.00545857489703
51571,-0.07522200896314496,38.35747656300678
51572,33.61586067142858,-28.068875705357158
51573,21.780682934417346,59.20732341544716
51574,10.164997395476403,41.50414779771492
51575,-1.0476240658081135,39.314398885952706
51576,5.300962022915319,53.153555726729365
51577,129.16592518462258,30.11881882953961
51578,-120.37153506836825,38.06510260766152
51579,1.2750114150253866,51.16576530582464
51580,17.519248038110664,58.7671725999045
51581,-3.170787142553909,40.63878927291972
51582,10.398423845490775,42.55729016040075
51583,15.37067941824818,57.75253087938103
51584,0.2985372639210204,42.39503565493813
51585,12.964491176418148,56.65151028332864
51586,12.504394417077652,55.276803824956566
51587,-80.34978804370247,27.87491517290416
51588,6.590079815726789,53.73155377300639
51589,-2.5875749864776427,45.92620678930188
51590,22.54996084818181,37.48176599833334
51591,4.467808119550689,52.73286999183072
51592,168.52930169117644,-37.94649684117646
51593,9.77409211928364,41.87139385499651
51594,-123.12211663893223,44.379828402392114
51595,3.2450100489832234,52.2148947222767
51596,-58.12131229999998,-22.06815840000002
51597,6.225627358553279,39.066966457562955
51598,19.757356384552914,37.79359279339081
51599,9.278579147902096,40.41310985000001
51600,-79.16418825209738,25.85314405427569
51601,1.582681595786665,49.19438626011399
51602,109.91190205393318,33.66364373242893
51603,-79.0011909318794,32.45473170943022
51604,11.894686487592692,41.29891023915457
51605,-15.41915948370157,28.146618436647117
51606,12.531959354415653,39.547707669658486
51607,-2.1117291152304505,47.19860415906965
51608,1.2097758374882743,50.43807673046106
51609,108.69307311112775,17.76045353907267
51610,-4.978976424483414,42.31558215093789
51611,109.09368712630356,10.293549746295149
51612,-3.715697318946037,46.25731897215674
51613,148.98770618750012,-32.653918350000005
51614,2.153461172210854,51.62539534069522
51615,126.27198702126675,27.104279493630543
51616,-80.8082009396227,24.67330065221251
51617,-8.848360959832302,46.096886909288266
51618,-6.270870894643952,41.49350697130119
51619,2.3574673166666678,52.027510000000014
51620,0.025983336796852326,49.92455938522626
51621,-1.2911639184405004,47.3938435105263
51622,4.769759582321546,52.14924146296037
51623,2.6333024573032486,51.791916986870525
51624,18.89592943773397,38.2890288281909
51625,12.2989738071396,40.097424630575915
51626,116.33047886809527,-12.261333660833332
51627,0.23016407222222207,51.04759517777776
51628,-7.228228503306286,43.528888972917024
51629,4.807614108821587,51.64562913758914
51630,15.729553160324622,54.14054645993538
51631,28.18793153963002,36.21430582466552
51632,-11.667488078577001,34.629525406773865
51633,3.4960043594043713,51.53723905602425
51634,-2.6704168030960647,48.695411432621675
51635,115.59634130000003,-16.767315600000003
51636,12.923502744492849,42.190485429867394
51637,13.554918690477363,40.39742268935391
51638,-1.2655259999999986,42.33561859999998
51639,0.7210609945497568,45.44998457927306
51640,3.8226648072383487,41.40377159440965
51641,127.02477459999996,-31.23390519999999
51642,13.913138302960215,39.70804048801369
51643,12.701455507942555,42.61732283801506
51644,-79.43047528233987,31.792865004591114
51645,-2.7789483460312687,43.786452866592455
51646,127.14878153205063,33.15486369766889
51647,152.10123590465952,-30.925955976109012
51648,2.365220673945186,51.64024383654774
51649,-5.404085738528139,45.343484805844156
51650,9.812575799999996,57.70996090000005
51651,26.428634216612018,37.36389708099729
51652,-8.396887949283327,40.68220096147059
51653,6.429861096063061,52.67401554918739
51654,3.241660048983223,52.214890747276705
51655,-2.41976956549821,38.13674130370743
51656,-10.085769253462475,38.17453175384426
51657,128.57965748229165,30.074198778710503
51658,-7.4367255669841255,41.701559141060535
51659,-8.164758366362477,39.15761427338236
51660,14.95949753702481,58.9390288261359
51661,129.44377057630933,27.4304429489919
51662,0.8940088868057313,52.44474149878591
51663,4.262700346415914,52.907117196305265
51664,-2.876379447777779,48.21384968
51665,-7.182703046230143,41.24117665074389
51666,8.414749096954685,54.735920961173946
51667,-8.475733832160161,39.8973509741387
51668,-1.815351834804054,45.650327110427625
51669,10.398423845490775,42.55729016040075
51670,10.86069091787485,53.94371974789423
51671,-2.5884002709547054,37.99264401297039
51672,125.1770764630165,26.082778446711618
51673,6.590079815726789,53.73155377300639
51674,12.732900113326748,54.73441858116241
51675,12.646619176474385,41.133176770609154
51676,13.401071823464111,54.892670221147256
51677,10.182466312143072,41.44472361438158
51678,3.3929183538461536,52.673789000000035
51679,-0.37038569050000303,49.353314655679426
51680,138.6033523427495,35.01178083289596
51681,11.463336999999994,37.006944799999985
51682,-74.34993315829497,29.920393509075776
51683,-74.36180623177002,39.521188632339246
51684,2.4103263498221357,39.384940937004565
51685,5.1552523629227025,38.68047856146825
51686,33.61956937142858,-28.06857380535716
51687,12.401220391481058,54.92175294009559
51688,15.356911818248177,57.74960007938105
51689,0.20440566392102036,42.43694875493813
51690,-120.31497816836826,38.03491570766152
51691,3.586377034713786,52.32198582614018
51692,0.848226526705428,53.834334196720555
51693,-88.44713507023086,11.224969442291645
51694,8.82034042670783,40.95770403775607
51695,-7.517620594293004,43.578742081685185
51696,22.55017540818182,37.47442459500001
51697,13.585339708257289,38.99934391032914
51698,-9.17408123037557,38.11680111471591
51699,-2.057170792813445,46.981144656038516
51700,12.459125465401696,41.34409355587783
51701,17.689856740455976,40.2325437661012
51702,10.344047403441431,41.00542100489702
51703,-123.11585193893222,44.37549090239211
51704,21.776506034417345,59.20438891544716
51705,-80.64862688683277,26.869903705321775
51706,-4.232668344119145,42.873875522112755
51707,-3.209271531445,44.335520995381266
51708,-0.7396793136803039,44.40201754978899
51709,107.24213976492987,8.3857258912465
51710,22.26377035930207,58.90418563955373
51711,-0.07522200896314496,38.35747656300678
51712,-2.254272219810976,46.02763622263521
51713,-2.026323449999999,50.352863450000015
51714,-1.0534900696176372,39.31890689785747
51715,-2.9344538923232335,47.687232741818185
51716,19.593341721984984,57.667020716953836
51717,1.088409515025387,51.06867880582464
51718,5.865663286014888,41.29874599620315
51719,12.968051124037197,56.657382259519125
51720,26.504390985071623,38.459094046415515
51721,12.504452117077651,55.27693932495657
51722,-81.14188418889347,27.485858766163414
51723,8.543086912698774,54.292362591601666
51724,-6.127586640695265,40.795433750001074
51725,-2.0816549331586396,37.99527684347068
51726,12.559076122562606,55.03578586447552
51727,9.77409211928364,41.87139385499651
51728,18.663076711127747,55.90693538859087
51729,19.437581564632925,39.54869122015874
51730,153.92704720000017,-34.310941499999984
51731,-0.37391005978733916,50.1341380621562
51732,122.57017771059121,28.62450072861083
51733,16.211373569748403,59.90849204884177
51734,-52.210889428851125,36.44890074829044
51735,-120.89966957488701,39.077531559096556
51736,129.15890508462257,30.114437829539607
51737,18.20169838287955,57.223276926720224
51738,-6.101790835256411,40.85143165000001
